2.689059e-01
1.400208e+03
2.449338e+01
3.422108e+01
2.138697e+01
2.211310e+02
1.229698e+00
1.441745e-04
5.179809e-03
1.064223e-03
3.355125e+00
4.792382e+04
3.917775e+00
4.223810e-03
1.268282e-02
1.148366e-01
2.034074e-01
1.330588e+06
1.708317e-03
4.325547e+02
2.780330e-01
3.224236e+04
3.957685e+00
5.717521e-01
1.486450e-02
2.533845e-01
2.566127e+01
2.981755e+02
1.934655e+00
9.323190e+00
6.384998e-01
4.056403e+04
2.366950e+01
1.556242e+01
4.256239e-01
7.194115e+01
2.162630e+00
1.693593e-03
1.115815e-03
1.366756e-04
8.068783e+00
1.643812e+03
2.106596e-04
3.544941e+02
3.215053e+00
1.107622e-01
1.088036e+00
1.566029e-01
1.204772e+00
9.495665e+03
1.593709e-01
3.198411e+03
3.971371e-02
3.402811e-02
1.555712e-03
1.589409e+01
4.850679e-01
1.941511e-01
2.353263e+00
3.824865e+01
2.776423e-02
3.485294e+00
1.101395e+00
5.353006e-01
2.021843e+00
2.060736e-04
8.713409e-04
6.952050e-03
8.613659e-05
1.353865e-02
4.370466e-01
7.323163e-05
6.503196e-03
2.489264e+00
2.793891e+02
