2.411377e-01
2.567487e+03
2.692037e+01
5.324411e+01
1.709499e+01
1.231926e+02
1.365055e+00
2.877369e-04
3.732561e-03
1.345816e-03
6.355061e+00
6.708282e+04
4.016779e+00
5.067382e-03
1.538380e-02
1.951008e-01
1.798935e-01
1.352920e+06
3.717105e-03
5.308150e+02
3.678785e-01
7.260116e+04
4.210188e+00
6.913771e-01
2.333315e-02
2.513961e-01
4.016818e+01
5.827973e+02
2.945326e+00
1.124181e+01
1.062958e+00
6.368646e+04
3.842856e+01
2.923959e+01
6.311615e-01
6.793175e+01
2.304737e+00
9.175985e-04
2.161854e-03
7.769791e-05
3.977866e+00
2.173638e+03
6.062536e-04
2.523977e+02
9.613449e+00
1.559715e-01
2.359999e+00
3.312934e-01
7.395630e-01
5.319552e+03
2.705478e-01
4.601821e+03
1.379444e-02
4.711876e-02
6.847445e-04
2.135273e+01
4.343850e-01
1.137445e-01
9.888563e-01
2.727177e+01
2.959446e-02
7.246768e+00
1.705469e+00
4.767527e-01
1.678497e+00
1.709074e-04
6.496262e-04
2.934164e-03
8.044062e-05
6.552825e-03
3.183262e-01
7.140900e-05
1.885534e-02
2.561221e+00
4.758553e+02
