2.922218e+00
9.393592e+02
1.210219e+02
1.396296e+01
2.169697e+02
3.151822e+01
1.170681e+00
1.097963e-04
7.981224e-03
2.862136e-03
6.813432e-01
1.882602e+04
1.452455e+00
1.884894e-03
7.646264e-02
1.270558e-02
8.807773e-02
1.089105e+05
1.060033e-03
4.929331e+01
2.390794e+00
7.689794e+04
4.268792e+01
2.426997e+00
1.187855e-02
1.353441e-01
8.329018e+00
3.467903e+02
1.541565e+00
2.519311e+00
1.200086e+00
1.081787e+05
3.008449e+00
1.623224e+01
1.174322e+00
1.771024e+03
1.845648e+00
2.159504e-03
1.588606e-03
5.913267e-05
8.647756e+01
5.399020e+03
1.299697e-03
4.779339e+02
8.710637e-01
6.081645e-02
9.610843e-02
3.567621e-01
1.551383e-01
2.136633e+04
1.415270e-02
1.676667e+02
2.364303e-02
1.063042e-02
2.577150e-04
9.275927e+00
1.462113e+00
6.141457e-02
5.456958e-01
8.624331e+01
4.417024e-03
1.193308e+00
4.348074e+00
2.390592e-01
1.817452e+00
2.771267e-04
6.246648e-03
1.692187e-02
3.521042e-05
5.964449e-02
5.446882e-01
1.076765e-05
1.771919e-03
2.459634e+00
1.063441e+02
