1.823007e-01
4.865027e+02
2.155889e+01
4.741243e+01
7.953176e+01
1.420599e+02
1.884221e+00
3.862023e-05
3.274556e-03
1.206615e-03
7.104237e+00
2.559743e+04
1.929971e+00
7.602997e-04
5.152544e-02
1.330302e-02
8.803251e-02
3.057457e+05
6.377682e-03
1.044273e+02
4.357610e-01
4.724882e+04
1.380576e+01
8.331347e+00
1.543160e-02
1.077457e-01
1.460318e+01
3.942351e+02
1.420719e+01
1.001916e+01
4.535205e-01
7.789431e+04
8.272863e+00
1.579427e+01
1.189923e+00
3.476008e+02
1.823256e+00
1.901937e-03
6.437074e-04
1.047285e-04
9.386768e+00
2.362408e+03
1.982169e-04
1.101905e+03
5.529715e-01
4.282211e-02
7.693633e-01
7.130886e-02
2.252164e-01
4.992898e+03
2.389462e-01
8.448863e+02
3.934569e-02
8.793597e-02
3.613232e-03
2.043557e+01
1.739060e-01
9.858787e-02
1.518966e+00
5.547224e+01
3.218904e-03
6.361643e+00
1.889815e+00
2.579124e-01
2.103377e+00
4.721503e-04
1.064061e-03
1.107784e-03
2.719176e-05
7.321968e-03
1.446932e-01
1.421948e-05
7.268875e-03
1.362572e+00
2.006696e+02
