3.936765e-01
8.601563e+02
1.559475e+01
8.303282e+00
5.662853e+01
1.586167e+03
1.297773e+00
6.749121e-05
1.180427e-02
4.337706e-03
5.636949e-01
1.165497e+05
9.864800e+00
1.298629e-03
6.893879e-02
2.326663e-02
3.256331e-02
6.042129e+06
5.648117e-02
1.849209e+02
1.304720e-01
6.587968e+04
1.367264e+00
2.823935e-01
4.599637e-02
4.708153e-02
2.629497e+00
1.239858e+02
5.653169e+00
1.781208e+00
1.463023e-01
4.107155e+04
3.161754e+01
4.721705e+00
6.552142e-02
1.095058e+02
3.479341e+00
1.119832e-03
1.189349e-03
3.319156e-05
1.124483e+00
4.421229e+03
1.781239e-03
8.942825e+01
2.203109e+00
1.262922e-01
1.129072e+00
1.888815e-01
1.960788e-01
3.965514e+04
9.507274e-02
2.974240e+03
1.485268e-02
9.118085e-02
5.575963e-04
5.551328e+00
3.973207e+00
1.034227e+00
4.040238e-01
7.743538e+00
2.749163e-02
1.120220e+00
8.263087e-01
8.653296e-01
1.293381e+00
2.491377e-03
6.442196e-04
1.657281e-02
1.671729e-04
2.415974e-02
3.969506e+00
2.747339e-05
5.581961e-03
4.000000e+00
2.353245e+02
