2.298566e+00
1.033220e+03
2.848011e+01
3.227013e+01
8.468065e+01
6.925148e+01
3.671642e+00
4.445237e-05
4.501625e-02
2.596349e-03
1.457450e+00
2.370127e+05
6.869131e+00
4.839392e-03
8.881699e-02
2.942661e-01
3.696559e-02
2.658437e+05
4.467218e-03
2.762155e+03
2.584915e-01
1.838240e+05
1.470901e+00
4.538332e-01
2.052921e-02
1.258495e-01
5.445261e+00
3.177815e+03
5.910487e+00
2.397097e+01
1.869382e-01
2.885085e+04
8.093919e+01
9.030160e+00
1.900243e+00
1.334428e+02
3.048919e+00
6.084898e-04
1.486728e-03
5.987531e-05
1.855750e+00
8.593273e+03
2.590177e-04
7.179316e+01
8.320624e+00
5.099876e-01
8.696973e-02
9.735907e-01
1.587067e+00
1.095943e+03
3.413756e-01
9.478218e+02
1.164497e-01
6.518196e-03
1.249412e-03
2.000669e+01
2.952690e+00
3.468487e-01
1.540783e+00
3.767686e+01
1.053464e-01
1.158071e+01
2.137580e+00
1.271145e-01
2.472444e+00
1.115366e-03
3.403105e-04
7.537710e-03
8.463134e-05
1.881564e-02
1.911268e-01
3.172742e-05
3.057130e-03
2.061512e+00
8.871665e+01
