2.790772e-01
2.631330e+03
2.375482e+01
4.794646e+01
1.718580e+01
2.037560e+02
1.400135e+00
1.675991e-04
4.994920e-03
1.173567e-03
3.980905e+00
5.558155e+04
2.576888e+00
5.584629e-03
1.843636e-02
1.700935e-01
1.534183e-01
7.792224e+05
3.793467e-03
1.124217e+03
2.813401e-01
4.604893e+04
3.046990e+00
5.142273e-01
2.134574e-02
5.216781e-01
2.828183e+01
4.774184e+02
2.043303e+00
1.302148e+01
8.355071e-01
5.974737e+04
2.622101e+01
2.171711e+01
3.826389e-01
8.156562e+01
2.011354e+00
1.052404e-03
1.539627e-03
1.208387e-04
4.222155e+00
2.224904e+03
2.218376e-04
3.803489e+02
3.700130e+00
1.690537e-01
1.355911e+00
1.869191e-01
8.560348e-01
4.934222e+03
1.576038e-01
4.210922e+03
3.652255e-02
4.111556e-02
1.182763e-03
1.692139e+01
3.892139e-01
1.338067e-01
1.719922e+00
2.645708e+01
3.990817e-02
5.019103e+00
1.011841e+00
3.983709e-01
1.892100e+00
1.524224e-04
5.725497e-04
4.768105e-03
1.262801e-04
5.953126e-03
3.087947e-01
9.681264e-05
9.298952e-03
2.804571e+00
3.303128e+02
