1.471957e-01
3.547423e+02
2.013769e+01
4.750857e+01
1.109612e+02
1.512671e+02
1.853080e+00
4.167154e-05
3.575127e-03
1.167571e-03
9.060271e+00
2.568730e+04
2.199703e+00
9.612305e-04
5.195056e-02
9.749975e-03
8.069077e-02
2.249288e+05
6.467341e-03
1.204243e+02
4.837382e-01
5.898580e+04
1.404852e+01
7.780499e+00
1.588096e-02
9.768624e-02
1.200386e+01
2.862796e+02
1.081536e+01
1.139481e+01
5.007371e-01
7.328757e+04
9.352391e+00
2.075544e+01
1.104932e+00
4.256180e+02
1.635904e+00
1.541575e-03
7.640264e-04
1.124027e-04
6.404855e+00
2.161775e+03
2.345756e-04
1.072165e+03
4.880277e-01
3.864413e-02
7.749627e-01
6.050326e-02
2.769387e-01
4.047914e+03
2.038511e-01
8.882397e+02
2.948091e-02
9.588788e-02
3.056911e-03
1.505935e+01
1.760212e-01
6.606069e-02
1.499933e+00
4.613236e+01
2.639838e-03
8.689537e+00
1.675337e+00
2.476202e-01
1.979788e+00
3.827530e-04
9.919369e-04
1.361715e-03
2.938886e-05
7.307861e-03
1.424618e-01
1.100836e-05
6.346235e-03
1.424066e+00
2.001960e+02
