3.008368e+00
1.599495e+03
2.086435e+01
2.002496e+01
7.416292e+01
7.974676e+01
3.876458e+00
2.834410e-05
2.084226e-02
2.930324e-03
3.584615e+00
2.586621e+05
5.572104e+00
4.922578e-03
1.846134e-01
2.963025e-01
3.481233e-02
2.024776e+05
3.840298e-03
3.027031e+03
1.525874e-01
6.470267e+04
2.539605e+00
3.338274e-01
2.050661e-02
1.469534e-01
9.163999e+00
2.988415e+03
9.348926e+00
2.682554e+01
1.856621e-01
2.631074e+04
1.237903e+02
8.436828e+00
3.764473e+00
9.142865e+01
3.685710e+00
9.090556e-04
1.543534e-03
6.655315e-05
3.142115e+00
7.202999e+03
3.164684e-04
8.722004e+01
1.325918e+01
5.957955e-01
7.843548e-02
1.085155e+00
7.930378e-01
8.965379e+02
3.812657e-01
1.193473e+03
1.115388e-01
7.544541e-03
1.286289e-03
3.019925e+01
3.477189e+00
6.742447e-01
1.482979e+00
3.844589e+01
1.123485e-01
9.704544e+00
2.479556e+00
1.694344e-01
2.781544e+00
2.051719e-03
3.581646e-04
4.460866e-03
5.828578e-05
2.055517e-02
2.125997e-01
3.793603e-05
3.490710e-03
1.889119e+00
8.251537e+01
