9.753675e-02
2.922777e+02
1.657752e+01
3.838981e+01
2.001001e+01
2.086321e+02
1.811043e+00
1.895205e-04
9.697990e-03
2.131234e-03
1.320420e+01
4.456209e+04
2.483725e+00
2.737557e-03
1.158885e-02
7.481425e-02
2.038241e-01
5.029370e+05
1.718695e-02
4.218391e+02
1.093383e+00
6.379941e+04
7.968434e+00
1.279915e+00
3.156438e-02
2.555764e-01
1.131980e+01
4.913350e+02
4.714801e+00
1.353950e+01
1.024380e+00
8.056076e+03
2.385793e+01
2.090638e+01
1.235552e+00
3.056776e+02
1.195756e+00
3.109060e-03
1.440307e-03
9.878644e-05
9.123766e+00
8.460126e+03
5.544054e-04
2.887077e+02
4.623107e+00
3.597159e-02
6.837664e-01
7.317339e-02
1.108415e+00
1.613528e+03
9.422938e-02
8.087989e+02
1.415915e-01
7.873398e-02
1.238416e-03
1.636674e+01
1.389079e+00
2.059857e-01
1.129490e+00
3.644267e+01
1.677795e-02
7.441187e+00
7.427759e-01
3.606317e+00
2.680962e+00
2.636829e-04
6.485827e-04
1.826952e-03
3.401553e-05
4.889721e-02
2.723937e-01
3.686295e-05
2.022877e-02
1.875833e+00
2.893880e+02
