9.670390e-02
3.336896e+02
1.755800e+01
3.908226e+01
2.036459e+01
1.580638e+02
1.898835e+00
1.944167e-04
1.105908e-02
2.137997e-03
1.305170e+01
4.444586e+04
3.080697e+00
2.750958e-03
9.250056e-03
7.259005e-02
1.916901e-01
7.485780e+05
1.674160e-02
3.169870e+02
7.745315e-01
6.345572e+04
8.651564e+00
1.489535e+00
3.401114e-02
1.935669e-01
1.131436e+01
7.049392e+02
3.264254e+00
1.113936e+01
7.593419e-01
7.125295e+03
2.186542e+01
2.390348e+01
1.219677e+00
1.806622e+02
1.279950e+00
3.341096e-03
1.716235e-03
6.118242e-05
1.198518e+01
7.829502e+03
6.459645e-04
2.870679e+02
4.938466e+00
4.630232e-02
8.053531e-01
1.135614e-01
9.564490e-01
2.624272e+03
1.140878e-01
1.483856e+03
1.463376e-01
7.360714e-02
1.038824e-03
1.934863e+01
1.226872e+00
1.667089e-01
7.334056e-01
3.657945e+01
2.218859e-02
7.917182e+00
9.201953e-01
2.852400e+00
2.728508e+00
3.592126e-04
6.591827e-04
2.076960e-03
2.889197e-05
5.512565e-02
4.088766e-01
3.252282e-05
1.526778e-02
1.734525e+00
2.485784e+02
