4.644701e-01
4.118074e+02
3.950416e+01
1.541868e+02
9.721501e+01
1.616350e+02
1.276059e+00
1.579657e-04
1.018589e-02
1.791865e-03
5.268329e+00
4.787630e+03
1.303164e+00
2.099141e-04
9.397115e-02
2.149272e-01
7.857250e-02
2.480076e+05
9.013138e-03
5.362268e+01
2.402759e-01
1.042409e+05
1.739084e+01
2.189271e-01
1.534483e-02
2.299363e-01
9.945329e+01
1.690365e+02
1.303728e+00
5.442057e+01
2.022510e+00
1.488373e+05
3.555662e+00
5.252124e+01
5.386415e-01
2.789683e+01
1.245919e+00
2.108195e-02
6.775126e-04
1.250881e-05
1.975045e+00
1.497513e+04
1.948282e-04
6.955918e+02
1.187154e+00
7.649190e-03
5.664976e-01
3.734481e-02
6.091670e-01
5.694779e+02
1.906155e-01
2.714262e+02
1.678661e-02
1.797388e-01
7.919866e-03
4.276737e+01
1.321434e+00
3.788198e-01
1.135788e+01
7.842458e+01
1.290394e-02
7.708400e+00
2.053169e-01
2.148549e+00
3.319200e+00
6.569572e-04
1.267748e-02
1.050699e-02
3.228904e-04
3.085251e-03
1.521915e+00
1.258160e-05
1.820835e-03
3.486176e+00
9.476376e+01
