7.784008e-02
9.571425e+02
4.118013e+01
2.539941e+02
4.051134e+01
1.105851e+02
2.145716e+00
1.735375e-04
1.209359e-02
2.961174e-03
1.607993e+01
1.596037e+05
1.666245e+00
1.512815e-03
2.097950e-02
6.415299e-02
1.796046e-01
4.004933e+05
3.413070e-03
2.810470e+02
2.936518e+00
9.676736e+04
4.962077e+01
8.970394e-01
7.360788e-02
1.486731e-01
1.331348e+01
2.223136e+02
1.133623e+01
8.305322e+01
1.230767e+00
2.926545e+04
1.614251e+01
3.025093e+01
3.623444e+00
1.916384e+02
1.852981e+00
5.724012e-03
4.169759e-04
8.510057e-05
4.944813e+00
1.183242e+04
2.450584e-04
4.544226e+02
9.964716e-01
6.534586e-02
2.110007e+00
1.078371e-01
4.832003e-01
9.358571e+03
2.510224e-01
6.078798e+02
7.767420e-02
1.510780e-01
9.407439e-04
1.417876e+01
4.508230e-01
4.326411e-01
1.205013e+00
4.428984e+01
2.347891e-02
8.033447e+00
5.845954e-01
2.250639e-01
2.117989e+00
1.029883e-03
3.734942e-03
2.513916e-03
3.781376e-05
1.749649e-02
2.638180e-01
1.224051e-04
3.777529e-02
3.616994e+00
3.110411e+02
