1.430358e-01
3.639418e+02
1.902695e+01
4.505467e+01
1.269646e+02
2.002453e+02
2.028679e+00
3.160007e-05
3.460318e-03
1.525702e-03
7.274704e+00
3.135679e+04
2.725264e+00
7.023621e-04
6.616609e-02
9.932776e-03
1.190494e-01
1.989596e+05
6.498028e-03
1.241021e+02
5.649635e-01
7.512076e+04
1.572972e+01
8.112107e+00
2.566019e-02
1.127499e-01
1.238114e+01
3.184487e+02
9.091173e+00
1.654446e+01
5.980930e-01
8.862434e+04
8.853546e+00
2.321941e+01
1.570384e+00
5.842636e+02
1.678802e+00
1.694341e-03
8.548102e-04
1.250896e-04
4.862366e+00
2.415544e+03
2.639419e-04
1.218463e+03
5.726096e-01
3.958207e-02
8.527655e-01
3.633900e-02
2.659327e-01
4.405147e+03
2.120366e-01
8.145012e+02
2.784965e-02
9.878837e-02
4.072149e-03
1.525639e+01
1.713396e-01
8.726185e-02
1.445441e+00
4.861017e+01
3.112512e-03
9.861132e+00
2.171315e+00
2.689424e-01
2.093536e+00
5.679369e-04
8.040075e-04
1.141234e-03
3.276531e-05
5.872902e-03
1.377820e-01
1.192634e-05
6.527105e-03
1.447234e+00
1.953867e+02
