3.038294e-01
7.655959e+02
1.767051e+01
2.978032e+01
1.700057e+01
2.582956e+02
1.668777e+00
1.320154e-04
1.075224e-02
2.281863e-03
7.200001e+00
8.184456e+04
1.244588e+00
1.165719e-03
3.556011e-02
2.940615e-02
2.241983e-01
2.143362e+05
8.794304e-03
3.527070e+02
4.144354e-01
6.023984e+04
1.932939e+01
9.874044e-01
3.833591e-02
1.295260e-01
2.708840e+01
2.109336e+02
2.686073e+00
1.037160e+01
4.486078e-01
5.431856e+04
1.940951e+01
2.413709e+01
1.444180e+00
1.489271e+02
1.656496e+00
1.439396e-03
1.099472e-03
7.223226e-05
3.608621e+00
1.246026e+04
6.361876e-04
3.115517e+02
3.210385e+00
1.384181e-01
9.414208e-01
5.578106e-02
5.838984e-01
2.725177e+03
8.094957e-02
8.834615e+02
3.965171e-02
4.829265e-02
1.461503e-03
1.275678e+01
5.766202e-01
1.787755e-01
1.659358e+00
1.917265e+01
1.442263e-02
6.195853e+00
1.031637e+00
4.844902e-01
2.075037e+00
1.100608e-04
3.553453e-04
1.428509e-03
3.273044e-05
9.177321e-03
9.853593e-01
4.290944e-05
4.026662e-03
2.484462e+00
1.703913e+02
