6.579646e-02
1.882508e+02
1.803118e+01
8.278576e+00
2.279242e+01
6.171407e+01
1.000000e+00
2.748499e-04
2.134564e-03
6.914898e-04
5.636949e-01
2.583524e+04
3.002436e+00
4.318749e-04
5.618774e-02
3.800242e-02
1.414609e+00
7.355987e+04
4.017911e-03
5.136939e+01
5.503461e-02
5.789114e+03
4.484266e+01
1.811910e-01
2.656486e-02
5.589559e-01
1.923118e+00
9.105255e+02
2.163526e+01
9.811982e+01
1.592318e-01
1.008594e+04
2.525963e+01
4.867341e+01
8.562870e-02
3.619911e+01
2.356841e+00
1.442594e-03
1.635556e-03
1.388390e-05
2.352082e+00
1.815810e+04
2.285570e-04
1.865473e+02
1.628325e+00
2.509534e-01
2.425216e-01
8.685671e-01
2.328512e-01
6.714929e+03
1.818474e-02
2.555070e+03
7.889710e-02
1.172237e-01
2.457461e-04
1.677269e+01
1.090132e-01
3.398596e-02
2.539857e-01
7.811858e+01
1.646825e-03
3.288780e+00
6.227811e+00
7.788797e-02
2.328927e+00
2.814004e-05
1.556693e-03
2.738216e-04
4.241210e-06
1.194367e-02
1.325386e-01
1.611395e-04
1.665446e-02
1.880750e+00
3.442465e+02
