4.016758e-01
3.070415e+03
1.529015e+01
2.959950e+01
2.908202e+01
1.966240e+02
2.187637e+00
7.016469e-05
2.380679e-03
5.624281e-03
2.711205e+01
1.968876e+05
3.598745e+00
3.536953e-04
3.493494e-02
9.772670e-03
1.795646e-02
2.546525e+05
5.295529e-02
2.825607e+03
3.512350e-01
1.947311e+04
1.908993e+01
4.942604e+00
3.497966e-02
3.414274e-01
5.806427e+00
2.930107e+03
2.872818e+00
3.189477e+00
1.175806e-01
4.121129e+03
5.800607e+00
5.834585e+00
1.944799e-01
2.376342e+01
1.403399e+00
1.484025e-03
7.554886e-04
6.125874e-05
4.019910e+01
3.689441e+04
4.773383e-04
2.466583e+02
1.125360e+01
6.480914e-01
6.428802e-01
9.846658e-01
4.445086e-01
3.992061e+02
3.583831e-02
1.521353e+02
2.241599e-02
1.819732e-02
2.860234e-04
6.954903e+01
6.860205e+00
5.027785e-01
7.823872e+00
3.045844e+01
8.235987e-03
6.710409e+01
3.087894e+00
1.093206e+00
3.239773e+00
1.542265e-04
3.542310e-04
2.430267e-02
5.135575e-06
2.739558e-03
1.186326e+00
1.069155e-05
4.718372e-03
2.533695e+00
2.683475e+02
