3.783904e-01
1.369788e+03
1.768526e+01
3.518554e+01
3.046165e+01
1.990719e+02
1.656170e+00
8.231472e-05
1.713332e-03
3.487616e-03
2.075185e+01
8.054067e+04
1.530868e+00
8.482441e-04
6.174172e-02
1.622035e-02
2.257606e-02
2.699214e+05
4.578815e-02
1.689014e+03
5.147800e-01
2.318107e+04
2.033793e+01
8.288743e+00
3.762559e-02
4.359998e-01
5.660516e+00
1.059214e+03
2.448319e+00
1.703487e+00
1.792974e-01
3.598884e+03
8.199676e+00
1.592071e+00
8.154708e-02
1.872301e+01
1.263385e+00
2.489236e-03
1.022995e-03
8.648526e-05
6.742700e+01
2.686646e+04
4.856890e-04
2.394742e+02
3.320894e+00
4.029746e-01
2.841345e-01
4.491485e-01
2.994760e-01
4.428406e+02
1.923251e-02
1.318746e+02
2.836635e-02
2.415939e-02
1.733801e-04
4.133665e+01
6.060197e+00
3.151961e-01
1.844578e+01
1.915794e+01
7.311456e-03
6.608615e+01
3.655456e+00
6.854901e-01
2.740893e+00
1.392895e-04
3.285086e-04
1.748638e-02
5.067102e-06
3.226011e-03
1.792664e+00
1.234676e-05
4.345847e-03
2.254458e+00
1.670571e+02
