3.545692e-01
1.565632e+03
1.250598e+01
2.976253e+01
2.635999e+01
1.478651e+02
1.612880e+00
8.909940e-05
2.099753e-03
5.194373e-03
2.454872e+01
1.116852e+05
2.915246e+00
4.370000e-04
4.161583e-02
1.056043e-02
1.650423e-02
2.570919e+05
5.015013e-02
1.893864e+03
3.259648e-01
1.751799e+04
2.058709e+01
5.148160e+00
2.656221e-02
3.614546e-01
4.209065e+00
1.579858e+03
1.720727e+00
1.877237e+00
1.250613e-01
4.606411e+03
5.923947e+00
2.130465e+00
1.312823e-01
2.381122e+01
1.222617e+00
1.832201e-03
1.027132e-03
6.919512e-05
5.050841e+01
2.976679e+04
4.746447e-04
2.936781e+02
5.718322e+00
7.037924e-01
3.247199e-01
7.375636e-01
3.737352e-01
3.992061e+02
1.428296e-02
1.224374e+02
1.826543e-02
1.399237e-02
1.670815e-04
4.402616e+01
6.860205e+00
3.504376e-01
1.105937e+01
2.359497e+01
6.047399e-03
8.117467e+01
2.454005e+00
7.042200e-01
2.703458e+00
6.264525e-05
2.382615e-04
2.448164e-02
4.333152e-06
3.559358e-03
1.559622e+00
7.500287e-06
3.060675e-03
2.123488e+00
1.876777e+02
