1.482254e+00
9.386689e+02
1.965957e+01
5.676422e+01
9.632399e+01
3.378255e+02
1.516029e+00
1.261290e-05
4.344658e-03
1.714381e-03
1.341703e+01
1.005855e+05
6.033709e+00
2.338999e-04
7.233321e-02
5.578370e-02
2.872981e-02
5.070604e+06
2.699911e-03
1.992435e+02
5.503461e-02
6.775995e+04
1.915587e+00
1.188564e+00
5.384374e-03
3.210258e-02
2.690730e+01
1.874846e+02
2.677934e+00
1.480473e+01
1.900045e+00
1.103931e+05
1.259099e+01
2.698345e+00
6.047009e+00
1.859761e+03
1.319159e+00
1.673132e-03
8.228091e-04
1.713329e-04
8.907637e+01
2.651947e+03
2.330987e-04
5.285524e+03
4.350979e+00
4.289632e-02
7.714462e-01
9.096002e-01
9.099687e+00
8.573931e+02
3.218886e-02
5.263186e+02
2.515496e-01
1.639106e-01
5.158711e-03
3.291667e+00
1.699231e+00
1.403127e-01
5.708894e+00
2.088067e+02
6.156419e-03
1.503121e+00
3.882292e+00
1.468280e-01
1.065889e+00
6.570076e-04
8.031131e-03
9.969898e-03
1.188183e-05
1.210285e-01
3.119918e+00
9.647883e-06
5.454573e-03
1.876594e+00
8.738523e+01
