3.621516e-01
1.741465e+03
1.735177e+01
3.522878e+01
3.205313e+01
1.596664e+02
1.620443e+00
8.796963e-05
1.779552e-03
5.343900e-03
2.374675e+01
1.077781e+05
2.139292e+00
6.596849e-04
5.963368e-02
1.737342e-02
2.191981e-02
2.533527e+05
5.346903e-02
1.868844e+03
4.799933e-01
2.640315e+04
2.197856e+01
8.530064e+00
2.965390e-02
4.421090e-01
5.261706e+00
1.421550e+03
1.655360e+00
2.212166e+00
2.160230e-01
3.870145e+03
7.378640e+00
1.504397e+00
1.045557e-01
2.003180e+01
1.247655e+00
2.670651e-03
1.001321e-03
9.659540e-05
6.198545e+01
2.344568e+04
5.418257e-04
2.375113e+02
4.908128e+00
4.302287e-01
2.689973e-01
5.421811e-01
2.467952e-01
4.477013e+02
2.334962e-02
1.157116e+02
2.882158e-02
2.093233e-02
1.797104e-04
4.647285e+01
6.860205e+00
3.819045e-01
2.153735e+01
2.197527e+01
7.391871e-03
7.206631e+01
3.109721e+00
1.051839e+00
2.701796e+00
1.054305e-04
2.875821e-04
2.448164e-02
4.069551e-06
2.401776e-03
1.448105e+00
1.133902e-05
4.065305e-03
2.353859e+00
1.943747e+02
