1.870963e-01
7.979866e+02
1.955021e+01
1.083597e+02
1.309885e+01
2.990769e+02
2.312241e+00
3.111806e-04
3.063379e-03
1.045814e-03
2.499102e+01
7.726647e+03
3.384066e+00
4.456375e-04
5.001299e-02
1.053328e-01
2.345624e-01
1.714518e+06
4.836247e-03
1.791981e+02
3.995966e-01
9.549356e+04
3.951021e+00
9.756185e-01
3.312848e-02
5.703417e-02
4.065004e+00
1.657792e+02
2.504171e+00
2.315753e+01
3.103043e-01
4.569026e+04
3.355677e+01
4.638145e+01
4.305661e-01
5.376686e+02
1.269536e+00
4.866908e-03
8.042801e-04
1.850795e-04
3.236242e+00
6.782927e+03
4.500460e-04
9.801417e+02
4.206279e+00
4.198544e-02
3.787617e-01
1.070266e+00
1.604042e+00
3.890524e+03
1.556133e-01
8.442390e+02
1.906640e-02
2.326006e-02
3.499231e-04
5.351418e+01
8.754353e-01
1.569580e-01
1.320021e+00
2.307806e+01
4.460438e-03
5.415876e+00
3.586664e-01
7.640566e-01
1.724711e+00
1.715260e-04
5.885322e-04
9.388759e-03
1.019849e-04
4.984514e-02
1.263070e-01
1.856659e-04
1.738735e-02
2.472050e+00
2.519226e+02
