1.449910e-01
3.980205e+02
5.805640e+00
2.994074e+00
3.506688e+00
2.551537e+01
1.923366e+00
5.547617e-04
1.248424e-02
9.046994e-04
1.242818e+00
5.786717e+04
2.992347e-01
2.896617e-04
2.020844e-01
2.013330e-01
1.936616e-01
1.657347e+06
3.289246e-02
3.878377e+01
1.130187e+00
2.836620e+04
6.371967e+01
1.599188e-01
1.878736e-02
7.790599e-01
1.437788e+02
4.415834e+03
1.264348e+00
9.361558e+01
8.284453e-01
1.806951e+04
9.029732e+01
7.860875e+01
6.552142e+00
4.817088e+01
1.379175e+00
5.931478e-04
5.065248e-03
5.188589e-04
8.377407e+01
1.284938e+03
2.417737e-04
1.482994e+02
4.579845e+00
7.728208e-02
5.452852e+00
2.091219e-02
4.802764e-01
8.786772e+03
8.566231e-02
3.157100e+03
7.834430e-01
9.722977e-02
8.283149e-03
6.824059e+00
7.421361e-01
9.971084e-02
4.166713e-01
4.109899e+00
1.950217e-02
6.578067e+00
4.638719e+00
3.899044e-01
3.156065e+00
2.223442e-04
1.200145e-02
6.955183e-03
3.500000e-06
4.059371e-02
1.613948e+00
2.688071e-04
5.773655e-03
1.000000e+00
1.720857e+02
