3.782243e-01
1.615020e+03
1.664096e+01
3.924252e+01
3.064327e+01
1.896567e+02
1.817268e+00
8.497218e-05
1.660126e-03
3.352306e-03
2.546461e+01
1.075932e+05
1.971399e+00
8.798217e-04
9.288559e-02
2.081696e-02
2.351515e-02
3.056344e+05
4.405353e-02
1.850876e+03
6.202078e-01
2.516470e+04
2.623015e+01
8.559714e+00
5.845403e-02
4.447261e-01
5.360856e+00
1.176404e+03
2.597528e+00
2.135523e+00
1.909504e-01
4.006799e+03
9.055459e+00
1.557979e+00
7.024789e-02
2.032930e+01
1.268775e+00
2.736516e-03
1.085813e-03
9.095794e-05
7.469752e+01
2.914545e+04
5.081258e-04
2.515750e+02
4.448704e+00
4.951106e-01
3.063953e-01
3.468811e-01
2.653414e-01
5.679061e+02
1.949793e-02
1.370332e+02
3.523211e-02
2.602228e-02
2.110421e-04
4.896349e+01
6.505547e+00
4.468038e-01
1.941448e+01
1.758461e+01
7.572175e-03
6.783896e+01
4.030262e+00
8.624778e-01
3.040342e+00
1.393108e-04
3.739249e-04
1.933553e-02
6.033472e-06
3.391940e-03
1.920295e+00
1.077339e-05
4.187336e-03
2.222524e+00
1.788941e+02
