5.101751e-01
4.751857e+02
1.230353e+01
3.159744e+01
9.228036e+00
9.491004e+01
2.621987e+00
1.031072e-04
3.156832e-03
1.629749e-03
1.964305e+00
1.589276e+04
5.330857e-01
1.611707e-03
3.677383e-02
8.708549e-03
1.247637e+00
1.563264e+05
2.045548e-03
1.436264e+02
9.786591e-02
2.691486e+04
6.123058e+00
9.940330e-01
2.989693e-02
2.501360e-02
6.502334e+00
5.982781e+01
5.391264e+00
2.954335e+00
3.915236e-01
1.747780e+04
7.363352e+00
3.150620e+01
5.917893e-01
4.629693e+01
1.742199e+00
1.294051e-03
1.498851e-03
9.759229e-05
9.171333e+00
5.204641e+03
1.434695e-03
1.276133e+03
3.816692e+00
3.475006e-02
4.623791e-01
3.714702e-02
7.444949e-01
3.579215e+03
4.193090e-01
6.028837e+02
4.858327e-02
8.004495e-02
3.499677e-03
8.591013e+00
1.051128e+00
4.172388e-01
1.789788e+00
2.093821e+01
1.809182e-02
8.363374e+00
7.651556e-01
3.272543e-01
1.680934e+00
5.399725e-05
1.677239e-04
2.080278e-03
7.885195e-05
4.528474e-02
9.990195e-02
1.942474e-05
2.213346e-02
1.822692e+00
1.071798e+02
