9.626308e-02
1.550590e+03
5.782739e+01
1.292897e+02
2.643031e+01
1.532513e+02
1.619481e+00
2.139934e-04
4.024921e-03
1.700810e-03
2.489725e+00
7.004942e+04
1.952823e+00
1.310969e-03
4.615278e-02
3.336614e-02
2.297535e-02
1.311270e+06
1.589820e-02
4.663672e+02
7.109380e-01
1.697310e+05
3.448832e+00
6.981526e-01
3.616505e-02
9.221697e-02
8.949192e+00
9.775992e+01
3.446846e+00
2.370859e+01
1.004512e+00
3.566078e+04
9.901670e+00
1.643242e+01
3.623764e-01
6.695908e+01
1.796134e+00
3.544584e-03
8.406297e-04
1.164184e-04
4.265733e+00
9.839171e+03
4.112462e-04
8.767072e+02
9.448329e-01
7.707829e-02
1.265000e-01
5.083329e-02
9.108597e-01
5.268298e+03
2.428900e-01
6.250419e+02
1.126337e-02
1.168862e-02
8.760369e-04
4.050779e+01
1.065245e+00
1.809617e-01
1.440756e+01
3.055801e+00
1.727358e-02
1.091369e+01
1.793771e-01
8.126876e-01
1.015118e+00
1.748012e-04
1.210883e-03
1.511888e-02
7.694901e-06
4.815895e-02
4.725016e-01
2.860886e-05
2.507428e-02
2.264258e+00
5.712418e+02
