9.344670e-01
1.160321e+02
1.158145e+01
4.026778e+00
4.878664e+01
3.896491e+02
3.563370e+00
5.526967e-05
2.437393e-03
2.426624e-03
1.587183e+01
2.835165e+05
2.534624e+01
8.903845e-03
3.711193e-02
3.998087e-01
9.581909e-02
1.433263e+06
5.922402e-03
1.143708e+02
2.030713e-01
1.766319e+05
6.321041e+01
7.034736e+00
1.401365e-01
6.861375e-02
2.202017e+00
2.846506e+03
1.603120e+00
5.112967e+00
1.916872e-01
5.246555e+03
7.240608e+01
6.415616e+00
3.124003e+00
1.228484e+03
1.420629e+00
1.022099e-02
3.780656e-04
2.708261e-04
4.527160e+01
6.968571e+03
1.551340e-03
2.512204e+03
8.273548e+00
3.278758e-01
4.469775e+00
9.577109e-01
5.814397e-01
4.306526e+03
5.158445e-02
4.279061e+02
1.299051e-01
2.181764e-01
1.144548e-03
9.645273e+00
1.387293e+00
1.429766e+00
6.158215e-01
2.844818e+01
5.576080e-03
1.513194e+01
1.468424e-01
1.491454e+00
2.363270e+00
2.902251e-04
1.734339e-04
1.071630e-02
2.163734e-04
1.752741e-02
1.033005e-01
1.405962e-04
2.580212e-02
1.526383e+00
5.036411e+01
