9.349513e-02
5.410592e+02
1.737443e+01
1.666569e+02
3.043901e+01
3.453337e+02
1.439331e+00
1.134823e-04
2.308655e-03
2.359769e-03
2.904002e+01
3.446130e+04
1.826046e+01
5.634154e-03
4.349963e-02
2.103088e-01
1.333545e-01
6.037881e+05
1.001581e-02
1.547140e+03
2.012878e-01
6.466014e+04
8.170402e+00
2.394437e+00
2.226832e-02
4.900685e-02
9.007146e+00
2.874211e+02
5.502867e+00
1.623323e+01
1.312934e-01
4.636687e+04
6.403242e+00
3.353020e+01
2.363723e+00
5.743917e+01
1.979767e+00
4.059508e-03
9.517973e-04
8.822834e-05
1.125530e+01
1.176682e+04
3.745237e-03
7.850707e+02
1.922017e+00
2.461667e-01
1.133444e+00
1.524141e-01
2.081089e-01
8.091382e+02
4.139787e-02
6.406677e+02
3.644752e-02
1.824294e-02
1.726151e-03
2.638494e+01
1.662837e+00
1.579206e-01
1.634948e+00
2.765034e+01
1.313593e-02
1.285750e+01
2.105722e+00
1.852673e-01
1.694870e+00
2.709479e-04
3.111809e-04
1.873402e-03
1.000725e-04
1.461065e-02
1.584883e-01
1.694483e-05
1.068373e-01
1.309057e+00
3.396237e+02
