2.986541e-01
4.875819e+02
2.003485e+01
1.107634e+01
6.063555e+00
2.982530e+02
2.777993e+00
3.900227e-05
2.111210e-03
1.110324e-03
3.718874e+00
9.924574e+03
9.590230e-01
9.618750e-04
2.019958e-02
5.293730e-02
9.672455e-02
1.810568e+05
1.254269e-02
7.582804e+01
1.462099e-01
1.891421e+04
3.083138e+01
2.034096e+00
1.013213e-01
1.099491e-01
5.377526e+00
7.040384e+02
3.427198e+00
2.200098e+00
2.733113e-01
6.592656e+03
5.501694e+00
2.682415e+01
3.030988e-01
6.719474e+01
2.109655e+00
5.828043e-03
1.126747e-03
3.819726e-05
3.243533e+00
4.290888e+03
3.099544e-04
7.929622e+02
9.308001e-01
6.171096e-02
1.555867e+00
3.525983e-02
8.900305e-01
2.660312e+03
5.839392e-02
2.059697e+03
6.802686e-02
1.972838e-02
1.870517e-03
3.645299e+00
1.760924e-01
5.223275e-01
2.546508e+00
8.178185e+00
4.954867e-02
5.300345e+00
6.655423e-01
1.909547e+00
2.031456e+00
3.621814e-04
9.099184e-04
1.004023e-03
1.567965e-04
8.897142e-03
5.393728e-01
4.740047e-05
4.029453e-03
1.727436e+00
1.153165e+02
