3.428484e-02
4.631385e+01
1.590972e+01
1.241967e+01
7.597345e+01
1.690474e+03
1.000000e+00
7.006177e-05
1.873639e-02
4.147876e-03
2.756538e+01
4.064126e+04
1.032364e+01
3.542829e-04
3.395347e-02
1.024535e-01
6.251964e-02
7.653212e+05
2.306276e-03
3.878377e+01
1.733815e+00
2.841294e+04
1.700383e+01
2.629328e+00
2.050025e-02
6.347729e-01
3.553042e+00
1.467688e+02
6.574760e+01
3.018495e+00
7.243009e-01
6.840323e+03
1.584055e+01
6.361480e+01
1.695503e-01
1.529509e+02
1.579834e+00
1.286369e-02
1.586707e-03
1.060771e-04
3.760929e+00
1.207185e+03
6.702792e-04
5.285524e+03
9.770985e-01
3.982011e-01
6.785101e-01
1.939911e-01
1.248286e+00
1.506855e+04
4.518290e-01
1.314256e+03
3.023737e-01
5.116820e-03
1.129483e-02
3.094699e+01
1.107897e+00
1.600222e+00
4.252321e+00
6.682948e+01
2.294210e-02
4.712064e+00
3.408406e+00
9.764554e-01
1.371059e+00
2.966603e-05
4.141508e-04
4.534489e-03
6.434943e-06
8.440764e-03
1.516112e-01
1.480049e-05
3.877365e-03
1.440010e+00
7.017674e+02
