3.579326e-01
5.977108e+02
2.229698e+01
8.564900e+00
3.575243e+01
4.810396e+01
3.358559e+00
3.948566e-05
2.778400e-03
2.637114e-03
9.830734e+00
4.837474e+04
5.643478e-01
3.096008e-04
5.394443e-02
4.084164e-01
2.243642e-01
1.259105e+05
4.753434e-03
2.023203e+02
8.656659e-02
5.099354e+04
1.661595e+01
5.335984e+00
2.156284e-01
2.172762e-01
4.748010e+00
4.886446e+02
2.534043e+00
5.440268e+00
2.149974e+00
2.487876e+04
1.054661e+01
3.566292e+01
1.524415e+00
3.698823e+01
2.108964e+00
1.206115e-02
8.757390e-04
8.365673e-05
4.978290e+00
3.085007e+03
1.172104e-03
4.213663e+03
1.103573e+00
8.620072e-02
8.727251e-01
3.208400e-02
6.761623e+00
6.424469e+03
3.010502e-02
3.647672e+03
8.472343e-02
5.892195e-03
1.774725e-03
9.739176e+00
1.322301e-01
1.349540e+00
2.105857e+01
3.488445e+00
1.674894e-02
5.292592e+00
3.096270e-01
2.004191e+00
2.244818e+00
1.476492e-03
2.985820e-04
1.042803e-02
7.254609e-05
3.601663e-03
1.974606e+00
5.513764e-05
1.582108e-03
1.411843e+00
1.717098e+02
