2.889135e-01
7.360949e+02
2.809543e+01
1.673862e+02
1.522950e+01
1.205143e+02
2.981252e+00
1.367711e-04
1.110747e-02
2.905197e-03
1.486201e+01
2.759500e+04
2.422427e+00
2.772997e-03
3.651813e-02
7.533655e-02
1.053284e-01
3.293577e+05
7.869332e-03
1.527867e+02
5.900403e-01
1.996795e+04
5.769167e+01
8.424145e-01
2.015170e-02
6.729899e-02
5.057250e+01
1.170796e+02
1.289536e+01
2.458844e+01
1.042515e-01
2.445791e+04
2.816108e+01
2.861142e+01
6.424335e-01
6.157585e+02
2.120500e+00
2.029191e-03
8.721298e-04
3.585795e-05
5.904238e+01
1.831361e+04
6.189212e-04
9.718876e+01
2.483332e+00
1.283739e-01
1.375376e+00
1.692081e-01
6.470556e-01
1.755946e+03
2.135073e-01
1.080824e+03
1.306186e-01
8.342539e-02
7.131427e-03
2.224846e+01
1.217556e+00
7.186423e-01
2.797341e+00
7.553243e+00
8.219811e-02
1.639260e+01
6.286574e-01
1.552610e+00
2.059950e+00
2.267832e-04
4.057773e-03
6.913172e-03
5.960560e-05
3.240032e-02
7.715737e-01
7.708420e-05
1.107540e-02
2.918437e+00
1.512860e+02
