1.788821e-01
6.618234e+02
1.371916e+02
2.283174e+01
9.884699e+01
5.625983e+01
1.303467e+00
5.476897e-04
8.833454e-04
2.194090e-03
5.402646e+00
4.928781e+03
5.829902e+00
2.486725e-04
2.812285e-02
3.043876e-02
1.325585e-01
1.150989e+06
2.419241e-02
8.795866e+02
7.816324e-01
1.343103e+05
4.705817e+00
1.218746e-01
2.206123e-01
2.102517e-01
1.923118e+00
3.064349e+02
4.166080e+00
1.499181e+02
1.496744e-01
7.437885e+04
8.257204e+00
4.187287e+01
2.388130e+00
9.916733e+01
1.865988e+00
5.502974e-03
9.195399e-04
4.636041e-05
1.517308e+01
3.784397e+04
3.185131e-04
9.615155e+02
4.427929e+00
1.398409e-01
4.892228e+00
1.631216e-02
2.536414e-01
4.599172e+02
1.686142e-02
4.185408e+02
9.644494e-03
4.267294e-02
5.256448e-03
1.729870e+00
3.547251e-01
6.478151e-02
1.229845e+00
4.263485e+01
3.089759e-02
9.544308e+01
3.971817e-01
2.107896e+00
1.088576e+00
8.359377e-05
1.443889e-04
1.372816e-03
1.888143e-04
2.394797e-02
7.815954e-02
7.985810e-05
1.387797e-03
1.128396e+00
3.036934e+02
