1.430124e-01
1.178281e+02
3.292311e+01
9.667360e+00
3.768722e+01
1.697856e+01
2.168732e+00
2.448356e-04
2.481248e-03
1.035488e-03
2.281612e+00
8.196331e+03
9.699611e-01
1.688978e-03
5.540774e-02
2.694313e-01
2.330458e-02
1.924273e+05
1.974665e-02
1.956659e+02
7.421997e-02
1.106749e+05
1.722816e+01
4.682369e-01
7.524921e-02
4.694675e-02
5.210369e+00
1.045616e+03
4.053084e+00
2.597178e+01
2.370846e+00
3.619311e+04
1.991171e+00
1.700153e+01
1.413758e+00
5.920987e+01
1.258402e+00
1.223576e-02
5.131655e-04
1.330629e-05
1.964323e+00
2.393653e+04
4.641943e-03
1.543322e+03
1.241149e+01
3.777863e-01
2.180397e-01
2.021188e-02
1.013623e-01
7.309431e+03
2.983757e-01
3.309898e+02
8.512904e-02
8.912328e-02
9.223195e-04
9.099990e+00
1.545432e+00
3.560612e-01
1.431455e+00
1.682780e+01
5.559286e-03
2.405728e+00
2.451259e+00
7.672284e-01
1.632323e+00
6.657397e-05
2.218505e-03
2.298437e-02
4.708666e-06
1.095083e-02
7.235693e-02
3.211079e-05
4.986228e-02
2.456813e+00
1.940614e+02
