1.046111e-01
2.942019e+02
1.736816e+01
1.287191e+01
1.664453e+01
9.413028e+01
3.097332e+00
1.388081e-04
3.222572e-03
1.624790e-03
7.020152e+00
1.053505e+04
8.282133e-01
7.416171e-04
2.215055e-02
3.033362e-02
6.081216e-02
1.296617e+06
3.456696e-03
7.999217e+01
1.017897e-01
1.192159e+05
3.575194e+00
2.098015e+00
4.741009e-02
6.845133e-02
1.413580e+01
1.951050e+03
2.244380e+00
1.528742e+01
6.578149e-01
2.677309e+04
6.105558e+00
1.400140e+01
4.872885e-01
2.430893e+02
1.379020e+00
2.095425e-03
1.612847e-03
3.225862e-05
1.001942e+01
6.528517e+03
3.442110e-04
3.044947e+02
1.493901e+00
9.366295e-02
1.940561e-01
1.383640e-01
5.252515e-01
3.619902e+03
7.390703e-02
2.610346e+03
2.488445e-02
7.060066e-02
7.692733e-04
8.040367e+00
5.546191e-01
7.152343e-01
9.688977e-01
3.950328e+01
7.081417e-03
1.016875e+01
2.839706e-01
3.188719e-01
1.886672e+00
1.997633e-04
5.473499e-04
1.979830e-03
2.465718e-05
1.407789e-02
3.558112e-01
3.183219e-05
5.262330e-03
2.098530e+00
2.643021e+02
