1.103798e-01
5.114085e+02
2.192413e+01
9.163607e+01
9.434832e+01
1.282739e+02
1.949555e+00
1.064180e-04
3.311267e-03
1.402034e-03
8.950598e-01
1.022766e+05
1.480090e+00
1.587915e-03
3.419928e-02
9.648869e-02
7.141199e-02
2.212085e+05
2.920603e-03
1.564425e+03
3.699696e-01
2.388353e+04
1.143576e+01
3.700495e-01
2.928504e-02
2.184144e-01
1.312837e+01
2.215198e+02
1.097898e+01
1.847129e+01
1.305793e+00
2.766884e+04
1.619192e+01
3.192041e+00
1.470862e+00
4.410054e+02
2.661436e+00
8.828462e-04
1.337015e-03
3.858101e-05
5.931439e+00
1.703553e+03
1.702996e-04
1.604031e+03
3.171469e+00
5.281152e-01
4.674413e-01
4.769900e-02
1.867640e-01
1.487787e+03
1.558962e-02
3.496650e+02
5.353853e-02
4.852459e-02
1.260173e-03
5.595536e+00
9.282871e-01
8.286363e-02
4.681440e-01
1.196179e+01
1.088059e-02
1.376392e+01
3.491722e-01
4.277715e-01
1.988192e+00
2.464163e-04
1.049201e-03
3.990414e-03
1.107562e-04
2.540551e-02
2.495875e-01
1.717373e-04
2.063144e-02
1.903348e+00
2.476411e+02
