8.214235e-02
1.311342e+03
9.476167e+01
4.012810e+01
7.168848e+01
7.852061e+01
1.783411e+00
4.493620e-04
5.071286e-03
3.081680e-03
9.308318e+00
1.364652e+05
1.575380e+00
6.222793e-03
3.415797e-03
5.100004e-02
2.477339e-01
2.453721e+06
3.495500e-03
1.968110e+03
4.215046e-01
3.422027e+03
3.205222e+01
1.124047e-01
1.003749e-01
5.993987e-01
1.636311e+01
2.153835e+03
1.569091e+00
1.587658e+01
3.751973e+00
2.005956e+05
2.461737e+00
7.114950e+00
1.404709e+00
4.148802e+02
1.354343e+00
7.535244e-03
3.508474e-03
9.454659e-05
3.120613e+00
2.320569e+04
8.684516e-05
6.479681e+02
1.445605e+01
8.271776e-02
3.170222e-01
1.469366e-02
2.902176e+00
2.304038e+03
9.057515e-03
3.553418e+03
5.995511e-02
9.703612e-02
3.315791e-04
1.773534e+01
2.832951e+00
4.462081e-02
1.884887e+01
1.451452e+01
1.821486e-02
2.296254e+00
1.812744e+00
1.538781e+00
1.116688e+00
2.379482e-04
2.744445e-03
1.271775e-02
8.542790e-06
4.180036e-03
4.170236e-01
2.756070e-04
2.115582e-02
1.262334e+00
4.793769e+02
