1.559727e-01
2.529318e+02
1.492217e+01
1.163459e+01
2.155642e+01
6.961760e+01
3.018746e+00
1.230534e-04
3.451011e-03
2.100815e-03
5.847875e+00
9.917663e+03
1.226094e+00
8.465713e-04
4.460800e-02
3.943015e-02
5.378336e-02
6.861623e+05
2.724450e-03
1.152828e+02
1.031107e-01
1.208022e+05
4.954674e+00
2.866260e+00
2.945698e-02
4.782783e-02
2.014788e+01
1.067213e+03
3.107228e+00
1.158866e+01
4.530809e-01
2.064231e+04
4.608457e+00
1.699262e+01
2.639425e-01
1.825762e+02
1.561419e+00
2.399406e-03
1.445437e-03
3.251631e-05
1.111188e+01
5.191975e+03
3.348482e-04
2.313395e+02
2.063144e+00
9.234834e-02
2.564964e-01
1.927267e-01
2.826903e-01
4.274102e+03
8.165346e-02
2.734842e+03
2.540629e-02
7.188749e-02
1.482946e-03
9.578598e+00
5.333097e-01
6.990860e-01
7.034730e-01
3.136675e+01
4.853606e-03
6.142737e+00
2.846053e-01
4.801090e-01
1.932767e+00
3.604420e-04
5.048900e-04
1.496126e-03
2.880982e-05
2.363588e-02
3.154403e-01
2.413719e-05
5.047702e-03
2.269437e+00
2.048692e+02
