1.417402e-01
4.302828e+02
1.569968e+02
2.610882e+01
9.826274e+01
3.555267e+01
2.024657e+00
5.539517e-04
9.108699e-04
1.651638e-03
5.162320e+00
7.951973e+03
6.618183e+00
3.582745e-04
4.735937e-02
3.200274e-02
4.812368e-02
7.579888e+05
3.257454e-02
5.810153e+02
7.590884e-01
9.784494e+04
6.180042e+00
9.139399e-02
2.592507e-01
6.318624e-02
2.718385e+00
2.232645e+02
7.222750e+00
1.499181e+02
1.192450e-01
1.112552e+05
5.419822e+00
5.348594e+01
1.533215e+00
9.798232e+01
2.273438e+00
9.872371e-03
1.999042e-03
3.160020e-05
8.667324e+00
8.562744e+04
2.806724e-04
7.753270e+02
2.632722e+00
7.694633e-02
5.452852e+00
1.339436e-02
1.917367e-01
9.038093e+02
2.056299e-02
4.082101e+02
7.834431e-03
6.176995e-02
6.262691e-03
2.573312e+00
2.190778e-01
5.926555e-02
1.066636e+00
9.612604e+01
2.847354e-02
7.205013e+01
3.407159e-01
2.825117e+00
1.043876e+00
1.323125e-04
1.443889e-04
1.383569e-03
1.810994e-04
1.457582e-02
1.030597e-01
4.184952e-05
1.384439e-03
1.385373e+00
4.546868e+02
