2.813372e-01
5.615505e+02
2.299764e+01
7.502301e+00
3.136109e+01
3.734975e+01
3.234000e+00
3.019601e-05
3.862422e-03
3.026352e-03
1.162450e+01
5.847126e+04
4.259545e-01
2.418601e-04
3.759103e-02
2.997877e-01
2.782328e-01
1.056801e+05
7.633164e-03
1.807328e+02
9.244852e-02
4.578744e+04
1.833110e+01
3.370276e+00
1.944504e-01
1.307542e-01
5.960774e+00
4.934285e+02
2.880214e+00
5.307172e+00
1.472440e+00
3.420850e+04
9.883935e+00
3.755428e+01
1.077086e+00
3.346301e+01
2.315727e+00
1.016421e-02
8.837855e-04
6.203855e-05
5.626885e+00
3.120410e+03
1.085398e-03
4.425316e+03
1.248434e+00
8.780941e-02
9.715916e-01
2.804308e-02
5.973202e+00
6.795358e+03
3.587251e-02
2.982362e+03
7.049917e-02
5.783259e-03
1.754502e-03
1.186125e+01
1.094691e-01
8.790834e-01
2.222280e+01
2.872242e+00
1.129211e-02
2.909596e+00
3.175375e-01
2.160220e+00
2.083489e+00
2.004195e-03
2.528761e-04
1.086813e-02
5.628676e-05
2.333157e-03
1.501296e+00
4.642960e-05
1.646705e-03
1.460617e+00
1.854699e+02
