1.582759e-01
4.665633e+02
2.727062e+01
6.463858e+01
1.103429e+02
9.575866e+01
1.843996e+00
7.553854e-05
2.792012e-03
1.157826e-03
1.071965e+00
6.558045e+04
1.775727e+00
1.474059e-03
3.205148e-02
1.143407e-01
4.126188e-02
2.977308e+05
1.576219e-03
1.384200e+03
2.529665e-01
1.564678e+04
1.087662e+01
3.066959e-01
2.156029e-02
2.393891e-01
1.472749e+01
2.824840e+02
1.202981e+01
1.062358e+01
8.433340e-01
2.001633e+04
1.138577e+01
2.901736e+00
2.029210e+00
3.315826e+02
2.412893e+00
7.775852e-04
1.376507e-03
3.388428e-05
6.719076e+00
1.845234e+03
1.320414e-04
1.266593e+03
1.682649e+00
5.399915e-01
3.728032e-01
5.099172e-02
2.196961e-01
1.626506e+03
8.090537e-03
2.206217e+02
6.106242e-02
2.678359e-02
9.105454e-04
6.427432e+00
6.776150e-01
5.110604e-02
7.377040e-01
1.930648e+01
9.460244e-03
8.377506e+00
3.646691e-01
3.946187e-01
1.878721e+00
1.691508e-04
1.142897e-03
3.041550e-03
7.505825e-05
1.799506e-02
1.931986e-01
8.873181e-05
1.949134e-02
1.817188e+00
2.275541e+02
