4.779811e-01
3.070415e+03
3.023312e+01
1.482339e+02
8.732839e+01
7.975958e+02
1.723532e+00
2.462449e-04
1.070954e-03
4.493035e-03
7.294256e-01
3.418048e+03
5.076681e+00
3.086867e-04
1.250556e-02
7.604074e-02
1.576787e-02
7.355987e+04
3.125514e-03
3.224815e+03
6.268632e-02
8.581895e+03
7.035111e+00
1.826563e+00
2.592507e-03
2.831934e-01
3.277535e+00
1.892925e+02
9.706821e+00
1.730806e+01
1.391720e+00
5.605878e+04
7.343524e+00
4.520197e+01
3.196683e+00
8.635826e+01
1.845304e+00
2.530166e-03
1.100307e-03
1.269667e-04
1.797043e+01
3.498317e+03
6.012836e-04
4.578783e+02
8.754922e+00
1.209529e-01
2.207604e-01
3.559858e-02
1.696024e-01
2.153643e+04
1.856189e-01
1.145262e+03
1.059521e-01
5.095588e-02
3.797837e-03
9.683902e+00
9.993444e-02
1.132865e-01
3.733938e+00
2.545764e+01
2.656310e-03
3.727674e+00
2.387475e+00
2.310928e+00
2.659498e+00
1.099189e-03
3.787414e-04
8.578264e-04
2.003053e-05
7.838416e-03
4.291761e-01
4.285549e-06
5.007362e-03
3.641229e+00
1.968848e+02
