3.011735e-01
8.376390e+02
2.209761e+01
6.194208e+00
2.916126e+01
3.956901e+01
3.251023e+00
3.555291e-05
4.602183e-03
2.696352e-03
1.152511e+01
6.258291e+04
3.940261e-01
3.046941e-04
2.473021e-02
2.696571e-01
2.847617e-01
1.043657e+05
6.243351e-03
2.284780e+02
7.534210e-02
5.561800e+04
1.809411e+01
3.742115e+00
2.229106e-01
1.286128e-01
6.299005e+00
5.572520e+02
2.203504e+00
5.914310e+00
1.669966e+00
3.023137e+04
9.597736e+00
3.433940e+01
9.827797e-01
2.991295e+01
2.270740e+00
9.992585e-03
1.064927e-03
5.573894e-05
5.615518e+00
3.926719e+03
1.256312e-03
5.202197e+03
1.275609e+00
1.217081e-01
7.730767e-01
3.497571e-02
5.802316e+00
6.760644e+03
3.152991e-02
2.921605e+03
6.487338e-02
6.206822e-03
2.087236e-03
1.186102e+01
1.097717e-01
1.041757e+00
2.196693e+01
3.599478e+00
1.266510e-02
2.648618e+00
2.952415e-01
2.498645e+00
2.183320e+00
1.773459e-03
2.663660e-04
9.088650e-03
6.373294e-05
2.214765e-03
1.580444e+00
4.313591e-05
1.604907e-03
1.544520e+00
1.942102e+02
