1.271178e-01
3.464695e+02
1.298745e+01
3.499395e+01
2.810485e+01
4.422516e+02
2.925739e+00
7.927155e-05
2.778914e-03
8.909072e-04
7.670408e+00
3.438855e+04
1.713673e+00
9.560858e-04
1.587060e-02
8.458974e-02
2.492398e-01
5.836218e+05
6.431459e-03
1.165233e+02
1.412235e-01
1.325347e+04
1.261281e+01
1.460610e+00
5.704278e-02
2.266500e-01
3.270244e+01
5.749987e+02
8.947627e+00
6.354950e+00
1.252056e+00
1.653988e+04
2.737428e+01
1.798651e+01
1.217901e+00
8.833737e+02
2.018945e+00
9.033663e-03
9.505636e-04
1.175045e-04
1.424566e+00
5.193113e+03
4.864398e-04
4.003717e+02
1.491927e+00
1.747946e-01
7.615265e-01
2.293349e-02
3.952207e-01
2.424096e+03
5.753811e-02
6.576342e+02
3.644996e-01
9.239815e-02
1.345244e-03
4.203539e+00
4.321002e-01
1.915561e-01
2.495528e+00
3.993006e+01
9.910082e-03
1.007302e+01
1.746182e+00
2.737524e-01
1.577795e+00
1.955858e-04
1.165145e-03
1.850836e-03
8.245088e-06
3.739822e-02
4.682433e-01
1.909904e-05
1.541448e-02
2.499017e+00
2.223932e+02
