1.842186e-01
1.913902e+02
3.492535e+01
2.963622e+01
3.552398e+01
6.643841e+01
1.897593e+00
7.760248e-05
6.611123e-03
8.558323e-04
3.972790e+00
9.037946e+04
3.554241e+00
9.919812e-04
7.151862e-02
1.177088e-01
1.613086e-01
2.355556e+05
5.765381e-03
7.754589e+02
4.967233e-01
5.820679e+04
1.064138e+01
6.622584e-01
2.544385e-02
8.309722e-02
9.755268e+00
1.952932e+02
1.371279e+00
7.910791e+00
1.160123e+00
6.513627e+04
9.495182e+00
1.287092e+01
3.057614e-01
6.014997e+01
1.679647e+00
3.642683e-03
1.295021e-03
8.816118e-05
5.218181e+00
1.329841e+04
4.371054e-04
9.416089e+02
2.558779e+00
8.720959e-02
2.198837e-01
9.884644e-01
1.241158e+00
3.379396e+03
1.793352e-01
5.580065e+02
3.337038e-01
6.930409e-02
9.544077e-04
8.159188e+01
4.393932e-01
2.300162e-01
4.123879e+00
1.647816e+01
3.760732e-02
2.318657e+00
3.224563e+00
5.700742e-01
1.419099e+00
3.878748e-04
4.355507e-04
5.669088e-03
2.174137e-05
3.489183e-02
4.311583e-01
3.559212e-05
9.032537e-03
2.551815e+00
1.783909e+02
