5.834682e-01
1.642601e+03
1.796991e+01
2.701196e+01
1.518403e+01
6.073411e+01
2.300075e+00
3.689799e-04
7.387956e-03
4.799732e-04
1.230476e+01
9.426063e+04
1.014944e+01
8.170785e-03
2.160380e-02
1.437201e-01
1.054641e-01
5.299588e+05
8.865811e-03
3.490368e+02
4.518568e-01
4.468378e+04
6.302576e+01
4.394914e-01
1.308375e-01
8.055262e-02
2.583690e+01
4.588945e+02
2.316026e+00
1.589599e+01
4.014476e-01
6.078888e+03
5.958298e+01
6.282506e+01
3.827216e+00
2.652361e+02
1.550149e+00
7.429700e-03
7.566215e-04
3.188229e-05
3.688997e+00
6.249613e+03
1.559662e-03
1.365676e+02
3.170631e+00
3.113347e-02
5.292096e-01
6.738745e-02
7.444847e-01
1.439102e+03
2.345915e-01
6.454839e+02
8.224976e-02
7.225187e-03
1.389537e-03
2.205125e+00
7.330699e-01
1.038618e-01
4.434558e+00
3.219482e+01
1.221963e-02
1.608547e+00
8.812776e-01
3.558313e-01
1.467718e+00
9.838857e-05
2.855320e-04
1.327870e-03
5.653911e-05
1.348173e-02
5.345128e-01
1.230719e-05
4.441280e-03
1.780350e+00
1.700589e+02
