2.699182e-01
3.910229e+02
2.989340e+01
1.032882e+02
9.866682e+01
5.379454e+01
1.301281e+00
2.155951e-04
4.203794e-02
8.851167e-04
3.032183e+01
6.458400e+04
3.452387e+00
8.173288e-04
1.629827e-01
1.353884e-01
1.715306e-01
2.246527e+06
4.802589e-03
4.242665e+02
2.780739e+00
2.935538e+05
6.054700e+00
3.401175e-01
9.692811e-03
1.003487e-01
1.737273e+01
6.560397e+02
1.633670e+00
1.933670e+00
3.038354e-01
1.068394e+04
4.370393e+01
5.219452e+00
1.397177e-01
4.029429e+01
2.072463e+00
5.791418e-04
2.544717e-03
8.890618e-05
2.691504e+01
3.490694e+03
7.013569e-04
4.112944e+02
1.236061e+01
2.610679e-01
1.083671e-01
6.631705e-01
3.364971e-01
1.731162e+04
3.738214e-01
5.827125e+03
4.048059e-02
5.142280e-02
8.182719e-04
3.942869e+00
2.400256e+00
4.692035e-02
3.968417e+00
5.979928e+00
5.967988e-03
2.834790e+00
4.619424e-01
4.185296e-01
1.838555e+00
8.463764e-05
3.148017e-04
6.903548e-03
7.075856e-05
5.365062e-03
6.873035e-01
2.882214e-05
4.498214e-02
1.360461e+00
1.821643e+02
