3.419066e-01
2.598196e+02
3.141234e+01
8.765648e+01
1.238649e+02
6.321202e+01
1.375494e+00
2.317028e-04
2.656491e-02
4.496488e-04
3.450402e+01
6.169479e+04
5.132179e+00
5.847483e-04
1.211049e-01
1.045590e-01
8.405452e-02
1.938655e+06
6.699525e-03
3.434541e+02
3.651487e+00
1.536781e+05
8.030430e+00
3.413159e-01
9.010472e-03
7.479496e-02
1.397761e+01
6.973994e+02
2.765516e+00
2.590389e+00
3.005906e-01
1.138673e+04
4.324895e+01
5.481822e+00
1.610731e-01
6.813263e+01
2.004847e+00
4.323322e-04
2.152313e-03
9.592690e-05
1.322496e+01
6.915017e+03
8.524932e-04
4.675698e+02
1.400532e+01
3.940451e-01
1.137973e-01
9.347537e-01
1.790573e-01
1.591137e+04
5.327442e-01
7.188455e+03
2.438564e-02
4.841784e-02
1.013403e-03
4.001009e+00
3.526837e+00
5.573682e-02
4.772774e+00
5.351015e+00
5.491479e-03
3.582735e+00
6.074032e-01
2.866394e-01
1.870163e+00
9.665176e-05
4.303453e-04
7.329457e-03
6.064376e-05
5.761958e-03
6.126091e-01
3.128750e-05
2.898369e-02
1.604462e+00
1.870461e+02
