1.173346e+00
3.070415e+03
4.081785e+00
5.758266e+00
1.920169e+02
2.638035e+02
3.748204e+00
1.226876e-04
6.449869e-02
2.673316e-04
5.636949e-01
3.286538e+04
3.582480e-01
6.804656e-04
1.381592e-02
4.635826e-02
2.692052e-02
2.367941e+05
1.530321e-03
2.980402e+03
2.508020e-01
8.474235e+04
8.384875e+01
5.833597e-01
1.909378e-02
5.919714e-01
6.011328e+00
4.415834e+03
8.159993e+00
5.741333e+00
3.515919e-01
2.131269e+05
4.129300e+01
1.504397e+02
1.750354e-01
2.771573e+01
1.000000e+00
4.859483e-03
1.737781e-03
2.127126e-05
2.956874e+01
2.005073e+03
2.533927e-04
7.213740e+02
3.845566e-01
6.473887e-02
2.198042e-01
6.344887e-02
3.780872e+00
1.113880e+04
1.278547e-02
6.841576e+03
7.834431e-03
5.116820e-03
1.670815e-02
3.329426e+01
1.601559e+00
3.144705e+00
2.497840e+00
5.720632e+01
4.518945e-02
2.077476e+01
5.077113e-01
5.429866e-01
1.837383e+00
3.370991e-04
1.179573e-02
7.622499e-03
1.511696e-04
3.471504e-02
6.233651e-01
4.034989e-04
7.040865e-03
1.236689e+00
9.231041e+01
