9.020846e-01
1.994193e+02
2.338861e+00
5.532374e+00
1.428717e+02
5.020230e+02
1.030780e+00
3.008337e-04
3.052748e-02
1.339413e-03
5.368805e+00
6.918396e+04
9.949214e+00
1.529871e-03
2.251203e-02
1.048917e-02
5.104801e-01
3.331009e+05
7.260950e-03
6.646785e+02
8.730786e-01
5.738837e+04
2.659714e+01
1.299531e-01
3.469762e-02
6.156128e-01
2.526356e+00
6.690076e+02
3.373306e+00
6.287615e+01
6.249975e-02
4.250396e+04
3.217265e+01
8.227260e+01
2.845118e+00
3.753584e+01
1.844088e+00
7.860099e-04
3.196050e-03
2.069856e-05
4.469210e+00
6.411419e+04
7.998007e-04
1.197942e+03
1.033170e+00
2.602597e-02
1.303698e-01
1.729111e-02
1.475223e+00
1.849861e+03
2.635138e-01
3.770113e+02
1.939729e-02
3.380526e-01
3.044250e-04
4.504352e+00
9.201427e-01
1.896597e-01
2.049823e+00
1.326302e+02
2.520720e-02
3.724977e+01
2.089976e+00
4.768157e-01
3.480118e+00
1.471075e-04
2.339890e-03
4.798902e-03
5.829320e-06
1.172115e-02
1.515157e+00
2.351413e-04
6.957879e-02
2.096094e+00
3.877653e+01
