3.712123e-01
3.075594e+02
1.972382e+01
2.425143e+01
1.104820e+02
6.401466e+01
1.448448e+00
1.676716e-04
2.024480e-02
6.843585e-04
1.575683e+01
6.586550e+04
5.098082e+00
4.560475e-04
1.728815e-01
2.677656e-01
9.310762e-01
3.671406e+06
4.333792e-03
2.011361e+02
7.479621e-01
8.054091e+04
5.679640e+00
3.631590e-01
3.948645e-02
2.334642e-01
1.402923e+01
4.993670e+02
5.069184e+00
4.639812e+00
4.810471e-01
1.046917e+04
1.994959e+01
7.384425e+00
2.391184e-01
3.524221e+01
1.671237e+00
7.155454e-04
1.596747e-03
7.843573e-05
6.905477e+01
2.721392e+03
9.437800e-04
8.413914e+02
1.110140e+01
3.079809e-01
3.288655e-01
2.479434e-01
1.529326e-01
5.738269e+03
3.277588e-01
4.055363e+03
3.813707e-02
1.218963e-01
1.641933e-03
6.412240e+00
9.789178e-01
3.749630e-01
2.115135e+00
1.301812e+01
7.551612e-03
1.527727e+00
3.747680e-01
1.844231e-01
2.173061e+00
9.142793e-05
3.951470e-04
2.238106e-03
1.143939e-05
7.502984e-03
6.098067e-01
1.203419e-05
8.018679e-02
1.268681e+00
1.276502e+02
