2.742019e-01
3.000710e+02
2.107987e+01
3.281366e+01
5.209489e+01
2.197678e+02
1.586249e+00
7.871400e-05
1.567308e-02
2.444992e-03
2.875008e+00
1.148099e+04
6.249111e+00
1.558935e-03
1.042865e-01
3.124059e-01
1.263224e-01
1.980497e+06
7.098578e-03
3.504651e+02
5.890290e-01
9.867248e+04
8.402555e+00
2.032418e+00
7.109800e-02
1.647491e-01
2.460122e+01
3.425950e+02
1.455981e+01
1.969822e+01
6.183786e-01
3.149510e+04
1.287005e+01
3.116485e+01
8.888627e-01
6.256476e+01
2.405391e+00
3.177986e-03
1.524947e-03
1.657820e-05
2.980184e+01
4.695930e+03
2.566928e-04
1.340750e+03
7.393901e+00
1.915121e-01
8.814726e-01
2.517169e-01
3.339872e+00
1.949384e+03
3.145869e-02
1.823400e+03
4.452921e-02
3.894883e-02
6.072395e-04
2.704360e+01
1.756528e+00
6.594617e-02
3.613383e+00
3.691174e+01
1.037645e-02
3.557245e+00
1.656394e+00
5.342090e-01
1.837470e+00
1.064469e-04
7.002726e-04
6.751117e-03
7.718120e-05
1.385931e-02
9.568611e-01
1.515054e-05
2.083123e-02
2.800478e+00
1.406314e+02
