8.755679e-01
2.998307e+03
8.088574e+00
1.157679e+02
3.770836e+01
1.219308e+02
1.459650e+00
6.164868e-04
5.371065e-02
9.566315e-04
6.435840e+00
8.543585e+04
2.347755e+01
3.692717e-03
2.913333e-02
1.014564e-01
2.715205e-02
1.100019e+06
1.156754e-03
2.703846e+02
6.425651e-01
1.193290e+04
4.552776e+00
9.139399e+00
4.260545e-03
6.824929e-01
3.225207e+01
4.162358e+03
4.156088e+01
1.172080e+01
9.927660e-01
6.768866e+04
9.227343e+01
1.504397e+02
6.552142e+00
2.963580e+02
3.407013e+00
2.114291e-03
2.335853e-03
8.493273e-06
1.457582e+01
3.767514e+03
3.650268e-03
1.609129e+03
1.452464e+01
8.345064e-02
2.561970e+00
4.382419e-01
9.099687e-02
5.829866e+03
7.671746e-03
3.464432e+02
1.508448e-02
5.116820e-01
1.463545e-03
1.580784e+00
2.468949e-01
2.603454e-01
4.349111e-01
2.490496e+01
1.975502e-02
9.544308e+01
1.418022e+00
6.374901e-02
1.045584e+00
1.226158e-03
3.963970e-03
6.734717e-04
1.451835e-05
8.080038e-03
3.969506e-02
1.355818e-04
6.417105e-02
2.610575e+00
1.295768e+02
