1.405217e-01
6.415139e+02
1.220963e+01
3.419290e+01
2.455597e+01
3.568700e+02
2.621285e+00
1.037922e-04
2.923243e-03
7.508466e-04
1.018690e+01
2.602537e+04
1.326974e+00
8.180087e-04
2.202683e-02
8.402057e-02
2.482319e-01
9.597571e+05
3.069652e-03
7.391308e+01
1.210045e-01
1.879902e+04
9.028447e+00
1.515282e+00
6.020078e-02
2.281989e-01
3.658472e+01
5.076316e+02
7.889457e+00
3.596172e+00
8.937763e-01
1.140675e+04
2.893298e+01
1.917466e+01
1.003356e+00
5.697832e+02
2.040254e+00
9.142568e-03
1.062029e-03
9.945909e-05
1.256896e+00
5.607973e+03
2.986122e-04
3.095993e+02
9.278102e-01
1.883468e-01
8.277807e-01
1.924135e-02
4.203026e-01
3.003959e+03
2.813081e-02
6.556272e+02
1.737814e-01
9.572753e-02
1.334645e-03
5.351190e+00
7.106955e-01
3.065366e-01
2.820555e+00
3.675026e+01
1.204003e-02
8.319194e+00
1.326886e+00
1.964671e-01
1.552486e+00
1.582763e-04
1.250268e-03
2.014373e-03
8.694889e-06
3.529713e-02
6.158860e-01
2.091325e-05
1.246132e-02
2.363560e+00
2.591506e+02
