1.932921e-01
4.827926e+02
1.430186e+01
4.106098e+01
1.324638e+02
6.826002e+01
1.287579e+00
1.156456e-04
1.239031e-02
2.221428e-03
9.565901e+00
5.852230e+04
1.512355e+01
5.065024e-04
2.872046e-02
5.193633e-02
3.941072e-02
3.109621e+05
1.809971e-02
1.651216e+02
4.128735e-01
1.077254e+05
2.990460e+01
2.480049e+00
5.880750e-02
2.398318e-01
3.431928e+01
3.267172e+02
3.356987e+00
4.674882e+01
2.146237e-01
6.457783e+03
9.922943e+00
1.639265e+01
2.441605e+00
1.221780e+02
1.707063e+00
4.240619e-03
1.182393e-03
4.650242e-05
1.475243e+01
1.029129e+04
6.639147e-04
5.610463e+02
4.946344e+00
5.544486e-02
4.131190e-01
9.551749e-02
1.992347e+00
1.931721e+03
1.127687e-01
7.968028e+02
3.668299e-02
5.186964e-02
1.479769e-03
6.305121e+00
2.586074e-01
3.029840e-01
3.631058e+00
5.085574e+00
5.121399e-03
1.758454e+01
1.143094e+00
8.792790e-01
1.076968e+00
8.590391e-05
2.339645e-03
9.378709e-03
1.560368e-04
2.609073e-02
1.927949e+00
9.390509e-06
4.823767e-02
2.223588e+00
1.946733e+02
