6.877929e-02
1.000951e+03
2.614459e+01
3.932757e+01
1.485103e+01
1.024522e+02
3.720721e+00
7.175238e-05
1.228758e-02
3.048424e-03
1.154446e+01
3.632085e+04
3.635030e+00
1.576448e-04
7.974587e-02
2.182285e-02
1.188530e+00
7.265614e+05
1.345319e-03
7.890325e+01
5.856153e-01
2.105066e+05
2.849913e+00
8.188019e-01
3.219632e-02
8.149507e-02
1.534381e+02
5.086656e+02
4.039916e+01
1.551721e+00
1.216443e-01
4.957300e+03
8.077315e+00
9.019780e+00
7.743510e-02
2.489417e+01
1.744421e+00
1.390638e-03
1.782490e-03
2.047231e-05
2.229355e+00
3.357357e+03
1.685930e-03
5.231181e+02
2.152465e+00
4.599022e-02
1.242623e+00
1.241562e+00
6.136623e-01
1.679458e+03
9.705996e-03
6.817224e+02
3.504207e-01
3.430978e-02
5.019700e-03
3.242355e+01
2.825579e-01
8.182529e-01
3.374721e+00
6.785242e+01
7.305669e-02
2.495869e+00
1.723010e-01
5.582075e+00
2.883635e+00
2.818017e-04
2.579218e-04
8.470834e-03
1.194487e-05
6.218725e-02
7.472880e-02
5.160820e-05
1.360607e-02
3.584859e+00
6.748658e+02
