6.380252e-01
1.371289e+02
1.953598e+00
7.825392e+00
6.171681e+01
3.612334e+02
1.422673e+00
1.261290e-05
1.918258e-02
5.053414e-03
5.832595e+00
8.644815e+04
1.660605e+00
1.546629e-03
3.684858e-02
1.806063e-02
4.330044e-01
5.224203e+06
4.025514e-02
1.136802e+02
1.968264e-01
2.951607e+05
5.890888e+01
3.780493e+00
2.592507e-01
3.719065e-01
4.181381e+01
3.819713e+03
1.167933e+01
2.398068e+00
4.486416e-01
2.101625e+04
2.524415e+00
3.608776e+01
1.156003e+00
7.272938e+01
1.578895e+00
9.346406e-04
6.012340e-03
5.593706e-05
4.840636e+00
1.389558e+03
2.911164e-04
3.591338e+03
4.495440e-01
3.715823e-02
2.213531e+00
8.747552e-01
6.761597e+00
4.144405e+02
7.965499e-02
9.922886e+02
5.925222e-02
6.684837e-02
1.210850e-03
1.580784e+00
1.186223e+00
1.705412e-01
8.987225e-01
2.722886e+01
6.235632e-03
1.541260e+01
4.282771e-01
8.812369e-01
1.000000e+00
1.623559e-04
2.059547e-03
2.448164e-04
1.577652e-04
4.229339e-02
4.556569e-01
9.526636e-05
1.023346e-02
2.772850e+00
5.817702e+01
