1.550930e-01
1.092279e+03
1.130688e+01
9.760885e+01
2.458605e+01
3.397745e+01
2.701852e+00
4.885157e-05
7.884651e-03
8.518696e-03
1.062495e+00
5.980673e+03
2.586559e+00
1.172165e-04
2.136231e-02
3.587365e-01
7.478755e-02
1.970061e+05
5.648117e-02
1.954210e+02
5.503461e-02
2.850789e+04
2.217784e+01
4.154727e+00
3.307057e-02
1.564465e-01
4.203182e+01
1.397554e+02
3.436663e+01
8.660847e+01
3.955802e+00
1.166830e+05
2.030545e+01
1.425477e+02
1.538703e-01
5.075720e+01
2.733647e+00
1.925852e-02
5.966312e-04
1.039387e-04
1.640283e+00
2.591761e+03
8.617211e-04
5.224987e+02
6.856706e-01
3.633694e-02
5.452852e-02
2.632126e-01
2.290722e-01
5.770922e+02
1.417024e-01
1.157116e+04
2.791225e-02
7.009225e-02
2.317384e-03
4.458649e+00
4.692054e-01
8.306612e-01
7.110588e-01
1.145934e+02
3.404936e-03
1.897482e+00
5.406455e+00
2.383381e+00
1.053776e+00
2.034956e-03
7.935523e-04
5.767511e-04
1.640533e-04
3.141215e-02
3.374555e-01
2.987819e-05
7.292926e-02
3.858926e+00
1.338980e+02
