2.534347e-01
1.386621e+03
1.708514e+01
4.095839e+01
1.519228e+01
2.436487e+02
1.682512e+00
1.343789e-04
6.433105e-03
2.531312e-03
2.920979e+00
2.854496e+04
7.161654e-01
2.217402e-04
1.067993e-02
8.878756e-02
4.752992e-01
2.787154e+06
1.145085e-02
9.466308e+02
6.040672e-01
1.401958e+05
1.138095e+01
1.904205e+00
4.563411e-02
5.909468e-02
2.650395e+01
2.462954e+02
1.459582e+01
3.355116e+01
2.047998e-01
8.704385e+04
1.038574e+01
3.018361e+01
5.155555e-01
4.529179e+02
1.648269e+00
3.803764e-03
8.955161e-04
4.787501e-05
1.116826e+01
5.714528e+03
4.595606e-04
4.646633e+02
1.015728e+00
1.369343e-01
1.257403e+00
5.214361e-01
3.568827e+00
3.293626e+03
6.944531e-02
1.693371e+03
3.385186e-02
2.632762e-02
2.934868e-03
1.008049e+01
5.046675e-01
9.319529e-02
4.203289e-01
1.642652e+01
3.015098e-02
7.002781e+00
7.273424e-01
9.741799e-01
1.023427e+00
2.552129e-04
1.803568e-03
1.220296e-02
8.944930e-05
1.504945e-02
1.036377e+00
9.356589e-06
3.812541e-02
2.018247e+00
3.152815e+02
