5.061759e-01
3.325710e+02
2.279861e+01
3.168261e+01
1.220826e+02
7.155472e+01
1.413303e+00
1.868403e-04
2.865099e-02
6.861411e-04
1.535396e+01
4.983450e+04
4.548350e+00
4.688156e-04
1.743499e-01
2.173429e-01
6.505559e-01
3.518251e+06
4.477937e-03
1.731372e+02
7.471579e-01
1.059048e+05
4.684140e+00
3.476230e-01
4.111260e-02
1.696221e-01
2.266829e+01
6.657721e+02
5.583017e+00
4.225607e+00
4.158501e-01
9.849095e+03
2.494380e+01
8.460097e+00
2.809014e-01
2.487309e+01
1.684713e+00
1.145331e-03
1.495376e-03
5.428357e-05
8.155314e+01
2.763042e+03
8.708492e-04
7.370437e+02
8.487101e+00
2.783043e-01
3.537186e-01
2.735394e-01
1.819664e-01
7.201934e+03
3.337604e-01
4.220734e+03
2.697718e-02
1.308663e-01
1.503727e-03
6.703347e+00
1.105199e+00
4.339184e-01
2.311510e+00
9.088699e+00
7.126166e-03
1.155287e+00
3.898037e-01
2.200203e-01
2.024656e+00
1.069386e-04
4.236896e-04
2.441561e-03
1.627592e-05
6.699678e-03
6.812756e-01
1.299071e-05
8.163075e-02
1.210102e+00
9.399935e+01
