2.413244e-01
4.254837e+02
2.438278e+01
4.865085e+01
3.236558e+01
1.289627e+02
2.032147e+00
2.549883e-04
1.099582e-02
5.206719e-04
8.613072e+00
3.624335e+04
2.431817e+00
1.323071e-03
1.953629e-02
6.538769e-02
9.954185e-02
6.573413e+05
5.681406e-03
2.629800e+02
1.453412e-01
1.802653e+04
7.489456e+00
1.364752e+00
3.056232e-02
2.444892e-01
3.883507e+01
9.098238e+02
4.363262e+00
1.090813e+01
4.053689e-01
2.090099e+04
3.012607e+01
2.374226e+01
2.452857e-01
1.617180e+02
1.302617e+00
5.319376e-03
6.587394e-04
4.786905e-05
3.874749e+00
3.963514e+03
6.384908e-04
6.529752e+02
1.848950e+00
9.839864e-02
3.520076e-01
1.742377e-01
8.744888e-01
2.634120e+03
3.336409e-02
1.482705e+03
3.385873e-02
6.937680e-02
2.788578e-03
1.310750e+01
6.600699e-01
5.128416e-01
4.087257e+00
2.859801e+01
4.092339e-02
3.391095e+00
5.554751e-01
2.563188e-01
1.555017e+00
3.710560e-04
1.349612e-03
8.844397e-04
6.890577e-05
1.700507e-02
1.732652e-01
2.528051e-05
9.651894e-03
1.766318e+00
2.000877e+02
