1.104709e-01
4.055458e+02
5.127899e+01
2.273691e+01
9.341241e+01
1.706964e+02
1.072578e+00
4.470191e-04
1.959840e-03
1.245747e-02
2.906364e+01
4.605395e+04
2.992347e-01
2.188812e-03
1.001844e-01
3.900604e-01
6.057444e-02
6.216162e+06
5.176268e-02
7.391858e+02
1.287000e-01
6.199880e+04
5.037745e+00
3.229546e-01
1.273792e-01
6.893660e-01
2.607942e+00
3.559898e+02
2.391610e+01
3.128518e+00
2.478563e-01
8.446212e+04
5.828016e+01
3.155368e+00
9.766682e-01
5.845665e+02
2.504859e+00
2.000108e-02
5.232822e-04
7.711788e-06
2.090224e+00
3.144626e+04
5.973150e-03
1.029124e+03
6.682507e+00
7.488999e-03
9.119667e-02
1.428486e-02
2.673911e+00
1.884405e+04
1.264725e-01
2.431319e+03
3.304090e-01
1.049060e-01
1.357936e-03
2.647226e+01
4.610804e+00
1.068369e+00
3.164924e-01
2.659483e+00
4.781342e-03
1.392286e+01
3.330341e+00
2.118521e-01
1.072409e+00
1.630337e-04
4.991496e-04
2.448164e-02
3.735914e-06
3.132016e-03
6.060780e-02
4.540706e-06
1.718009e-03
1.277373e+00
2.313910e+02
