3.466429e-01
3.764082e+02
2.228580e+01
2.855452e+01
2.763464e+01
1.110944e+02
1.955193e+00
1.038391e-04
4.563058e-03
9.969495e-04
4.948946e+00
1.976384e+04
2.688174e+00
1.114980e-03
1.880554e-02
5.918026e-02
1.356490e-01
6.343121e+05
2.702366e-03
3.358330e+02
2.147281e-01
4.372331e+04
8.400757e+00
1.003308e+00
2.629986e-02
1.015081e-01
2.218255e+01
3.115757e+02
3.594563e+00
8.400113e+00
3.737154e-01
1.853440e+04
7.592720e+00
1.139413e+01
6.616600e-01
7.773190e+01
1.856482e+00
3.347261e-03
8.898419e-04
4.703014e-05
5.058819e+00
8.517251e+03
6.276413e-04
4.610917e+02
8.073933e-01
6.786615e-02
7.979880e-01
1.337626e-01
1.216524e+00
1.874879e+03
6.680868e-02
1.231600e+03
3.961704e-02
2.577702e-02
1.501681e-03
1.179112e+01
7.421230e-01
1.724179e-01
2.004788e+00
2.393153e+01
2.690495e-02
9.907374e+00
1.048227e+00
4.134111e-01
1.802391e+00
2.097933e-04
1.110277e-03
1.361298e-03
3.118228e-05
1.005514e-02
1.792184e-01
2.474028e-05
1.744168e-02
1.727191e+00
1.489849e+02
