3.633057e-01
8.144876e+02
1.149281e+01
2.134308e+01
4.764257e+01
1.888838e+02
1.780088e+00
1.345496e-04
1.446775e-02
5.078837e-04
4.952299e+00
1.229515e+04
1.897822e+00
8.657649e-04
2.021692e-02
2.728176e-02
1.669287e-01
5.794455e+05
1.972117e-03
1.864956e+02
7.569714e-01
3.312750e+04
1.922756e+01
8.704545e-01
3.493222e-02
1.930638e-01
8.048515e+00
3.288575e+02
1.477668e+00
8.590181e+00
3.207135e-01
1.978521e+04
1.678168e+01
2.666672e+01
9.694586e-01
5.481837e+01
1.255306e+00
8.218794e-03
7.169575e-04
7.727779e-05
1.853166e+00
3.692690e+03
1.038143e-03
2.757521e+02
1.324116e+00
1.520550e-01
1.356964e-01
5.010672e-02
3.463958e-01
3.355008e+03
1.096963e-01
2.932836e+02
1.779488e-02
4.427881e-02
3.018607e-03
4.399397e+00
3.665212e-01
1.511730e-01
3.598746e-01
1.669147e+01
7.795421e-03
3.874032e+00
1.923447e+00
2.724662e-01
1.656337e+00
3.016354e-05
1.114830e-03
1.590645e-03
4.859719e-05
2.801430e-02
7.605756e-01
2.836609e-05
5.142841e-03
1.453484e+00
1.399116e+02
