3.428484e-02
2.042710e+02
1.674859e+01
3.479374e+01
4.658671e+01
1.087407e+02
1.404700e+00
2.465548e-04
2.868642e-02
1.733055e-04
1.098004e+00
1.617815e+04
4.590380e+00
1.537869e-03
6.661879e-02
7.364081e-03
8.073328e-02
4.213306e+05
2.448273e-02
1.952460e+02
5.035715e-01
2.904052e+05
1.523108e+00
2.638806e-01
6.593726e-03
4.257188e-01
1.923118e+02
1.852936e+02
1.221987e+00
2.415492e+00
4.554961e-01
3.573506e+04
3.812530e+01
4.507507e+00
2.299426e+00
1.859761e+03
1.015296e+00
5.769764e-03
6.063755e-04
1.714982e-05
6.356386e+00
7.115945e+04
2.893290e-04
6.012929e+02
1.122683e+01
1.285396e-02
1.628046e+00
3.662159e-01
2.385154e-01
3.992061e+04
1.331388e-01
6.234562e+03
7.604336e-02
1.247997e-02
1.670815e-02
4.283282e+00
3.454100e-01
3.807543e-01
3.380539e-01
7.221798e+01
2.478478e-02
2.526011e+01
1.165178e-01
2.263743e-01
3.901911e+00
1.782342e-03
3.934379e-03
2.448164e-04
2.484261e-05
1.022538e-01
2.094382e-01
3.195483e-05
6.118352e-03
1.000000e+00
5.761371e+02
