9.087544e-02
4.136156e+02
1.106168e+01
3.072739e+00
2.924109e+02
1.690474e+01
1.700669e+00
5.695701e-05
2.949838e-02
1.594122e-03
1.913749e+01
5.760918e+03
2.992347e-01
5.122180e-03
8.523257e-03
3.667793e-02
3.661172e-01
7.264198e+05
6.661214e-03
3.878377e+01
1.246603e-01
1.221405e+05
4.218427e+00
9.681874e-02
2.632487e-03
1.749648e-01
5.886538e+01
5.463945e+01
1.333285e+01
1.769550e+00
3.847573e-01
1.329888e+04
1.908349e+00
3.080534e+00
8.755939e-02
2.854312e+01
2.417070e+00
5.546660e-03
1.445859e-03
8.809212e-05
8.907637e-01
1.632933e+03
7.282602e-05
9.243514e+01
1.745848e-01
7.037924e-03
2.973484e-01
5.726311e-01
9.099687e-02
6.142308e+03
6.294679e-01
1.157116e+02
1.699686e-01
5.780170e-03
4.679859e-04
1.580784e+00
3.674873e-01
8.815547e-01
2.071420e+00
6.272986e+00
1.642894e-02
8.652566e+00
5.367697e-01
2.308146e-01
1.229066e+00
3.593674e-05
1.057929e-02
1.550838e-03
1.136335e-05
9.719586e-03
5.316047e-02
4.066124e-04
4.447400e-02
1.000000e+00
4.193809e+02
