8.056849e-02
3.446914e+02
1.921662e+01
3.598434e+01
1.621147e+02
5.217816e+01
2.822454e+00
6.153289e-05
2.930332e-02
7.255382e-03
5.636949e+01
1.538738e+04
1.232690e+01
1.116449e-03
3.102086e-02
7.046790e-01
1.528963e-01
7.355987e+06
1.010016e-03
1.774441e+03
3.514830e-01
4.839942e+04
4.468537e+01
2.735500e+00
1.807281e-01
5.213478e-02
1.923118e+00
2.446878e+02
2.250267e+00
3.055638e+00
1.236740e-01
8.154470e+03
1.379479e+02
4.449045e+01
3.204435e+00
6.504852e+02
1.188946e+00
2.270569e-03
1.824369e-03
1.171812e-05
1.860631e+01
1.598539e+03
3.793464e-03
2.301238e+03
6.572701e-01
1.851405e-01
1.411634e-01
2.599614e-01
1.802110e+00
1.702681e+03
2.412410e-02
1.157116e+04
2.146884e-01
1.341579e-02
7.889829e-04
7.569290e+01
6.860205e+00
7.229922e-02
1.038975e+00
3.488602e+01
8.993669e-02
8.323211e+01
1.277005e+00
4.449870e+00
2.192712e+00
2.936620e-05
2.388477e-04
9.444356e-03
5.711608e-05
1.989880e-03
5.245242e-01
4.028196e-05
9.662932e-03
3.397107e+00
2.756782e+02
