3.585248e-01
7.673907e+02
3.468180e+01
2.196198e+01
4.996453e+01
3.491329e+02
1.206589e+00
1.000646e-04
7.955363e-04
6.525967e-04
1.603495e+00
1.792031e+05
7.725825e+00
2.933581e-04
1.478618e-02
7.498020e-02
1.442344e-01
1.320075e+06
9.955003e-04
1.213107e+02
7.996157e-02
2.200352e+04
7.144895e+00
5.104878e+00
1.137579e-02
2.406126e-02
6.267290e+01
2.739704e+03
5.270999e+01
6.804857e+00
1.752642e-01
9.632538e+04
3.173919e+00
3.055256e+00
2.130735e-01
4.176521e+01
2.528850e+00
1.710781e-03
3.345189e-04
2.839964e-04
2.620392e+01
5.269001e+04
1.688325e-03
4.795020e+02
4.668438e+00
4.292726e-02
1.346106e+00
5.423266e-01
1.168789e+00
2.016175e+03
1.033192e-02
6.788936e+03
4.013945e-02
2.581250e-01
3.948772e-04
1.675936e+01
4.299661e+00
4.354989e-01
5.786432e-01
1.340545e+01
8.260326e-02
8.498583e+00
4.911025e-01
5.067511e-01
3.755692e+00
1.142524e-03
6.204889e-04
2.068867e-03
6.654756e-06
3.809888e-02
6.487200e-02
1.841878e-05
2.257916e-02
1.937513e+00
2.538975e+02
