1.030633e-01
5.003274e+02
3.209644e+01
1.970801e+02
3.547840e+01
2.880050e+02
1.786259e+00
8.408016e-05
3.151359e-03
5.642830e-03
2.685550e+01
2.228968e+04
9.140275e-01
1.040377e-03
1.851822e-02
1.042164e-01
4.789977e-01
1.819623e+06
2.429446e-03
1.036655e+02
7.064417e-01
5.380044e+04
2.295835e+01
2.157106e+00
3.113708e-02
7.112046e-02
3.483136e+01
4.850338e+02
1.384520e+01
7.412074e+00
1.206688e-01
3.617090e+04
2.046930e+01
1.956991e+00
1.222934e+00
4.479286e+02
2.053881e+00
1.222937e-03
1.068626e-03
6.718954e-05
3.942746e+00
7.875414e+03
2.737491e-03
4.111807e+02
2.088265e+00
5.907542e-02
1.909709e-01
1.908135e-01
1.616870e+00
5.527025e+03
1.770138e-02
1.782412e+03
2.234160e-02
1.045726e-01
3.140382e-03
2.348902e+01
1.320833e+00
2.973354e-01
1.356175e+00
3.424506e+00
6.538819e-03
1.233961e+01
9.582077e-01
8.965646e-01
2.229484e+00
9.130640e-05
5.037119e-03
2.099439e-03
1.437659e-05
3.689069e-02
9.340750e-01
2.007368e-05
4.164457e-03
2.783781e+00
3.130503e+02
