1.844792e-01
2.797495e+03
8.710774e+00
2.008087e+01
4.769718e+00
9.307777e+02
2.166062e+00
2.067700e-04
2.441054e-03
2.803242e-03
5.461973e+01
4.778624e+04
6.483920e-01
8.215585e-04
4.556028e-03
2.126258e-02
9.210481e-02
3.333300e+06
4.199949e-02
2.799385e+03
6.525733e-02
3.426412e+04
3.787296e+01
2.163580e-01
9.076980e-02
2.240884e-02
2.213111e+00
1.799316e+02
4.852998e+01
1.317951e+01
8.991594e-02
1.738770e+04
1.042288e+02
4.560734e+01
4.481103e+00
4.813936e+02
1.405198e+00
2.105067e-02
6.141774e-04
9.797948e-05
1.850266e+01
6.813135e+04
1.767483e-04
2.530309e+03
1.665248e+01
4.861139e-02
4.313085e+00
6.211645e-02
1.070376e-01
8.514735e+02
2.857444e-02
4.360379e+03
1.524835e-02
7.048667e-02
1.485370e-03
2.348043e+01
5.371914e+00
1.153693e+00
2.930903e-01
4.674650e+00
5.281325e-03
1.169343e+01
4.368807e-01
3.678191e-01
3.178011e+00
1.480243e-04
1.825947e-03
5.859874e-03
1.259196e-04
9.922719e-03
6.231627e-02
5.236380e-05
2.972397e-03
1.303706e+00
3.904587e+02
