4.079587e-02
2.686506e+02
1.855614e+01
4.490135e+00
1.290769e+02
3.216953e+01
1.592185e+00
3.102353e-05
1.974991e-02
2.563017e-03
4.710579e+01
9.136548e+03
3.681418e-01
1.387483e-03
7.696461e-03
1.635997e-02
3.460976e-01
4.706220e+05
1.308159e-02
1.345528e+02
5.503461e-02
4.280236e+04
3.972711e+00
9.139399e-02
3.035159e-03
3.950318e-02
2.623794e+01
4.470988e+01
8.646466e+00
1.600086e+00
3.681288e-01
4.336552e+03
4.220917e+00
1.504397e+00
6.552142e-02
5.645303e+01
1.395979e+00
3.612254e-03
1.102200e-03
4.380359e-05
1.007484e+00
2.766872e+03
7.952480e-05
1.090121e+02
3.982577e-01
7.037924e-03
3.057744e-01
7.785090e-01
1.258912e-01
6.460868e+03
7.313805e-01
2.157589e+02
1.198060e-01
5.116820e-03
1.833790e-03
1.730177e+00
3.606274e-01
8.531358e-01
7.317714e-01
2.659483e+00
1.147964e-02
5.469406e+00
7.029145e-01
1.823188e-01
1.573271e+00
3.398253e-05
1.443889e-02
1.962296e-03
5.501575e-06
5.380484e-03
3.969506e-02
9.942825e-05
1.972171e-02
1.082799e+00
4.540668e+02
