2.361673e-01
8.800137e+02
2.694637e+01
3.956679e+01
4.126364e+01
7.131689e+01
2.083625e+00
1.791429e-04
2.860213e-03
6.691629e-04
5.185562e+00
3.076451e+04
2.867057e+00
1.155759e-03
1.870802e-02
1.018966e-01
6.952563e-02
3.956907e+05
5.055010e-03
1.068189e+02
3.036979e-01
3.319961e+04
2.549889e+01
2.157838e+00
3.372452e-02
8.583591e-02
2.049544e+01
3.589976e+02
4.078874e+00
1.182373e+01
2.773975e-01
2.111619e+04
1.555137e+01
1.717994e+01
1.236164e+00
1.275078e+02
1.946912e+00
1.580110e-03
9.946020e-04
4.921014e-05
6.256087e+00
5.572075e+03
4.658863e-04
7.714974e+02
1.410639e+00
5.282652e-02
8.087458e-01
1.921163e-01
9.809320e-01
1.664930e+03
8.045845e-02
1.003666e+03
5.296592e-02
4.370011e-02
4.904350e-04
1.401866e+01
7.614988e-01
1.044870e-01
1.529159e+00
1.600705e+01
1.856214e-02
1.997964e+01
5.255360e-01
2.267236e-01
2.053703e+00
4.762933e-04
5.390161e-04
3.620491e-03
3.177373e-05
2.192933e-02
2.975967e-01
5.625372e-05
1.303810e-02
2.275326e+00
2.510946e+02
