2.006626e-01
1.744923e+02
3.909931e+01
3.279941e+01
7.870203e+00
1.846002e+02
1.573621e+00
2.060315e-04
1.255624e-03
2.958917e-03
6.728885e+00
4.265348e+04
1.877561e+00
8.616493e-04
2.213259e-02
1.876469e-02
6.338878e-02
8.703095e+05
2.572004e-03
2.682908e+02
1.287976e-01
1.639751e+04
6.251736e+00
1.222193e+00
2.398105e-02
9.951678e-02
1.785761e+01
3.568606e+02
5.245220e+00
8.610675e+00
3.101905e-01
5.481484e+03
2.736901e+01
9.698361e+00
4.579417e-01
1.691744e+02
1.532838e+00
3.739008e-03
8.183199e-04
1.097352e-04
7.938250e+00
9.852682e+03
6.181578e-04
4.044807e+02
7.135832e-01
5.794776e-02
1.526471e-01
1.050051e-01
4.525147e-01
5.760408e+03
3.249777e-02
5.554491e+02
4.555629e-02
2.427383e-02
3.318860e-03
3.792478e+00
6.993284e-01
1.465442e-01
2.014599e+00
3.139916e+01
1.220986e-02
1.235107e+01
4.239052e-01
3.925305e-01
1.770672e+00
3.223044e-04
3.504638e-04
1.599685e-03
1.228556e-05
1.954610e-02
1.456678e-01
3.331348e-05
2.265523e-03
1.502228e+00
1.692780e+02
