1.706845e-01
8.141570e+02
3.320866e+01
1.207155e+01
5.061745e+01
4.815149e+01
1.429059e+00
1.791765e-04
2.117936e-03
2.145952e-03
9.138158e+00
1.754622e+04
9.453813e-01
8.595647e-04
1.430373e-02
1.412528e-01
6.666192e-02
1.367459e+06
1.151512e-02
1.401085e+02
1.949515e-01
3.349073e+04
4.744151e+00
1.262934e+00
3.578306e-02
8.214962e-02
1.940209e+01
5.695789e+02
8.701007e+00
2.112529e+01
2.543275e-01
4.833144e+04
1.188812e+01
4.164928e+01
1.195005e+00
1.340428e+02
1.910164e+00
1.456845e-03
1.006841e-03
5.288106e-05
2.734487e+00
2.819955e+03
2.941124e-04
3.131436e+02
1.163818e+00
3.112176e-02
2.907364e-01
2.536360e-01
1.338586e+00
9.965976e+02
4.417088e-02
2.698630e+02
8.897876e-02
3.603099e-02
8.872329e-04
2.688749e+01
4.466277e-01
3.359387e-02
1.314844e+00
9.805966e+00
9.328868e-03
1.608846e+01
6.350592e-01
1.490334e-01
1.523753e+00
9.809801e-05
3.171010e-04
3.767438e-03
1.288928e-05
2.170109e-02
8.332126e-01
3.308280e-05
1.006078e-02
1.966869e+00
2.774356e+02
