2.360098e-01
6.899020e+02
1.208755e+01
2.817049e+01
3.889117e+01
2.431980e+02
1.955961e+00
2.148394e-04
1.717149e-02
5.572094e-04
6.513349e+00
1.477494e+04
1.616729e+00
1.028302e-03
2.485273e-02
4.043472e-02
1.813760e-01
6.049919e+05
2.013753e-03
2.496109e+02
7.318431e-01
3.421717e+04
1.847948e+01
7.910986e-01
3.394640e-02
2.386282e-01
7.501267e+00
2.773119e+02
1.092608e+00
7.930220e+00
3.087423e-01
1.707352e+04
2.609594e+01
3.083170e+01
1.174008e+00
6.484174e+01
1.258976e+00
7.335804e-03
7.984904e-04
5.241422e-05
1.731261e+00
3.462404e+03
7.228162e-04
3.173342e+02
1.185254e+00
1.903251e-01
1.305894e-01
6.712903e-02
3.467046e-01
3.513374e+03
1.242810e-01
2.683698e+02
2.190759e-02
6.123057e-02
3.081580e-03
4.527478e+00
4.133908e-01
1.820986e-01
4.137344e-01
1.818814e+01
1.114142e-02
3.040796e+00
1.502569e+00
4.405211e-01
1.705421e+00
3.382787e-05
9.321363e-04
1.472256e-03
4.798488e-05
2.181365e-02
6.903396e-01
2.982199e-05
6.631550e-03
1.485412e+00
1.580012e+02
