3.337400e-01
8.140442e+02
1.269914e+01
3.374807e+01
5.434342e+01
2.646080e+02
2.189001e+00
1.682237e-04
1.959157e-02
6.727007e-04
4.715865e+00
1.540841e+04
2.096457e+00
1.183469e-03
2.107724e-02
3.838882e-02
2.383639e-01
7.418898e+05
2.439465e-03
2.750544e+02
7.380264e-01
3.118215e+04
2.250752e+01
1.392829e+00
2.381110e-02
2.048802e-01
9.711431e+00
2.336539e+02
1.583688e+00
1.399652e+01
4.522301e-01
1.181130e+04
4.142099e+01
4.263678e+01
1.293601e+00
8.413149e+01
1.465719e+00
7.848518e-03
8.666098e-04
5.713179e-05
2.245313e+00
4.342020e+03
9.698663e-04
4.518622e+02
1.611832e+00
3.015666e-01
1.583333e-01
7.357905e-02
4.216493e-01
3.642504e+03
1.096039e-01
2.903674e+02
2.588220e-02
5.354391e-02
3.116369e-03
5.555905e+00
4.513302e-01
1.899978e-01
6.442529e-01
1.781134e+01
1.751348e-02
3.982344e+00
2.040023e+00
5.239416e-01
1.711635e+00
4.098468e-05
1.052360e-03
1.910549e-03
7.906879e-05
1.908803e-02
7.554946e-01
3.425091e-05
5.061063e-03
1.512587e+00
1.349607e+02
