4.078085e-02
2.483384e+02
2.009946e+01
2.994074e+00
1.746002e+02
1.690474e+01
1.558125e+00
2.879978e-05
8.652396e-03
1.780962e-03
3.046853e+01
5.196470e+03
2.992347e-01
1.208681e-03
6.888041e-03
2.206623e-02
6.110964e-01
3.935807e+05
1.721608e-02
9.267240e+01
5.503461e-02
3.762859e+04
4.808280e+00
9.139399e-02
2.592507e-03
3.575919e-02
2.590120e+01
5.944150e+01
1.574129e+01
1.499181e+00
3.048511e-01
4.901467e+03
2.811391e+00
1.504397e+00
6.552142e-02
3.916340e+01
1.367859e+00
2.313255e-03
1.124507e-03
7.085395e-05
8.907637e-01
1.629449e+03
5.973150e-05
6.123083e+01
2.054308e-01
7.037924e-03
2.483849e-01
4.325892e-01
9.931818e-02
3.408958e+03
6.318327e-01
1.657538e+02
1.270454e-01
5.116820e-03
1.135823e-03
1.580784e+00
6.447079e-01
4.066614e-01
9.270243e-01
2.869921e+00
8.210048e-03
9.812745e+00
4.889054e-01
9.011183e-02
1.341116e+00
3.676592e-05
8.883201e-03
1.909423e-03
8.170402e-06
3.416106e-03
4.155667e-02
1.662542e-04
2.468908e-02
1.000000e+00
4.780945e+02
