4.127419e-01
9.213441e+02
1.262698e+01
2.623321e+01
5.350136e+01
2.075276e+02
1.950603e+00
1.323618e-04
1.557991e-02
6.571099e-04
4.542537e+00
1.349347e+04
2.251984e+00
9.875618e-04
2.021953e-02
3.243111e-02
1.548756e-01
5.701000e+05
2.295703e-03
2.251025e+02
9.552345e-01
4.037484e+04
2.111770e+01
1.000143e+00
3.784341e-02
2.405442e-01
1.023052e+01
3.371582e+02
1.542594e+00
8.942103e+00
3.248715e-01
2.020057e+04
1.534328e+01
3.038988e+01
9.461509e-01
5.451440e+01
1.336514e+00
1.009645e-02
7.934296e-04
8.450607e-05
2.343325e+00
4.222253e+03
1.331717e-03
3.652942e+02
1.686636e+00
1.830037e-01
1.649758e-01
5.094405e-02
3.685494e-01
3.920679e+03
1.136851e-01
3.559486e+02
2.254038e-02
4.321731e-02
3.139012e-03
5.367877e+00
3.655746e-01
1.544802e-01
4.644529e-01
1.756376e+01
9.229085e-03
5.215542e+00
2.324281e+00
3.454613e-01
1.723403e+00
3.061465e-05
1.032544e-03
1.701297e-03
4.785667e-05
2.600769e-02
7.932710e-01
3.055583e-05
5.818579e-03
1.520860e+00
1.466427e+02
