1.352780e-01
4.707049e+02
1.064917e+01
2.645391e+01
2.183093e+01
2.746234e+02
2.212875e+00
1.044882e-04
4.896554e-03
1.135458e-03
3.690462e+00
8.533684e+04
5.309555e+00
1.239205e-03
2.437352e-02
5.461822e-02
1.063014e-01
4.251950e+05
5.778013e-03
3.436630e+02
3.011624e-01
3.432786e+04
1.431609e+01
1.050844e+00
2.094980e-02
1.312598e-01
5.481963e+01
4.177020e+02
4.434273e+00
8.035686e+00
3.735045e-01
3.619415e+04
5.254006e+00
1.214749e+01
5.120483e-01
1.085580e+02
1.915292e+00
8.139722e-03
9.218567e-04
1.425314e-04
7.617238e+00
1.857403e+04
1.084221e-03
1.183954e+03
1.957383e+00
6.635416e-02
5.421743e-01
8.232292e-02
3.749356e-01
2.099365e+03
1.753878e-01
2.675932e+03
2.866490e-02
4.879800e-02
2.107607e-03
1.343041e+01
7.755600e-01
3.900639e-01
1.068312e+00
2.370072e+01
1.520138e-02
1.440898e+01
1.162219e+00
1.213228e+00
1.808347e+00
4.558828e-04
1.173974e-03
1.729846e-03
2.812501e-05
1.814364e-02
3.721410e-01
2.511401e-05
2.159704e-02
2.378675e+00
2.046082e+02
