6.266245e-02
4.069602e+02
1.763007e+01
3.288758e+00
2.204374e+02
2.053636e+01
1.647805e+00
4.223826e-05
9.930252e-03
1.434705e-03
2.075606e+01
5.764515e+03
2.992347e-01
2.479317e-03
4.686575e-03
1.693718e-02
4.924533e-01
4.809257e+05
1.525326e-02
9.716997e+01
5.503461e-02
6.000086e+04
3.779388e+00
9.139399e-02
2.905235e-03
6.017630e-02
2.643959e+01
4.788983e+01
1.275620e+01
1.499181e+00
2.898087e-01
8.238400e+03
3.089614e+00
1.504397e+00
6.552142e-02
3.457977e+01
1.652352e+00
3.206765e-03
1.351480e-03
4.671390e-05
8.907637e-01
1.188827e+03
5.973150e-05
5.285524e+01
1.745848e-01
7.037924e-03
3.029229e-01
5.381037e-01
9.099687e-02
3.505544e+03
4.087495e-01
1.157116e+02
1.103137e-01
5.116820e-03
8.975194e-04
1.580784e+00
5.016096e-01
5.865996e-01
7.559167e-01
2.659483e+00
9.832931e-03
5.847757e+00
4.589552e-01
1.123888e-01
1.375711e+00
3.032679e-05
7.381468e-03
1.990167e-03
6.443266e-06
5.169314e-03
3.969506e-02
2.433004e-04
2.452934e-02
1.000000e+00
4.582788e+02
