1.804735e-01
3.805396e+02
2.775256e+01
5.155695e+01
3.971037e+01
7.757054e+01
2.449317e+00
1.552074e-04
7.076940e-03
9.619070e-04
3.062376e+00
1.051435e+04
1.326913e+00
9.779368e-04
1.999902e-02
6.912012e-02
3.182392e-01
1.958082e+05
3.832900e-03
2.479380e+02
4.341426e-01
3.273109e+04
1.374968e+01
7.330365e-01
1.525185e-02
1.604762e-01
2.856949e+01
5.323866e+02
2.420878e+00
1.788849e+01
4.236697e-01
2.688488e+04
1.914271e+01
1.750390e+01
4.768774e-01
6.450142e+01
1.793487e+00
2.089141e-03
1.117578e-03
2.359561e-05
6.193447e+00
4.216122e+03
2.299642e-04
2.781651e+02
7.853666e-01
9.623078e-02
4.864665e-01
5.789190e-01
1.747450e+00
1.556331e+03
4.365018e-02
6.985949e+02
6.966622e-02
6.494160e-02
2.611590e-03
5.639256e+00
3.212306e-01
8.887091e-02
3.734410e+00
2.775352e+01
2.404948e-02
8.757819e+00
4.334898e-01
5.335627e-01
1.701726e+00
4.626638e-04
5.633665e-04
1.965234e-03
2.702464e-05
1.108094e-02
3.620722e-01
5.838153e-05
1.904257e-02
2.256584e+00
2.074951e+02
