3.055688e-01
7.550724e+02
1.205699e+01
2.075634e+01
4.609714e+01
2.175028e+02
1.834191e+00
1.461762e-04
1.500384e-02
6.115153e-04
5.427230e+00
1.465712e+04
1.486623e+00
1.119571e-03
2.356808e-02
3.182501e-02
1.617051e-01
5.381893e+05
1.790721e-03
2.150028e+02
7.519357e-01
3.093389e+04
1.848344e+01
7.393161e-01
3.666364e-02
2.014430e-01
8.451613e+00
3.052485e+02
1.362901e+00
8.008722e+00
2.621525e-01
2.058215e+04
1.533770e+01
2.569122e+01
8.770258e-01
4.827830e+01
1.232796e+00
8.387749e-03
7.880344e-04
6.690406e-05
1.710674e+00
3.420894e+03
9.333192e-04
2.904319e+02
1.255602e+00
1.706155e-01
1.358307e-01
5.299759e-02
3.466571e-01
3.523775e+03
1.284740e-01
2.968740e+02
1.822220e-02
4.911621e-02
2.970212e-03
4.872596e+00
3.896209e-01
1.559533e-01
3.566119e-01
1.661929e+01
8.203151e-03
3.706191e+00
1.845929e+00
3.781271e-01
1.684101e+00
2.953067e-05
1.061686e-03
1.398276e-03
4.112247e-05
2.432713e-02
7.897645e-01
2.413116e-05
6.844137e-03
1.538461e+00
1.516857e+02
