8.904810e-02
2.384001e+02
1.992040e+01
1.632009e+01
1.021990e+02
8.755025e+01
2.225157e+00
5.490777e-05
1.253282e-02
1.220903e-02
5.477248e+01
2.162435e+04
1.938427e+01
1.569182e-03
2.568274e-02
3.831236e-01
4.751023e-02
3.815104e+06
1.066839e-03
2.249300e+03
1.945024e-01
6.078869e+04
2.696637e+01
3.046752e+00
1.766259e-01
6.895370e-02
2.967456e+00
1.320493e+02
3.314251e+00
2.459758e+00
1.033552e-01
1.370477e+04
5.955229e+01
3.023404e+01
3.128270e+00
8.885623e+02
1.076779e+00
2.536980e-03
1.180033e-03
1.699295e-05
1.038252e+01
1.803254e+03
4.213600e-03
3.893004e+03
1.020093e+00
1.502306e-01
1.597876e-01
5.355662e-01
1.424678e+00
2.277072e+03
2.581956e-02
8.078926e+03
1.348812e-01
1.426836e-02
1.095176e-03
1.535875e+02
3.328321e+00
1.040925e-01
9.946056e-01
3.883453e+01
7.911548e-02
6.793827e+01
1.429677e+00
4.294430e+00
3.014562e+00
4.463279e-05
1.751754e-04
9.979064e-03
2.476897e-05
3.413050e-03
1.295667e+00
2.066637e-05
9.052003e-03
3.562535e+00
2.827623e+02
