2.832596e-01
7.978137e+02
1.178051e+01
2.613868e+01
3.871845e+01
2.475280e+02
1.916501e+00
1.721299e-04
1.676073e-02
5.868927e-04
5.754799e+00
1.629609e+04
1.666255e+00
1.330884e-03
2.285120e-02
3.723669e-02
1.918793e-01
6.038436e+05
1.913409e-03
2.554493e+02
7.100210e-01
3.120024e+04
1.751926e+01
8.422247e-01
4.379742e-02
2.535265e-01
7.076889e+00
3.152240e+02
1.175087e+00
1.062925e+01
3.124930e-01
1.992723e+04
2.108561e+01
2.975245e+01
1.017917e+00
5.709838e+01
1.251854e+00
9.664632e-03
8.350466e-04
7.022583e-05
1.627808e+00
3.760201e+03
8.397869e-04
2.536822e+02
1.259608e+00
2.040101e-01
1.489899e-01
6.832597e-02
3.375203e-01
3.663836e+03
1.512547e-01
2.551821e+02
1.720812e-02
6.544044e-02
3.027401e-03
4.666881e+00
3.304335e-01
1.507297e-01
3.637857e-01
1.796787e+01
8.861139e-03
3.433123e+00
1.751145e+00
3.767837e-01
1.755252e+00
3.197248e-05
9.262750e-04
1.693338e-03
4.575008e-05
2.553301e-02
8.868997e-01
2.762893e-05
6.811318e-03
1.539824e+00
1.673653e+02
