1.957552e-01
1.294886e+03
2.194177e+01
1.756658e+02
2.348642e+01
2.568965e+02
2.810245e+00
1.126798e-04
2.789805e-03
7.686744e-04
3.156069e+00
8.376731e+04
3.122454e+00
1.314229e-03
1.360585e-02
2.383209e-02
8.239300e-02
1.556722e+05
2.877560e-03
1.602804e+02
2.091318e-01
4.835125e+03
2.251807e+01
5.501508e-01
1.921651e-02
3.152875e-01
1.893844e+01
1.368627e+02
1.926084e+00
9.397976e+00
1.815974e-01
6.036114e+03
1.214889e+01
1.720329e+01
7.498114e-01
6.057394e+01
2.067770e+00
2.936273e-03
8.703776e-04
3.510474e-05
6.994395e+00
4.627740e+03
8.417111e-04
1.658560e+03
6.414984e-01
9.364195e-02
3.565093e-01
6.870624e-02
3.493161e-01
2.431270e+03
3.148807e-02
1.147329e+03
6.073441e-02
2.375965e-01
1.022784e-03
5.924110e+00
6.749431e-01
7.562757e-01
2.213029e+00
8.156688e+00
3.158094e-03
5.177692e+00
9.003953e-01
5.065804e-01
1.852337e+00
4.943395e-04
5.766759e-04
1.121706e-02
1.259023e-05
4.019683e-02
3.559981e-01
1.942838e-05
2.194464e-02
1.920691e+00
3.058229e+02
