3.617968e-01
4.130421e+02
2.870427e+01
4.348524e+01
1.306311e+01
9.140854e+01
1.981285e+00
1.030070e-04
3.054088e-03
2.716178e-03
7.914680e+00
1.534056e+04
1.566665e+00
3.130742e-03
1.128858e-02
1.212033e-02
1.913397e-01
3.870838e+05
9.202608e-03
4.905434e+02
1.666456e-01
3.268807e+04
1.030256e+01
1.968286e+00
4.864479e-03
4.608399e-02
3.539912e+01
3.739504e+02
3.298952e+00
2.974804e+01
1.243684e-01
1.590259e+04
2.125979e+01
1.533288e+01
6.328290e-01
2.342920e+02
1.510250e+00
1.113675e-03
1.968853e-03
6.876526e-05
2.097838e+01
3.874434e+03
1.266759e-04
2.711126e+02
5.917059e-01
6.824223e-02
2.440917e+00
2.564502e-01
8.617420e-01
1.283727e+03
1.158782e-01
1.768579e+03
1.020354e-01
9.625751e-02
1.546858e-03
2.827199e+01
2.723473e-01
3.959532e-02
1.158624e+00
3.136287e+01
2.324334e-02
2.172874e+01
6.394524e-01
5.660904e-01
2.134847e+00
6.071019e-04
3.336798e-04
1.303472e-03
6.492931e-05
4.263044e-03
3.786469e-01
2.977871e-05
8.141570e-03
1.878657e+00
1.471171e+02
