4.382893e-01
5.045465e+02
3.309161e+01
3.392722e+01
2.531670e+02
6.639400e+01
1.558756e+00
1.140368e-04
8.788471e-03
1.527984e-03
1.113335e+00
4.154652e+04
6.251854e+00
5.875606e-04
1.647338e-02
5.357102e-01
2.747559e-01
3.131670e+05
1.074950e-03
2.188330e+02
1.349480e-01
1.362387e+04
2.659577e+01
1.394838e+00
9.189100e-02
7.911729e-02
1.404033e+01
8.216046e+02
4.596047e+00
1.180524e+01
1.448857e-01
7.877088e+03
9.313042e+00
1.298923e+01
3.284486e-01
1.897180e+02
2.527282e+00
1.476007e-03
9.896268e-04
1.780325e-04
2.649568e+01
1.331548e+04
1.289537e-04
6.348005e+01
9.858585e-01
1.220539e-01
1.560707e-01
2.823977e-01
2.342320e-01
2.799422e+04
1.111652e-01
7.111837e+02
1.447566e-02
1.178765e-01
6.239359e-04
6.695860e+00
7.503640e-01
3.131709e-01
1.440396e+00
1.488254e+01
3.895548e-02
1.050264e+01
1.565404e+00
1.509002e-01
2.011389e+00
5.303993e-04
1.238386e-03
4.761338e-03
1.839655e-05
8.289991e-03
7.056583e-01
1.803194e-05
2.429048e-03
1.865596e+00
1.451681e+02
