1.291541e+00
2.135643e+02
1.376161e+01
2.994074e+02
2.381929e+01
4.450147e+02
2.839761e+00
2.153914e-05
1.747070e-03
2.433557e-03
6.235091e+00
2.863575e+05
1.547484e+01
1.568145e-03
5.404139e-02
3.023522e-01
6.873478e-02
1.942032e+06
5.373268e-02
5.095224e+01
1.421669e-01
2.727020e+04
7.722055e+01
1.550849e-01
9.203163e-03
1.036266e+00
1.498059e+02
2.337469e+02
4.501846e+01
4.012111e+00
2.589144e+00
1.664827e+05
2.184147e+00
9.399875e+00
2.534235e-01
8.344727e+02
2.017696e+00
1.129493e-02
1.439302e-03
5.203752e-05
1.376506e+01
4.296447e+03
4.391007e-04
5.070234e+03
1.187552e+00
1.569734e-01
3.815291e+00
1.219340e-01
2.565538e-01
3.992061e+04
4.537802e-02
8.457869e+02
5.209022e-02
1.045031e-01
1.888478e-03
4.040810e+00
2.964444e+00
2.254526e+00
1.114366e+01
1.104832e+02
2.361389e-02
2.500776e+00
6.546692e-01
6.374901e+00
2.867102e+00
1.497460e-03
1.359132e-03
3.430046e-03
7.494097e-06
1.067241e-01
9.180480e-02
1.076449e-05
6.874810e-03
3.459948e+00
5.252746e+01
