7.000575e-01
3.070415e+01
1.235373e+01
1.367842e+01
2.913516e+01
3.915314e+01
3.634290e+00
1.699304e-04
5.442912e-02
2.743609e-03
4.757447e+01
8.015820e+03
5.993045e+00
8.514965e-04
7.160347e-03
2.327504e-02
6.072055e-02
5.922704e+06
1.104277e-03
5.460487e+02
1.718258e-01
2.951607e+05
1.792651e+00
9.139399e+00
1.172447e-02
1.708923e-01
3.485559e+01
1.825429e+03
1.412406e+01
1.018715e+01
3.812111e+00
1.099991e+05
1.748893e+01
5.294838e+01
4.423331e-01
8.931868e+01
1.076102e+00
2.177985e-03
1.167012e-03
4.790165e-05
2.135114e+01
2.868794e+03
4.807829e-04
1.869044e+03
6.192318e-01
1.866028e-01
1.910419e+00
3.682188e-01
2.522268e-01
9.260107e+02
2.776635e-01
3.388355e+02
3.620379e-01
8.887192e-02
1.137693e-02
5.978865e+01
4.907029e+00
1.695771e-01
2.240111e+00
9.088799e+01
1.188657e-01
8.131524e+00
6.535244e-01
6.374901e+00
1.211631e+00
4.918100e-04
3.393327e-03
3.028316e-03
1.266041e-04
6.361049e-02
2.444362e-01
1.345326e-05
4.487302e-03
1.290270e+00
4.961313e+01
