9.820016e-01
1.157258e+03
2.112182e+01
2.166531e+01
1.948559e+01
7.176436e+01
2.293200e+00
3.020387e-05
1.419349e-02
8.566446e-03
4.493122e+00
1.498945e+04
3.104259e+00
6.249632e-04
5.620760e-02
1.131069e-01
3.198499e-01
4.054781e+05
5.769061e-03
8.379544e+02
7.185818e-01
1.019882e+05
7.766471e+01
1.058742e+00
1.759937e-02
1.129789e+00
8.786796e+00
8.737485e+02
7.374892e-01
8.085180e+00
2.789070e-01
1.508695e+04
6.274764e+01
1.579599e+01
3.819958e-01
2.533178e+02
1.594174e+00
1.914045e-03
7.410856e-04
1.307371e-04
9.779103e+00
6.471030e+03
4.602133e-03
1.314421e+03
1.001229e+00
1.057636e-01
3.354336e+00
2.318494e-01
7.008967e-01
4.146451e+03
4.313704e-02
1.174107e+03
4.901810e-02
5.384237e-02
5.377952e-03
1.785349e+01
5.746751e-01
2.222953e-01
3.431939e+00
1.505946e+01
7.349744e-02
1.005173e+01
1.385896e+00
4.547645e-01
1.318217e+00
1.706357e-04
6.153643e-03
8.709826e-04
2.600989e-05
2.214633e-02
1.520344e-01
1.485127e-05
1.349674e-02
2.545185e+00
9.024878e+01
