1.127836e-01
1.775899e+02
1.914606e+01
6.338486e+01
4.260458e+01
4.758238e+02
1.270438e+00
2.174911e-04
3.176305e-02
1.003437e-03
1.151221e+01
3.185378e+04
1.793415e+00
9.931010e-04
2.493671e-02
8.581843e-02
4.820883e-01
7.711585e+05
1.585881e-03
1.155738e+02
1.123368e+00
1.689543e+04
4.750966e+01
3.166494e+00
1.683618e-01
6.397499e-01
9.561959e+00
1.943572e+02
1.181790e+01
1.617326e+01
2.420463e+00
1.225229e+05
5.410252e+01
7.426107e+00
2.683771e+00
5.460791e+02
1.184035e+00
1.854012e-03
1.508485e-03
7.610546e-05
1.113588e+01
4.414001e+04
1.100463e-03
1.175083e+03
1.633059e+00
2.414918e-02
2.076929e-01
3.806635e-02
8.724343e-01
1.013046e+03
3.305023e-02
7.925939e+02
1.771482e-01
1.070491e-01
2.484331e-03
4.868462e+00
8.388206e-01
2.007266e-01
8.936294e-01
9.668414e+00
4.789095e-03
3.512656e+00
2.721799e-01
5.124941e+00
1.408847e+00
1.501700e-03
3.144436e-04
1.679919e-03
1.154437e-04
1.176636e-02
9.081766e-02
1.510676e-04
5.387775e-02
2.165332e+00
2.449050e+02
