8.954085e-01
1.065998e+02
1.167967e+01
4.024029e+00
2.324379e+02
4.167108e+01
2.502616e+00
1.381794e-04
7.881762e-03
3.773208e-04
1.389425e+01
2.618320e+04
1.377937e+00
1.691703e-03
8.261319e-03
1.088117e-01
1.435516e-01
8.889781e+04
4.837855e-02
3.064124e+02
8.435983e-02
9.831767e+03
2.471161e+01
8.900116e-01
1.716896e-01
1.189216e-01
3.836126e+00
8.329362e+02
4.913997e+00
6.796411e+01
1.467538e-01
7.879316e+04
6.220792e+01
2.458439e+00
3.152624e-01
1.208074e+03
1.086492e+00
7.463921e-04
3.060327e-03
4.347115e-05
2.986330e+00
2.455366e+04
3.593298e-03
2.323271e+02
4.110614e+00
4.467021e-01
1.794522e+00
2.927542e-01
2.834398e-01
1.078008e+03
8.734397e-02
6.871375e+02
4.847865e-02
6.682502e-02
6.438436e-03
2.317354e+01
5.974010e-01
4.393546e-01
6.736978e+00
9.435614e+01
6.376376e-02
2.538944e+01
4.313256e+00
7.525438e-01
2.221612e+00
6.082826e-05
5.170448e-04
5.721372e-03
2.236273e-04
1.489221e-02
5.157458e-02
5.009926e-05
2.133865e-02
1.867968e+00
9.708363e+01
