3.369520e-01
1.021719e+03
1.667766e+01
3.285618e+01
5.278836e+01
1.344237e+02
1.116227e+00
8.622065e-05
1.172679e-03
4.315552e-04
2.217972e+01
1.874581e+05
1.768356e+01
7.453353e-03
8.457106e-02
1.889612e-02
7.104982e-02
2.262271e+05
3.242747e-03
2.731441e+03
6.899829e-01
6.942121e+04
4.911217e+01
3.322931e-01
9.254378e-02
2.152520e-01
8.781726e+01
2.506832e+03
6.964314e-01
2.758393e+01
6.276346e-02
1.305095e+04
1.379479e+00
5.497513e+01
1.104125e+00
1.105373e+03
2.121750e+00
9.995473e-03
5.902954e-04
7.650000e-04
2.161482e+01
7.008970e+03
1.604651e-03
4.286903e+02
5.738870e+00
3.407296e-01
1.842409e+00
3.891529e-02
5.178918e+00
2.255687e+03
1.798781e-02
3.797561e+02
1.568913e-02
2.216599e-02
8.611293e-03
8.430823e+00
6.467698e-01
1.147328e+00
4.973368e+00
1.224254e+02
1.273806e-02
9.544308e+01
9.841356e+00
2.405566e-01
1.353324e+00
4.609575e-05
2.211339e-03
3.135992e-03
6.594237e-05
1.078687e-01
1.295447e-01
5.783490e-05
5.641971e-03
1.601915e+00
1.364387e+02
