3.118009e-01
6.121232e+02
2.082295e+01
3.176579e+01
8.478995e+01
1.209029e+02
2.208403e+00
7.306348e-05
1.251780e-02
9.707315e-04
9.160182e+00
2.575933e+04
1.978083e+00
1.685173e-03
3.479637e-02
1.125426e-02
2.545738e-01
1.517874e+06
3.543885e-03
6.353886e+02
3.964623e-01
4.433771e+04
1.918929e+01
4.431186e+00
1.874831e-02
1.855997e-01
2.273230e+01
3.394176e+02
3.799574e+00
2.916995e+01
1.022326e+00
4.596716e+04
2.662753e+01
1.223047e+01
2.616913e+00
2.499229e+02
1.785025e+00
1.993862e-03
7.324421e-04
1.014945e-04
9.689222e+00
9.036310e+03
7.344336e-04
6.495484e+02
2.834313e+00
1.983738e-01
9.033505e-01
1.757516e-01
7.065961e-01
2.275336e+03
4.178219e-02
7.953116e+02
9.862601e-02
3.364619e-02
2.770953e-03
2.926128e+01
4.119059e-01
2.706831e-01
4.976771e+00
1.796289e+01
2.528279e-02
1.004250e+01
1.978532e+00
9.893507e-01
2.071443e+00
3.949800e-04
8.172011e-04
2.916236e-03
4.861650e-05
3.356461e-02
1.132308e+00
5.086857e-05
2.034171e-02
2.136602e+00
1.523353e+02
