1.113835e-01
1.457828e+02
1.743022e+01
7.892510e+01
6.029897e+01
5.059446e+02
1.141886e+00
1.679814e-04
1.645313e-02
7.556742e-04
6.320827e+00
2.988354e+04
3.710850e+00
1.400934e-03
5.094842e-02
8.047158e-02
6.071146e-01
5.466560e+05
3.264651e-03
3.031595e+02
1.037476e+00
1.857171e+04
2.882976e+01
5.084026e+00
3.399673e-02
1.160749e+00
1.131524e+01
6.212190e+02
3.790985e+00
2.157543e+01
3.420732e+00
4.844707e+04
1.873627e+01
5.697990e+00
2.291765e+00
1.126461e+03
1.009777e+00
1.641379e-03
1.323212e-03
8.642339e-05
1.340308e+01
3.675965e+04
9.092523e-04
1.279009e+03
2.014633e+00
2.940808e-02
3.593444e-01
3.926550e-02
1.036719e+00
2.841179e+03
6.615752e-02
6.176354e+02
1.962885e-01
1.073990e-01
2.194730e-03
4.097811e+00
4.897992e-01
2.628676e-01
8.322378e-01
2.246228e+01
1.557718e-02
2.903213e+00
4.939859e-01
4.103128e+00
1.343727e+00
2.654182e-03
1.641650e-04
1.671225e-03
2.815617e-04
9.889545e-03
1.785206e-01
8.936964e-05
2.469514e-02
2.122913e+00
1.848475e+02
