1.242090e+00
2.262001e+02
6.305098e+00
2.134038e+01
1.739876e+02
8.172643e+02
1.000000e+00
3.419256e-04
4.183392e-03
1.536909e-04
2.373586e+01
4.282390e+04
5.115541e+00
3.931026e-04
3.214238e-02
4.864807e-01
7.715012e-01
1.204524e+06
2.582985e-02
1.536372e+03
6.763521e-01
1.605185e+05
4.047375e+00
3.714665e+00
3.587194e-02
1.328943e-01
1.280371e+01
2.068721e+02
4.435732e+01
1.442260e+01
7.302527e-01
4.925927e+04
1.928628e+01
1.504397e+00
2.296460e-01
7.643256e+01
1.976926e+00
1.149223e-03
3.245950e-03
7.650000e-04
4.924965e+01
3.968832e+04
2.960946e-04
2.589722e+02
9.480621e-01
2.021954e-01
5.452852e-02
5.624437e-02
9.099687e+00
8.181068e+03
5.849125e-01
1.159801e+03
1.689146e-02
4.300152e-01
1.504242e-02
1.506635e+01
1.434507e-01
7.415095e-01
6.642438e-01
1.878636e+02
2.312586e-02
1.146897e+00
9.285434e+00
6.828197e-02
1.780951e+00
1.064732e-04
2.241195e-04
2.192502e-02
3.233767e-05
1.989880e-01
5.671907e-02
1.951837e-04
2.193549e-02
1.123385e+00
6.630746e+01
