9.839069e-02
1.858096e+02
1.669693e+01
6.650937e+01
5.146355e+01
5.377163e+02
1.005585e+00
1.866044e-04
1.462875e-02
9.209418e-04
5.925410e+00
2.081361e+04
2.710247e+00
1.154273e-03
2.709451e-02
6.986871e-02
5.728453e-01
4.963562e+05
1.785479e-03
1.866294e+02
1.024029e+00
1.571177e+04
6.637418e+01
4.057846e+00
7.464053e-02
7.835231e-01
8.160157e+00
2.611229e+02
2.431168e+00
1.777592e+01
2.117456e+00
3.828434e+04
3.021568e+01
5.890144e+00
3.159197e+00
3.509088e+02
1.085568e+00
1.466635e-03
1.254999e-03
7.806877e-05
1.220331e+01
8.161104e+04
9.350146e-04
8.018181e+02
1.952589e+00
2.275111e-02
2.677667e-01
4.035061e-02
9.226119e-01
9.407081e+02
3.688840e-02
6.491421e+02
1.316146e-01
5.703259e-02
2.716463e-03
2.150584e+00
3.815820e-01
2.554303e-01
1.003005e+00
1.298508e+01
8.586212e-03
5.211848e+00
3.357812e-01
2.119094e+00
1.154608e+00
1.673889e-03
1.717542e-04
1.408792e-03
2.008868e-04
9.141361e-03
1.391759e-01
1.379982e-04
3.107600e-02
2.077065e+00
1.969266e+02
