1.116820e-01
2.683442e+02
2.641802e+01
6.461894e+01
9.217063e+00
7.913222e+01
2.393077e+00
5.083834e-04
1.912393e-03
4.524189e-04
9.668679e+00
7.994158e+04
4.114438e+00
3.624910e-03
8.816917e-02
2.716563e-02
9.685574e-01
2.335825e+05
8.410765e-03
2.085885e+03
1.032791e+00
1.172082e+05
1.564769e+01
2.020595e+00
1.383769e-02
3.636875e-01
1.339100e+02
9.596083e+02
4.047011e+00
7.077549e+00
2.067441e+00
7.485140e+03
8.220684e+01
5.175278e+01
6.301770e+00
1.366601e+03
1.953488e+00
1.185870e-03
1.333910e-03
9.436192e-05
4.783135e+01
4.428248e+04
1.808606e-04
1.922476e+03
3.456683e+00
1.728627e-01
9.776350e-02
3.181997e-02
4.220425e+00
1.255427e+04
5.581994e-01
2.907076e+03
6.328002e-02
9.684482e-03
1.671491e-03
7.563214e+01
7.971717e-02
1.249294e-01
1.137863e+01
2.296226e+02
3.327695e-03
2.395277e+00
1.849328e+00
5.178008e+00
1.493931e+00
3.083180e-05
3.719896e-04
1.025474e-02
3.587906e-05
3.091392e-03
2.162350e-01
3.127208e-05
4.422892e-02
2.534780e+00
2.229808e+02
