8.948301e-02
2.079116e+02
2.282783e+01
7.990874e+01
5.509713e+01
3.808511e+02
1.193282e+00
1.890973e-04
9.119579e-03
5.058260e-04
5.355227e+00
3.469386e+04
3.374488e+00
1.544327e-03
6.094972e-02
5.880805e-02
6.049906e-01
4.146835e+05
5.084338e-03
4.271110e+02
1.190879e+00
2.149862e+04
3.325967e+01
3.893104e+00
2.495912e-02
9.284296e-01
9.712876e+00
5.513196e+02
2.858974e+00
1.537419e+01
3.582137e+00
4.063089e+04
1.507436e+01
6.100990e+00
3.039655e+00
1.324932e+03
1.090055e+00
1.829289e-03
1.125715e-03
1.058113e-04
2.032275e+01
3.574256e+04
7.703873e-04
1.099450e+03
3.738772e+00
2.556436e-02
4.267958e-01
3.778115e-02
1.051467e+00
5.490185e+03
4.855680e-02
4.990740e+02
2.978196e-01
8.096895e-02
1.750665e-03
3.308943e+00
4.146747e-01
2.483207e-01
6.408675e-01
2.460489e+01
8.296727e-03
2.385771e+00
4.588242e-01
2.860386e+00
1.354965e+00
2.617658e-03
2.119270e-04
1.651606e-03
1.810692e-04
9.179217e-03
2.577517e-01
6.356435e-05
2.487998e-02
2.238479e+00
2.492988e+02
