1.120659e-01
3.075839e+02
1.730500e+01
1.175018e+01
2.760727e+01
1.150347e+02
1.495428e+00
1.840856e-04
5.574955e-03
2.156844e-03
9.459258e+00
2.481786e+04
5.655423e+00
3.525974e-03
1.558421e-02
2.687046e-01
1.401526e-01
4.416587e+05
6.063730e-03
9.166978e+02
5.269126e-01
2.114104e+04
5.813707e+01
2.607276e+00
5.847424e-02
5.391316e-02
1.528082e+01
2.469311e+02
1.589486e+01
3.782155e+00
8.801112e-01
3.027489e+04
1.590022e+01
2.142784e+01
3.249233e-01
5.722674e+02
1.911448e+00
3.823257e-03
7.568758e-04
2.493150e-04
1.931171e+01
2.037248e+04
4.616220e-04
3.705929e+02
3.924464e+00
4.370846e-02
3.267608e-01
7.100048e-02
3.074497e+00
1.845641e+03
2.186141e-02
1.715831e+02
5.956031e-02
2.138390e-02
2.150912e-03
1.087648e+01
5.455847e-01
9.820338e-02
3.938081e+00
1.076569e+02
1.701203e-02
5.495069e+00
5.856886e-01
7.030316e-01
1.632656e+00
5.932070e-05
1.043631e-03
9.104928e-04
1.494879e-04
1.066754e-01
6.502466e-01
2.645769e-05
8.366894e-03
1.669498e+00
2.765319e+02
