1.046482e-01
2.276019e+02
1.997883e+01
6.025490e+01
3.774373e+01
5.537494e+02
1.175953e+00
1.752911e-04
2.046861e-02
1.335969e-03
1.652008e+01
3.115998e+04
1.693986e+00
9.786127e-04
2.439379e-02
9.479284e-02
3.107296e-01
9.381106e+05
2.635471e-03
1.070211e+02
1.157323e+00
1.893013e+04
5.975762e+01
3.879674e+00
1.614689e-01
7.477105e-01
5.261945e+00
1.982334e+02
4.427233e+00
1.639111e+01
4.251047e+00
6.550000e+04
6.416645e+01
8.395918e+00
2.508753e+00
4.277206e+02
1.077371e+00
2.163104e-03
1.134933e-03
7.299836e-05
1.195916e+01
6.946733e+04
1.025602e-03
1.736071e+03
1.983710e+00
1.961589e-02
2.654964e-01
5.210167e-02
7.357808e-01
1.058501e+03
5.503708e-02
7.659983e+02
1.331151e-01
6.067715e-02
2.474979e-03
2.357336e+00
6.465227e-01
1.794979e-01
7.013546e-01
1.146585e+01
6.468549e-03
3.891094e+00
1.442667e-01
5.594733e+00
1.294835e+00
2.606570e-03
2.183323e-04
1.473626e-03
1.870543e-04
9.185014e-03
9.521886e-02
1.545918e-04
6.728953e-02
2.315466e+00
2.458545e+02
