1.038544e-01
1.358347e+02
1.688586e+01
6.896496e+01
5.534774e+01
6.082649e+02
1.029905e+00
2.394297e-04
1.752305e-02
1.004976e-03
6.459683e+00
2.599929e+04
3.159597e+00
1.139664e-03
4.654358e-02
8.579182e-02
7.640039e-01
4.668396e+05
1.792974e-03
3.590604e+02
9.570837e-01
1.873258e+04
4.352099e+01
6.205952e+00
5.136263e-02
9.667781e-01
9.280674e+00
4.880686e+02
2.774689e+00
2.232676e+01
2.510167e+00
5.701355e+04
2.879281e+01
5.941767e+00
2.467533e+00
5.431014e+02
1.035637e+00
1.319252e-03
1.398778e-03
9.104531e-05
1.166116e+01
6.380630e+04
1.142119e-03
9.408353e+02
1.833107e+00
2.478986e-02
3.430768e-01
4.695587e-02
1.089716e+00
1.515338e+03
5.662726e-02
5.653602e+02
1.916489e-01
8.104727e-02
2.711353e-03
3.306914e+00
4.451178e-01
2.737563e-01
7.037756e-01
2.029584e+01
1.191446e-02
3.686423e+00
4.509547e-01
2.378914e+00
1.303390e+00
2.687392e-03
2.321709e-04
1.528832e-03
2.754427e-04
1.188873e-02
1.234506e-01
1.082366e-04
2.587604e-02
1.989180e+00
1.810233e+02
