3.551199e-01
4.180836e+02
1.696524e+01
2.133929e+01
9.739447e+01
8.398356e+01
2.282520e+00
7.481986e-05
2.813394e-03
8.184709e-03
1.140111e+01
5.882617e+03
6.894407e-01
2.119295e-03
1.742955e-02
4.624506e-01
5.320438e-02
4.277935e+05
1.711367e-02
2.293907e+02
4.521768e-01
4.065464e+04
2.014400e+01
1.882108e+00
7.873729e-02
8.203013e-02
9.744166e+00
3.579164e+02
1.642430e+01
1.909993e+01
1.848868e+00
7.536171e+03
1.250488e+02
2.207997e+01
5.570124e+00
2.339137e+02
2.093290e+00
2.889956e-03
4.893228e-04
2.678040e-05
7.005688e+00
5.105687e+03
4.507852e-03
1.928755e+03
2.668846e+00
5.245912e-02
1.363944e-01
9.409382e-02
3.797021e+00
3.297082e+03
6.569560e-02
1.745247e+03
3.037258e-02
4.517356e-02
2.064033e-03
7.013251e+00
9.988010e-01
1.159249e+00
6.118605e+00
1.052237e+01
6.336446e-03
1.202957e+01
7.718728e-01
2.265767e-01
2.414611e+00
9.870659e-05
4.128214e-04
9.184684e-03
1.532173e-05
5.756707e-02
1.007871e-01
6.184341e-05
2.594898e-02
2.577051e+00
1.341143e+02
