2.145362e+00
2.007512e+03
1.934309e+02
6.237370e+00
2.805031e+02
2.123089e+01
1.137702e+00
3.301712e-04
4.369934e-03
1.851924e-03
7.714061e-01
3.940328e+04
5.628216e+00
1.588892e-04
7.950892e-03
6.755758e-02
2.340162e-01
6.812481e+05
5.464677e-03
7.673722e+01
6.633531e-01
2.568725e+05
5.004107e+00
4.556241e-01
1.205143e-02
5.397341e-02
8.974933e+00
1.024689e+02
1.200495e+00
4.797756e+01
2.839507e-01
5.805912e+03
3.127737e+01
3.589718e+00
9.672716e-01
1.152683e+03
2.889745e+00
5.949126e-03
4.775263e-03
1.032575e-04
1.611317e+01
3.060054e+04
2.346044e-03
8.426654e+02
5.474620e-01
1.886576e-02
8.588596e-01
1.036121e+00
2.531817e+00
2.620308e+03
5.090758e-02
1.309146e+02
1.829035e-01
6.105287e-02
1.349874e-03
2.794542e+01
2.511827e+00
2.021398e-01
1.859633e+01
1.621978e+01
1.906221e-02
3.637819e+00
1.837620e+00
2.196405e-01
2.682798e+00
9.152457e-04
6.483092e-03
1.677788e-03
6.075695e-06
6.261370e-03
2.601635e-01
1.363041e-05
1.046023e-02
3.770921e+00
6.839182e+01
