2.143949e+00
1.330165e+03
5.315971e+01
2.017164e+02
1.126592e+02
4.778362e+01
3.088873e+00
1.870300e-04
7.875765e-02
4.628825e-03
9.719595e+00
6.405882e+03
1.108523e+01
2.041288e-03
8.034359e-03
2.965011e-01
4.471227e-02
2.057627e+06
2.304562e-02
3.188308e+02
4.259243e+00
2.951607e+05
5.354413e+01
8.565029e+00
2.424080e-02
3.004668e-02
2.472381e+01
2.989654e+03
2.797789e+01
8.025436e+00
5.037785e+00
7.603049e+04
1.552086e+01
1.464817e+01
7.901182e-01
1.426999e+02
1.505318e+00
6.486591e-03
6.378149e-04
5.814531e-05
4.561193e+01
8.562744e+02
6.528254e-05
4.753868e+02
4.297274e+00
2.771640e-02
5.452852e+00
1.293756e-01
1.993283e+00
4.261407e+03
3.597183e-02
1.238389e+03
2.168585e-02
6.636705e-02
1.670815e-02
3.614862e+01
9.604695e-02
3.812198e-01
4.262107e-01
6.849321e+01
1.646825e-01
1.059672e+01
2.913759e-01
2.505567e+00
1.910186e+00
1.713596e-03
1.443889e-02
1.638838e-02
2.203726e-05
7.340325e-02
2.493998e+00
2.359833e-04
8.455921e-02
3.389784e+00
1.027135e+02
