3.737739e-01
1.656088e+03
2.254017e+01
3.896155e+01
2.115109e+01
1.365811e+02
2.016558e+00
1.723493e-04
2.031080e-03
2.819943e-03
5.223487e+00
1.017701e+05
1.409826e+01
3.667514e-03
1.806679e-02
1.164777e-01
1.123665e+00
1.418826e+06
1.471781e-02
3.153856e+02
6.787796e-01
1.644088e+05
1.383724e+01
4.413116e+00
5.155047e-02
1.506074e-01
1.825253e+01
3.099222e+02
7.319439e+00
1.106855e+01
2.547085e-01
5.574121e+04
2.796516e+01
9.952243e+01
6.550160e+00
3.319821e+02
2.067604e+00
1.013965e-03
1.636025e-03
3.991427e-05
5.588542e+01
7.705925e+03
1.470896e-04
1.229781e+03
3.336709e+00
3.049212e-01
4.650221e-01
2.838876e-01
1.777719e+00
2.134750e+03
2.719781e-02
7.996363e+02
6.543455e-02
8.045595e-02
2.425564e-03
3.307539e+01
3.833983e-01
6.059397e-01
2.893244e+00
1.356205e+01
8.121363e-03
9.688961e+00
6.943929e+00
1.975201e-01
2.172598e+00
9.550587e-04
1.136993e-03
2.475581e-03
2.806158e-05
1.097768e-02
1.184870e+00
1.725697e-05
3.775392e-02
1.849372e+00
2.183334e+02
