3.214821e-01
5.048086e+02
1.449730e+01
3.856504e+01
9.907586e+01
3.030487e+02
1.917761e+00
1.275474e-04
1.044077e-02
1.011839e-03
1.234527e+00
1.149706e+04
7.605559e+00
1.004749e-03
1.718636e-02
2.042626e-01
6.182562e-02
5.477194e+05
1.071001e-02
1.021834e+02
1.237889e+00
7.867857e+04
1.663165e+01
2.020325e+00
1.316357e-02
2.169867e-01
6.196180e+01
1.956039e+02
8.583677e+00
7.784730e+00
1.756376e+00
8.815579e+04
1.729439e+01
6.976759e+00
1.956367e+00
6.564556e+02
1.834925e+00
2.223726e-03
1.083161e-03
1.148786e-04
8.978267e+00
4.323239e+03
6.205369e-04
1.898065e+02
2.021137e+00
8.792641e-02
2.017204e+00
2.841701e-02
4.715589e-01
2.934115e+03
9.880554e-02
2.254016e+03
1.525817e-02
3.804208e-01
2.606634e-03
1.461599e+01
3.639870e-01
6.722233e-02
1.301351e+00
1.512628e+01
4.497609e-02
1.455214e+01
1.274568e+00
6.707507e-01
1.845703e+00
1.873436e-04
7.281607e-04
2.420500e-03
9.449103e-06
1.098913e-02
1.766091e+00
3.812084e-05
4.943193e-03
1.815463e+00
1.511036e+02
