3.208830e-01
7.021342e+02
2.530377e+01
2.737824e+02
5.420034e+01
5.094723e+01
2.679993e+00
1.451195e-04
6.639280e-02
1.990547e-03
3.496390e+00
1.365908e+04
1.185932e+00
1.706311e-04
1.202797e-01
6.463222e-01
1.230477e+00
1.053132e+05
3.541678e-03
3.725589e+03
1.339866e-01
1.590572e+04
1.203180e+01
2.957933e-01
2.316437e-02
6.796419e-01
1.543021e+02
1.747266e+02
1.414817e+00
5.914334e+00
6.784335e-01
5.607803e+04
2.333098e+01
1.540881e+00
2.388386e+00
1.840010e+03
2.202928e+00
3.887343e-03
4.909182e-04
5.721228e-05
7.575710e+01
4.843034e+04
2.901107e-04
1.401333e+02
6.087763e+00
3.834462e-02
5.784887e-01
1.244593e-01
1.068331e+00
7.244338e+02
6.395536e-02
4.091904e+03
1.806755e-02
1.246294e-01
1.511570e-02
4.020494e+00
1.072984e+00
2.799783e-01
4.364593e+00
1.272034e+01
5.214299e-02
1.655532e+00
2.365673e+00
3.940988e+00
1.058654e+00
3.763672e-04
1.393557e-03
1.537959e-02
8.279931e-06
4.996163e-02
1.700695e-01
5.990474e-05
7.559346e-02
1.887687e+00
1.885174e+02
