2.323698e+00
2.434801e+03
1.602692e+02
6.123744e+00
1.890794e+02
1.690474e+01
1.067332e+00
3.209137e-04
2.880248e-03
2.020545e-03
5.636949e-01
5.939811e+04
3.308269e+00
1.288699e-04
6.209364e-03
6.756169e-02
2.319202e-01
4.463096e+05
6.242359e-03
8.218309e+01
4.133323e-01
2.215547e+05
5.256313e+00
3.326552e-01
1.024994e-02
5.707344e-02
9.873031e+00
5.337361e+01
1.186949e+00
3.783851e+01
2.811787e-01
4.197078e+03
2.678546e+01
1.504397e+00
7.136063e-01
1.576269e+03
2.192736e+00
4.505393e-03
4.517386e-03
8.024032e-05
8.635866e+00
2.761137e+04
1.304350e-03
7.905516e+02
3.453370e-01
1.370907e-02
1.086901e+00
7.030176e-01
1.653109e+00
3.557056e+03
4.861834e-02
1.183333e+02
9.701774e-02
3.396121e-02
7.736943e-04
3.503623e+01
2.544602e+00
3.274787e-01
1.162616e+01
7.262110e+00
2.424107e-02
2.639804e+00
1.659895e+00
2.272994e-01
2.175253e+00
1.137708e-03
7.043156e-03
1.225424e-03
5.214346e-06
5.937373e-03
1.252163e-01
9.326566e-06
6.897000e-03
3.902380e+00
6.302863e+01
