1.833542e-01
1.661309e+03
3.740944e+01
6.686443e+01
1.564516e+02
1.690474e+01
2.360269e+00
4.820234e-04
1.146505e-03
5.492317e-04
5.636949e+01
2.829102e+05
3.267462e+00
2.652147e-04
8.374015e-02
7.046790e-01
2.195151e-02
2.531239e+05
9.785048e-03
5.222934e+02
4.181795e-01
1.219291e+05
2.614338e+00
1.623884e+00
1.012525e-01
3.546749e-02
1.633735e+01
7.826717e+02
4.593191e+01
1.237949e+02
8.374194e-01
8.243403e+04
7.902214e+00
4.685184e+00
2.947181e-01
2.211888e+01
3.372189e+00
6.327160e-03
1.553731e-03
7.370303e-05
2.166022e+00
3.092649e+04
7.304660e-05
5.519029e+02
1.748844e+00
7.037924e-01
2.418812e+00
7.241698e-02
1.520262e+00
1.765542e+04
7.671746e-01
1.583542e+02
8.942973e-03
4.181521e-02
7.472939e-04
3.823724e+00
5.329502e-01
5.399005e-01
2.335459e-01
7.568309e+01
6.444164e-03
6.564742e+01
5.716901e+00
6.737818e-01
2.578139e+00
8.573164e-05
1.150511e-03
2.448164e-02
4.452585e-06
1.374196e-02
3.969506e-02
3.050943e-05
1.198311e-02
1.274504e+00
3.129045e+02
