2.302142e-01
1.652216e+03
3.636213e+01
5.344341e+01
2.202643e+01
1.235485e+02
1.417083e+00
4.773408e-04
6.400360e-03
2.260556e-03
1.407884e+01
2.918802e+04
7.855129e-01
6.150723e-04
1.067843e-01
1.072301e-01
2.098529e-02
7.355987e+04
6.367049e-03
2.333157e+02
5.503461e-02
7.763618e+03
5.959853e+00
3.688613e-01
3.921294e-02
5.764666e-02
2.362339e+01
5.175612e+02
2.650695e+01
9.366503e+00
1.593624e+00
3.274562e+04
1.794288e+01
1.562136e+01
2.102567e-01
6.284749e+01
1.515785e+00
2.714565e-03
2.375886e-03
3.603533e-04
2.781773e+01
8.562744e+04
2.905648e-04
4.721332e+03
1.745848e-01
2.772286e-02
1.806699e+00
1.103790e-01
3.241824e+00
6.923359e+03
7.671746e-03
7.776090e+02
4.385964e-01
1.583768e-01
4.837450e-04
8.243965e+01
1.390136e-01
2.151230e+00
5.198678e+00
2.482229e+01
4.853783e-03
9.544308e-01
2.269253e-01
3.593333e-01
1.000000e+00
3.582081e-04
2.586840e-04
2.984120e-04
7.840241e-06
1.989880e-03
2.100816e+00
1.238967e-05
1.856669e-02
2.060426e+00
2.185672e+02
