3.105538e-01
1.694558e+03
2.277155e+01
2.818806e+01
1.351906e+01
8.649085e+01
1.957417e+00
1.518897e-04
1.736158e-03
2.318606e-03
6.062598e+00
8.760003e+04
1.013377e+01
3.647842e-03
1.952256e-02
7.929904e-02
9.622976e-01
1.076136e+06
1.586827e-02
4.637633e+02
4.349918e-01
1.007110e+05
1.179176e+01
3.318703e+00
5.165436e-02
1.517204e-01
1.845841e+01
2.683614e+02
6.564416e+00
1.494115e+01
1.888004e-01
5.293793e+04
2.777910e+01
9.737571e+01
5.484229e+00
3.243777e+02
2.052992e+00
8.588250e-04
1.748337e-03
3.464039e-05
5.559689e+01
8.615460e+03
1.814485e-04
1.499818e+03
2.496522e+00
4.023466e-01
4.964495e-01
2.451669e-01
1.551261e+00
1.856021e+03
1.995084e-02
6.323172e+02
8.060718e-02
5.893471e-02
2.795620e-03
3.356463e+01
3.443716e-01
8.802875e-01
3.368118e+00
1.041761e+01
9.148024e-03
1.105460e+01
6.889480e+00
1.696445e-01
1.991075e+00
8.803276e-04
8.686048e-04
3.803287e-03
3.412800e-05
1.273695e-02
1.330589e+00
1.838576e-05
2.792544e-02
1.806709e+00
2.386524e+02
