7.992634e-02
3.429843e+02
2.079518e+01
3.113949e+01
2.203346e+01
8.920544e+01
1.581723e+00
1.688422e-04
7.732508e-03
1.018629e-03
3.131690e+00
1.406986e+04
3.092009e+00
7.793281e-04
2.083579e-02
2.394290e-02
3.660841e-02
5.689622e+05
2.919183e-03
1.853580e+02
2.707952e-01
3.652302e+04
1.464602e+01
4.501884e-01
3.479840e-02
3.981785e-02
2.211630e+01
2.150854e+02
3.646151e+00
1.895941e+01
2.930741e-01
1.358666e+04
2.073700e+01
4.347053e+01
4.666634e-01
4.821114e+02
1.877837e+00
5.254386e-03
7.165050e-04
7.533112e-05
1.500124e+01
9.099537e+03
8.461746e-04
1.100699e+02
1.966199e+00
9.969098e-02
3.191362e-01
7.931894e-02
2.083362e+00
6.693081e+03
2.823332e-02
2.921028e+03
8.928643e-02
8.371578e-02
7.555687e-04
8.064867e+00
1.487490e+00
6.871011e-02
1.995790e+00
2.463841e+01
8.634585e-03
4.675435e+00
1.836113e-01
6.271596e-01
1.477635e+00
2.689576e-04
3.091046e-03
8.670889e-03
9.180385e-06
1.584464e-02
1.001392e+00
2.514428e-05
7.892529e-03
2.425083e+00
3.809059e+02
