7.719285e-02
2.650282e+02
1.845295e+01
2.781345e+01
1.812870e+01
8.977463e+01
1.484717e+00
1.672757e-04
8.566180e-03
9.252805e-04
2.307537e+00
1.276451e+04
2.765710e+00
5.096865e-04
3.571301e-02
2.650006e-02
2.295815e-02
4.888613e+05
2.516572e-03
1.645413e+02
2.563729e-01
2.712190e+04
1.732751e+01
3.711884e-01
2.722137e-02
4.523923e-02
2.390687e+01
1.869418e+02
4.244478e+00
1.010851e+01
3.426904e-01
9.448334e+03
1.931590e+01
2.427314e+01
6.564130e-01
2.473074e+02
1.640140e+00
3.568526e-03
5.129649e-04
8.092677e-05
9.334285e+00
1.052449e+04
6.192216e-04
1.338172e+02
1.789065e+00
4.469349e-02
2.301931e-01
7.024763e-02
1.481298e+00
4.612236e+03
3.726162e-02
3.045215e+03
1.255077e-01
1.255524e-01
6.346043e-04
7.478942e+00
1.034397e+00
1.100652e-01
1.961286e+00
4.166794e+01
9.480693e-03
5.221405e+00
2.250507e-01
5.303015e-01
1.575974e+00
2.720635e-04
2.095474e-03
4.580146e-03
1.048461e-05
2.323285e-02
5.418952e-01
2.929873e-05
4.528513e-03
2.134434e+00
3.110036e+02
