2.689488e-01
8.101215e+02
2.079767e+01
2.427330e+01
4.111063e+01
1.124384e+02
2.058864e+00
1.055141e-04
4.622448e-03
1.326721e-03
1.390567e+00
4.096877e+04
2.958039e+00
4.456209e-04
2.768614e-02
9.300476e-02
4.417164e-01
5.872286e+05
8.237400e-03
5.477109e+02
1.394045e-01
3.882130e+04
1.237772e+01
9.170005e-01
4.590604e-02
9.586732e-02
2.481753e+01
2.727335e+02
2.893007e+00
1.542884e+01
8.913188e-02
1.568397e+04
1.245112e+01
8.925921e+00
1.408014e+00
2.516441e+02
1.272417e+00
1.296261e-03
1.209151e-03
3.248328e-05
5.449980e+00
7.329748e+03
1.403282e-04
4.372115e+02
2.433284e+00
5.995457e-02
2.773016e-01
9.239596e-02
5.923192e-01
1.253382e+03
4.304106e-02
1.192341e+03
1.887391e-02
7.586637e-02
1.075258e-03
1.357401e+01
7.778577e-01
1.904644e-01
2.350012e+00
7.961438e+00
1.228121e-02
7.515541e+00
1.654215e+00
5.511196e-01
2.168132e+00
6.772162e-04
1.572503e-03
1.071056e-03
1.299059e-05
1.255294e-02
1.001834e-01
1.935493e-05
9.358573e-03
1.746594e+00
1.850171e+02
