1.957215e+00
7.116311e+02
1.124933e+01
1.350732e+02
2.042136e+02
3.122489e+01
2.555000e+00
1.353535e-04
5.595803e-02
6.454762e-03
1.269284e+01
1.155611e+04
8.546206e+00
3.147344e-03
6.806615e-03
3.009333e-01
1.586193e-02
3.951942e+06
1.015772e-02
2.657784e+02
4.637820e+00
2.951607e+05
3.608511e+01
2.792769e+00
1.859370e-02
3.522786e-02
1.802681e+01
1.960105e+03
6.348747e+01
2.996431e+00
1.605813e+00
1.418631e+04
9.175943e+00
8.651252e+00
6.531584e-01
4.232539e+01
1.093649e+00
4.982062e-03
4.003725e-04
6.389810e-05
2.276496e+01
8.562744e+02
5.973150e-05
4.315838e+02
1.624648e+00
2.888290e-02
4.030898e+00
7.263092e-02
2.350387e+00
2.091577e+03
4.173505e-02
1.003459e+03
4.802994e-02
9.829009e-02
7.945802e-03
1.185375e+01
7.423449e-02
1.258682e-01
8.439295e-01
6.892672e+01
7.120004e-02
8.748281e+00
2.937811e-01
1.054013e+00
1.949909e+00
8.807107e-04
7.755096e-03
5.250781e-03
2.850111e-05
8.322668e-02
1.058841e+00
5.762456e-05
5.734684e-02
2.679135e+00
2.934603e+01
