3.310939e-01
1.595781e+03
2.125223e+01
2.838305e+01
2.116620e+01
1.088916e+02
2.015792e+00
1.481459e-04
2.326531e-03
2.773549e-03
5.020659e+00
9.349354e+04
1.348030e+01
3.586052e-03
1.575012e-02
1.325659e-01
9.451534e-01
1.338316e+06
1.892804e-02
3.791460e+02
5.613530e-01
1.514369e+05
1.352586e+01
3.792105e+00
5.132092e-02
1.312526e-01
1.819675e+01
3.082358e+02
6.615753e+00
1.035715e+01
2.295029e-01
5.075068e+04
2.639003e+01
8.461980e+01
4.717624e+00
3.443382e+02
1.988324e+00
1.006521e-03
1.389776e-03
3.783846e-05
5.326039e+01
6.466165e+03
1.703062e-04
1.071678e+03
3.160732e+00
3.379329e-01
5.083521e-01
2.665526e-01
1.769588e+00
1.949923e+03
2.841320e-02
6.945423e+02
5.690131e-02
5.902498e-02
2.549217e-03
3.183703e+01
3.985881e-01
6.961129e-01
2.859053e+00
1.337346e+01
1.001983e-02
7.997946e+00
5.156119e+00
1.630360e-01
2.107611e+00
7.230053e-04
8.682472e-04
3.070024e-03
3.522588e-05
9.283595e-03
1.140937e+00
1.943060e-05
3.607121e-02
1.747427e+00
2.055696e+02
