2.515170e-01
2.931459e+02
2.782684e+01
5.301041e+01
2.528465e+01
9.431880e+01
2.108513e+00
9.726451e-05
6.864410e-03
1.823620e-03
4.600336e+00
2.741232e+04
3.520967e+00
2.287865e-03
2.919865e-02
2.539147e-02
7.362332e-01
1.664229e+05
2.027265e-03
6.549731e+01
3.241144e-01
3.682548e+04
5.145364e+00
4.098958e-01
1.146544e-02
1.790586e-01
4.644874e+01
1.407007e+03
5.256061e+00
1.018782e+01
1.842454e+00
1.377327e+04
1.909524e+01
1.385662e+01
6.616952e-01
1.185383e+02
2.596120e+00
3.154543e-03
6.649887e-04
4.914743e-05
1.352881e+01
2.127264e+04
1.753573e-03
2.248053e+02
2.400753e+00
3.620292e-02
3.585504e-01
2.263133e-01
2.329262e-01
3.019109e+03
1.209502e-01
2.818826e+03
5.520107e-02
3.932300e-02
8.539495e-04
1.188934e+01
1.658297e-01
1.852870e-01
6.379735e+00
4.014053e+01
6.960750e-03
3.281434e+00
2.031987e+00
1.386229e+00
2.031654e+00
1.923119e-04
5.808882e-03
2.455381e-03
8.851884e-06
3.518052e-02
1.876179e-01
1.959636e-05
2.027597e-02
2.114758e+00
1.332436e+02
