3.242318e-01
7.962937e+02
3.535354e+01
2.854097e+01
5.387369e+00
6.693218e+01
1.953996e+00
1.570773e-04
1.146828e-03
1.323183e-03
5.524176e+00
1.924223e+04
1.779178e+00
1.898835e-04
1.841322e-02
7.759358e-02
1.214154e-01
5.736464e+05
8.056797e-03
3.821747e+02
8.496037e-02
2.055552e+04
1.002855e+01
1.004925e+00
7.680176e-02
6.556708e-02
1.622973e+01
1.237213e+02
6.989098e+00
1.633644e+00
4.886210e-01
4.074734e+03
7.453227e+00
8.038482e+00
1.042113e+00
3.183192e+01
2.242747e+00
1.241785e-03
2.505171e-03
5.979472e-05
3.281848e+00
6.314694e+03
2.352077e-04
1.431318e+03
1.346167e+00
7.886088e-02
1.265491e+00
1.322952e-01
3.737956e-01
1.630976e+03
3.959181e-02
5.166466e+02
2.923755e-02
1.783740e-02
3.101099e-04
1.541910e+01
1.437032e-01
4.796138e-01
1.881738e+00
5.391150e+00
8.884362e-03
1.185747e+00
2.462654e+00
1.825812e-01
1.781338e+00
1.450517e-04
7.314881e-04
7.992463e-04
7.505007e-06
3.319372e-03
2.696925e-01
3.516115e-05
4.346471e-03
2.191420e+00
1.984745e+02
