3.071412e-01
3.110412e+02
2.031388e+01
6.495728e+01
1.147550e+01
1.919845e+02
1.369899e+00
2.160850e-04
3.915373e-03
8.034651e-04
2.539499e+00
1.081256e+04
1.434978e+00
1.001591e-03
8.121323e-03
1.835109e-02
4.387661e-02
2.786608e+05
8.386867e-04
5.240015e+02
2.079090e-01
1.047404e+04
1.407586e+01
2.340834e+00
1.073120e-02
8.252933e-02
7.499281e+00
4.000292e+02
4.747314e+00
9.335184e+00
6.990121e-01
7.671420e+04
1.940627e+01
6.019479e+00
2.645308e-01
1.610142e+02
1.444072e+00
4.045418e-03
6.032792e-04
7.096496e-05
3.509466e+00
2.138519e+03
1.751819e-04
2.232414e+02
1.438362e+00
6.236741e-02
1.538338e-01
3.964794e-02
7.832595e-01
3.039033e+03
2.872745e-02
4.900057e+02
9.501054e-03
9.848828e-02
9.520362e-04
2.162798e+01
5.022652e-01
3.187842e-01
2.345842e+00
2.116542e+01
2.300906e-02
1.789902e+00
7.181430e-01
9.875874e-01
1.037752e+00
1.285364e-03
8.977254e-03
3.274563e-04
2.649405e-05
1.525283e-02
2.475866e-01
2.106402e-05
7.410576e-03
2.161892e+00
1.336272e+02
