1.932447e-01
7.204884e+02
1.954734e+01
4.611046e+01
4.282054e+01
2.045041e+02
2.862088e+00
2.112032e-04
3.207639e-03
4.219830e-04
5.599195e+00
1.002919e+04
2.853855e+00
5.589958e-04
2.254321e-02
1.218610e-01
1.921687e-01
1.417890e+05
3.655285e-03
1.092372e+02
3.148332e-01
1.821278e+04
1.241885e+01
1.185071e+00
1.656284e-02
9.328394e-02
2.989209e+01
6.747420e+02
9.033576e+00
1.287691e+01
1.320834e-01
7.196798e+04
9.517606e+00
7.806878e+00
8.499234e-01
1.582390e+02
2.015726e+00
1.231592e-03
1.328923e-03
3.046738e-05
8.525189e+00
3.115778e+03
4.417360e-04
6.859526e+02
1.011328e+00
7.153512e-02
2.204111e-01
5.724750e-02
1.284328e+00
4.604893e+03
8.387421e-02
1.325075e+03
1.920764e-02
4.618080e-02
3.011380e-03
1.600675e+01
2.012584e-01
3.635456e-01
5.634937e-01
1.282357e+01
1.443280e-02
8.653358e+00
2.950088e+00
4.939631e-01
2.107678e+00
3.548064e-04
1.915293e-03
2.981473e-03
2.032206e-05
5.963469e-03
2.535346e-01
4.576848e-05
9.478067e-03
2.351606e+00
2.844184e+02
