4.604131e-01
3.027032e+03
2.038215e+01
6.104815e+01
3.911145e+01
1.050346e+02
1.718008e+00
1.542880e-04
8.958234e-03
3.094581e-03
8.754331e-01
2.356035e+04
1.852057e+00
9.340946e-04
9.557074e-03
5.607527e-02
1.560885e-01
4.982051e+05
9.378510e-03
7.966329e+02
5.814225e-01
4.754569e+04
2.941223e+01
4.761603e+00
7.924933e-03
8.157611e-02
1.868251e+01
3.103526e+02
2.880941e+00
2.335699e+01
3.443239e-01
3.224019e+04
2.174366e+01
2.141486e+01
1.599286e+00
2.369237e+02
1.293261e+00
1.541352e-03
1.523685e-03
5.970672e-05
1.352371e+01
1.887755e+04
5.217213e-04
2.369081e+02
1.059873e+00
7.272830e-02
6.415449e-01
5.482733e-01
2.784251e-01
2.827089e+03
1.122644e-01
1.397543e+03
4.163669e-02
5.648357e-02
1.499892e-03
2.967932e+01
2.380939e+00
2.395374e-01
1.328269e+00
2.664456e+01
1.159840e-02
9.198415e+00
3.021609e+00
6.614742e-01
2.366855e+00
6.500289e-04
1.725001e-03
2.651418e-03
4.401300e-06
9.570192e-03
3.827109e-01
5.055557e-05
6.372192e-03
2.397281e+00
2.372333e+02
