1.396629e-01
6.523005e+02
2.315881e+01
3.219969e+01
7.127867e+01
7.878219e+01
2.255283e+00
1.029318e-04
2.572727e-03
7.589290e-04
3.281364e+00
2.191278e+04
2.382400e+00
2.499182e-03
4.448695e-03
1.314897e-01
4.808935e-02
4.230505e+05
6.080034e-03
2.109624e+02
5.249531e-01
2.822396e+04
1.066311e+01
4.478262e-01
1.188146e-02
7.224553e-02
8.322766e+00
2.704103e+02
1.603318e+00
5.229304e+00
7.840911e-01
1.135484e+04
1.013746e+01
1.451610e+01
1.853127e+00
1.768527e+02
1.408606e+00
3.100129e-03
7.047193e-04
1.587037e-05
9.362866e+00
5.003271e+03
5.172087e-04
1.515700e+02
6.835906e-01
2.527415e-02
3.188802e-01
2.820003e-02
5.044141e-01
3.930047e+03
1.918801e-02
4.898087e+02
3.936896e-02
3.648263e-02
1.755399e-03
1.917964e+00
4.407243e-01
1.035306e+00
2.142211e+00
7.423854e+00
3.962685e-02
1.282877e+01
2.647245e+00
4.156519e-01
2.355357e+00
1.215780e-04
3.910503e-04
1.232880e-03
1.816080e-05
1.066331e-02
3.309743e-01
4.588579e-05
4.386474e-03
2.509196e+00
3.128297e+02
