6.407942e-01
4.566825e+02
2.532673e+01
2.994688e+01
5.869079e+01
1.814966e+02
1.457996e+00
5.531203e-05
1.133666e-02
4.853217e-04
8.339251e+00
4.716699e+04
2.401377e+00
1.282774e-03
2.093059e-02
3.884066e-02
1.294980e-01
1.233114e+06
4.342129e-03
1.718340e+02
3.371287e-01
1.584031e+04
1.384379e+01
3.627313e+00
1.479680e-02
5.824667e-01
1.589680e+01
3.687683e+02
2.569415e+00
6.378081e+00
6.902912e-01
2.630664e+04
1.813392e+01
2.431378e+01
3.740681e-01
3.065945e+02
2.274761e+00
2.112078e-03
7.382463e-04
4.831828e-05
8.033490e+00
9.308573e+03
1.202578e-03
6.560936e+02
4.038915e+00
4.975034e-02
1.768726e-01
1.557716e-01
4.960307e+00
9.631244e+03
3.182756e-02
3.116969e+02
7.768799e-02
2.778875e-02
1.134650e-03
1.329341e+01
5.738446e-01
9.926850e-02
4.048835e+00
1.846086e+01
2.245854e-02
5.892539e+00
2.919043e-01
1.884052e-01
1.773897e+00
2.915307e-04
4.441704e-04
2.912017e-04
7.377601e-05
2.183313e-02
1.045278e+00
1.028960e-05
9.019862e-03
3.005503e+00
1.071742e+02
