5.634569e-01
8.144497e+02
2.466742e+01
2.620087e+01
3.521641e+01
1.152155e+02
1.574145e+00
5.409010e-05
8.887780e-03
1.869058e-03
6.332027e+00
3.331793e+04
1.197552e+00
1.940700e-03
1.155841e-02
2.988754e-02
1.121048e-01
1.029574e+06
9.814927e-03
5.280801e+02
3.278263e-01
6.798867e+04
5.050177e+00
4.763872e-01
1.068521e-02
4.303967e-02
9.694673e+00
1.385053e+02
1.943762e+00
4.704850e+00
6.262983e-01
9.091632e+03
6.360506e+00
2.370442e+01
1.255840e+00
5.439466e+01
1.879266e+00
5.866428e-03
8.236657e-04
5.626389e-05
5.731960e+00
5.103038e+03
3.238018e-04
6.924161e+01
1.419744e+00
5.598438e-02
7.753775e-01
9.676749e-02
3.822054e-01
3.790098e+03
4.766591e-02
1.431712e+03
5.488778e-02
4.123237e-02
1.235033e-03
1.058893e+01
4.584544e-01
5.642380e-02
1.867967e+00
1.601182e+01
8.188001e-03
2.152908e+00
1.560991e+00
5.918473e-01
1.963591e+00
2.228766e-04
1.462559e-03
3.051368e-03
4.287039e-05
7.602190e-03
1.763270e-01
2.552572e-05
7.214812e-03
1.856641e+00
1.176532e+02
