2.756948e-01
1.129587e+03
2.711174e+01
1.242768e+01
2.179241e+01
2.282393e+01
2.894602e+00
1.650866e-04
7.555508e-03
1.510866e-03
2.795701e+00
4.971702e+04
3.429556e+00
3.272907e-03
5.164080e-03
9.314157e-02
3.785717e-01
1.102748e+06
6.258539e-03
4.183177e+02
2.881854e-01
6.567760e+04
1.370532e+01
1.006104e+00
3.202308e-02
5.977281e-02
2.535392e+01
4.562803e+01
4.423552e+00
3.955225e+00
2.327461e-01
9.215038e+03
9.178163e+00
1.960271e+01
1.370879e+00
3.822974e+01
1.303485e+00
2.529562e-03
7.812106e-04
9.859273e-06
1.131082e+01
1.079504e+04
5.477823e-04
2.616732e+02
8.407649e-01
3.440962e-02
1.001625e-01
1.041359e-01
1.950311e+00
2.876642e+03
1.922434e-01
5.944608e+02
3.143317e-02
7.528943e-02
8.742384e-04
4.607350e+00
3.333496e-01
6.759960e-01
1.244040e+01
1.453631e+01
4.464512e-02
2.903525e+00
3.878194e+00
6.817708e-01
1.581955e+00
2.863047e-04
3.608140e-04
2.342139e-03
1.510018e-05
8.760691e-03
8.905139e-01
2.241400e-05
1.016085e-02
2.312205e+00
2.067566e+02
