3.639208e-01
1.229373e+03
1.600620e+01
5.172908e+01
1.161752e+02
8.696356e+02
2.179984e+00
1.091997e-04
9.348811e-04
9.675877e-03
1.790865e+01
6.143395e+04
1.367551e+01
2.876715e-04
9.538729e-03
5.838257e-02
3.977028e-02
1.675194e+06
4.763397e-03
2.332961e+03
1.877540e+00
8.671494e+04
5.059197e+01
1.101756e+00
2.651090e-02
8.008449e-02
1.846027e+01
1.748659e+03
2.254793e+00
4.310300e+01
3.927019e+00
1.157458e+04
8.064564e+01
1.493547e+01
7.933647e-02
1.599730e+03
1.113971e+00
1.839339e-03
1.275103e-03
5.353430e-05
3.501967e+01
6.683799e+03
4.340123e-03
1.222236e+03
8.839071e-01
1.143867e-02
4.358746e-01
2.638710e-01
3.410262e+00
1.286664e+04
1.430865e-01
9.652315e+02
1.231698e-02
3.193383e-02
1.417358e-03
1.401543e+02
2.498551e+00
9.167210e-02
8.808670e+00
6.204065e+01
4.364200e-03
2.498870e+01
2.485410e+00
1.628904e-01
2.783583e+00
9.795859e-05
6.513692e-03
7.146424e-03
2.022960e-05
7.113043e-03
1.493198e-01
2.330326e-05
1.116355e-01
2.464588e+00
1.489785e+02
