1.467700e-01
5.630386e+02
5.524633e+01
2.313660e+02
3.585030e+01
7.328558e+02
1.565801e+00
3.001069e-04
8.980700e-03
4.951021e-03
1.806430e+00
7.342990e+04
5.013593e-01
3.136968e-03
2.348477e-02
1.222232e-02
6.447163e-01
2.761733e+06
4.796637e-03
1.263453e+02
6.373618e-01
7.208457e+03
2.423536e+01
4.991456e-01
3.133418e-03
2.999413e-01
3.832210e+00
2.888022e+02
1.265589e+00
3.813097e+00
6.931461e-01
5.053363e+04
9.999217e+01
2.517652e+01
5.955710e-01
1.747943e+02
3.552364e+00
1.823827e-03
9.230286e-04
2.985303e-05
3.494055e+01
1.360485e+04
2.211946e-04
1.639445e+02
8.461014e+00
1.411217e-02
4.007978e-01
2.148600e-01
7.363628e-01
3.040855e+04
2.164814e-01
4.447193e+02
4.040102e-01
2.224093e-01
7.700321e-03
8.999347e+00
4.851330e+00
8.592129e-02
2.699798e-01
4.249592e+01
5.532229e-02
4.238144e+00
5.106401e-01
6.889586e-01
2.293696e+00
4.828188e-05
5.954564e-04
8.613100e-04
4.827961e-06
3.237846e-03
7.798844e-01
1.186251e-05
1.082467e-01
1.793877e+00
3.030040e+02
