2.681262e-01
1.814106e+03
2.041244e+01
2.450764e+01
2.855669e+02
3.709598e+01
2.435927e+00
2.014173e-04
6.499465e-03
1.823388e-04
3.546555e+00
2.615739e+04
1.728109e+00
4.727554e-04
6.793120e-02
5.223469e-02
7.576643e-01
3.222632e+06
1.343163e-02
3.568115e+02
2.914847e-01
1.898298e+04
4.241879e+01
3.853639e+00
2.789371e-02
3.313979e-01
2.335558e+01
1.576730e+02
2.098704e+00
6.878656e+00
2.312082e+00
1.607392e+04
9.944439e+00
9.271631e+00
5.513412e+00
2.866497e+01
1.567222e+00
1.581862e-03
1.400723e-03
2.080709e-05
5.394846e+00
6.096767e+03
1.710077e-04
2.351483e+03
1.358074e+00
3.419119e-02
6.081797e-01
1.500199e-01
9.837572e-01
1.584495e+03
6.486718e-02
1.296428e+03
5.216990e-02
1.009415e-02
1.204371e-03
1.286275e+01
1.243514e+00
1.936132e-01
1.007140e+01
1.616651e+02
4.554333e-03
9.673577e+00
4.747081e+00
2.375536e-01
1.778652e+00
1.211832e-04
3.884093e-04
5.001158e-04
1.316017e-04
1.058853e-02
1.157346e+00
1.095909e-04
9.809521e-03
2.234461e+00
2.254189e+02
