3.345677e-01
4.996242e+02
2.901896e+01
1.447477e+01
5.748065e+01
8.781535e+01
1.484696e+00
5.156553e-05
6.769895e-03
9.613763e-04
8.123836e+00
5.521306e+04
6.988756e+00
1.112559e-03
1.064157e-02
3.935522e-02
8.371110e-02
1.994871e+06
3.771538e-03
1.682685e+02
3.374525e-01
1.324169e+04
2.758362e+01
1.821867e+00
1.173642e-02
5.139174e-01
2.205587e+01
4.918078e+02
8.043956e-01
4.944859e+00
5.090288e-01
1.555975e+04
1.426868e+01
2.608479e+01
4.910856e-01
1.703095e+02
1.661488e+00
2.253746e-03
9.294802e-04
8.722237e-06
6.165586e+00
7.261137e+03
1.071045e-03
1.345390e+03
2.464860e+00
4.618163e-02
1.191049e-01
3.428392e-01
8.823404e+00
1.614603e+04
4.090478e-02
3.087096e+02
5.574583e-02
3.186635e-02
4.119826e-04
1.038861e+01
3.773329e-01
7.892325e-02
3.337441e+00
1.376931e+01
3.022001e-02
2.709919e+00
9.267614e-01
1.320034e-01
1.513562e+00
3.520415e-04
6.590087e-04
3.288239e-04
4.221476e-05
3.192726e-02
6.817865e-01
5.677951e-06
1.565983e-02
2.994219e+00
1.442810e+02
