4.861058e-01
8.293394e+02
2.928685e+01
2.988549e+01
2.710422e+01
4.161019e+01
2.651592e+00
8.878257e-05
6.986970e-03
4.152627e-03
4.466402e+01
5.826497e+04
4.680129e+00
3.462862e-03
1.670647e-02
6.912244e-02
1.630303e-01
6.259671e+05
3.434424e-03
1.188093e+03
6.285555e-01
3.958671e+04
1.651584e+01
8.179372e-01
2.763741e-02
3.309285e-02
3.206105e+01
1.759008e+02
2.317460e+01
3.618852e+00
1.222287e+00
1.513081e+04
1.398880e+01
3.827274e+01
9.046728e-01
1.496223e+02
1.443460e+00
2.362273e-03
1.049173e-03
8.260373e-05
6.600739e+00
4.791655e+03
8.220559e-04
3.660397e+02
1.487683e+00
9.820851e-02
3.528164e-01
7.976352e-02
8.426232e-01
2.998228e+03
2.103050e-01
5.848453e+02
7.941423e-02
3.065550e-02
1.363640e-03
1.191102e+01
2.965412e-01
2.866779e-01
6.395108e+00
3.244843e+01
4.936020e-03
4.024417e+00
4.940984e-01
3.999054e-01
2.088361e+00
2.504907e-04
1.468103e-03
4.953151e-03
3.349329e-05
1.194615e-02
4.238533e-01
7.893596e-05
8.539450e-03
2.049084e+00
1.179604e+02
