1.873381e-01
3.028934e+02
2.009732e+01
1.554738e+01
2.719351e+01
1.457108e+02
1.852708e+00
1.692452e-04
1.708377e-02
1.528011e-03
4.967340e+00
2.197558e+04
8.084011e-01
2.285441e-03
1.348285e-02
2.034886e-02
1.775680e-01
3.106779e+05
5.977058e-03
2.444715e+02
8.221166e-01
3.564414e+04
1.144744e+01
1.237592e+00
7.159020e-03
1.461324e-01
2.017412e+01
3.765044e+02
3.332060e+00
5.142615e+00
2.193970e-01
5.999382e+04
4.895372e+00
4.642157e+01
4.328253e-01
1.487716e+02
1.802954e+00
4.464439e-03
7.377977e-04
6.164186e-05
1.221240e+01
6.600837e+03
2.587506e-04
4.649358e+02
2.469754e+00
1.488888e-01
7.382774e-01
2.327262e-01
7.125023e-01
1.313947e+04
2.717699e-02
1.910321e+03
1.746470e-01
3.594046e-02
1.141388e-03
2.016454e+01
1.183267e+00
1.072937e-01
6.013680e+00
2.499288e+01
1.755729e-02
7.107992e+00
1.143475e+00
7.196280e-01
2.130997e+00
3.202893e-04
1.341386e-03
1.864512e-03
2.594223e-05
4.894803e-02
1.484715e-01
4.640871e-05
3.011450e-02
1.893017e+00
2.044122e+02
