4.508420e-01
1.718049e+03
1.665835e+01
6.311146e+01
1.349144e+02
1.213169e+03
1.979873e+00
1.054373e-04
1.018163e-03
1.224528e-02
1.956893e+01
9.343527e+04
1.843156e+01
2.830364e-04
8.652538e-03
7.845069e-02
5.420317e-02
1.600655e+06
4.531516e-03
2.059062e+03
2.278230e+00
6.777806e+04
6.451822e+01
1.431848e+00
3.172618e-02
1.124042e-01
1.893106e+01
1.598521e+03
2.448842e+00
5.220728e+01
3.386121e+00
1.130839e+04
1.308125e+02
1.689899e+01
6.952136e-02
1.638636e+03
1.232917e+00
1.945114e-03
1.583030e-03
5.530418e-05
4.583782e+01
9.299065e+03
4.655883e-03
1.128397e+03
1.236483e+00
1.132374e-02
3.977702e-01
3.566328e-01
5.164598e+00
1.532037e+04
1.394565e-01
1.163721e+03
1.182318e-02
3.278950e-02
1.110022e-03
1.348877e+02
1.950269e+00
8.227360e-02
1.371004e+01
6.719248e+01
5.178604e-03
2.734500e+01
1.765500e+00
1.890475e-01
2.764520e+00
1.010205e-04
7.378013e-03
6.033496e-03
2.697013e-05
8.712349e-03
2.825230e-01
2.038572e-05
1.188201e-01
2.494710e+00
1.777642e+02
