1.699809e-01
3.043285e+02
8.135523e+00
5.255948e+01
3.143148e+01
1.214519e+02
1.809280e+00
1.512681e-04
8.317939e-03
1.799047e-03
2.698468e+00
2.578474e+04
1.593774e+00
6.859492e-04
2.718883e-02
6.283140e-02
2.280855e-01
4.578939e+05
1.958784e-03
3.448594e+02
3.011653e-01
8.251523e+04
1.024480e+01
1.667210e+00
1.618852e-02
1.692819e-01
5.449715e+01
5.259079e+02
6.800598e+00
4.518697e+00
2.291693e-01
1.750323e+04
1.022561e+01
2.423685e+01
1.438510e+00
1.990787e+02
1.458690e+00
2.431674e-03
1.366670e-03
1.272888e-04
1.194134e+01
7.762124e+03
7.445511e-04
8.955572e+02
3.212087e+00
3.397138e-02
5.607158e-01
1.826338e-01
8.399719e-01
8.926008e+02
1.016489e-01
4.869061e+02
1.361726e-01
4.670673e-02
1.192017e-03
8.504737e+00
4.623278e-01
2.718100e-01
3.074642e+00
3.328432e+01
9.274084e-03
4.511720e+00
4.631685e-01
1.673057e-01
1.635481e+00
3.076176e-04
1.680525e-03
3.115131e-03
3.835477e-05
1.181522e-02
3.334331e-01
3.107591e-05
2.550522e-02
1.707089e+00
1.683886e+02
