2.615926e-01
2.093350e+02
2.082290e+01
1.063611e+02
2.848606e+01
3.988343e+02
2.515900e+00
2.333812e-04
3.676892e-03
1.761275e-03
1.218268e+00
3.993204e+04
3.018799e-01
1.342593e-03
4.171255e-02
2.917364e-02
3.035239e-01
9.318348e+05
7.358957e-03
5.158995e+02
3.311543e-01
8.342438e+04
3.176032e+00
4.735137e+00
3.702456e-02
6.288724e-02
7.316199e+00
1.954443e+03
1.231781e+01
4.219199e+01
5.008256e-01
1.908682e+04
1.135268e+01
1.105281e+01
7.471068e-01
6.232261e+02
1.559126e+00
2.429667e-03
1.046959e-03
3.584065e-05
2.567411e+00
1.002526e+04
5.054889e-04
4.994139e+02
8.585854e-01
1.555696e-01
2.387712e-01
2.866726e-02
6.093272e-01
4.474199e+03
3.179246e-02
8.906693e+02
1.151620e-01
2.689169e-01
8.629229e-04
1.447334e+01
1.920039e-01
6.428621e-02
8.949032e-01
1.183452e+01
6.748983e-03
1.866416e+01
1.891032e+00
2.466101e-01
1.707669e+00
3.578474e-04
5.753597e-04
2.321883e-03
2.528276e-05
3.662252e-02
3.158205e-01
3.840125e-05
7.164550e-02
2.768993e+00
1.645391e+02
