4.498801e-01
6.556338e+02
3.610768e+01
4.166841e+01
4.012949e+01
4.160967e+01
2.987988e+00
7.772834e-05
9.202708e-03
3.543622e-03
4.220032e+01
1.059946e+05
8.687699e+00
6.260324e-03
2.283255e-02
1.063440e-01
1.661645e-01
4.711348e+05
4.698439e-03
1.058269e+03
7.144315e-01
4.572887e+04
1.622638e+01
9.011693e-01
2.557762e-02
3.349282e-02
1.652289e+01
1.668654e+02
1.879657e+01
3.736450e+00
1.735454e+00
1.679575e+04
2.112036e+01
5.360659e+01
8.813134e-01
9.380186e+01
1.651175e+00
1.941690e-03
1.181819e-03
8.181801e-05
7.283047e+00
2.934218e+03
7.941671e-04
2.622211e+02
1.397984e+00
2.909624e-01
5.033920e-01
7.277466e-02
6.205750e-01
4.806206e+03
2.476232e-01
5.500690e+02
7.856536e-02
3.512549e-02
1.622931e-03
1.189531e+01
5.107047e-01
2.954062e-01
7.865252e+00
3.062027e+01
7.437618e-03
4.498326e+00
6.239806e-01
5.401652e-01
2.218262e+00
3.940941e-04
9.655182e-04
3.381657e-03
4.487346e-05
9.968283e-03
6.557330e-01
9.541317e-05
4.622793e-03
2.002449e+00
1.540632e+02
