1.829660e-01
2.660499e+02
1.720371e+01
4.633717e+01
2.511786e+01
5.079548e+01
2.037470e+00
2.178900e-04
2.345219e-02
1.581213e-03
7.580370e+00
5.168819e+04
5.944578e+00
2.538153e-03
2.686003e-02
8.405328e-02
1.301804e-01
8.658071e+05
3.716211e-03
3.376271e+02
2.574023e-01
2.019498e+04
1.415604e+01
7.942815e-01
1.363283e-02
5.888666e-02
1.937210e+01
1.178371e+02
9.104791e+00
5.435612e+00
4.196724e-01
6.299581e+03
1.134094e+01
6.744660e+00
6.595282e-01
3.394136e+02
1.676379e+00
1.853659e-03
3.764228e-03
3.988970e-05
1.136972e+01
3.242481e+04
3.191308e-04
1.491820e+03
1.138889e+00
8.438251e-02
1.811221e-01
1.025350e-01
3.424434e+00
1.859044e+03
1.401691e-01
1.169380e+03
1.473855e-01
2.617237e-02
2.045131e-03
1.980681e+01
9.234774e-01
1.835547e-01
6.898382e+00
3.728722e+01
4.019653e-02
7.853001e+00
4.902637e-01
5.653454e-01
2.047835e+00
4.691915e-04
9.660519e-04
9.187921e-04
2.610780e-05
4.069369e-02
5.300299e-01
5.295712e-05
4.518741e-02
3.020323e+00
1.364408e+02
