5.226141e-01
1.621173e+03
1.910759e+01
6.341155e+01
1.405469e+02
9.388568e+02
2.044292e+00
8.648332e-05
1.052775e-03
1.219335e-02
1.605943e+01
8.491035e+04
1.230154e+01
2.730491e-04
8.218785e-03
7.755268e-02
5.464570e-02
1.516681e+06
3.554170e-03
1.676868e+03
1.967454e+00
8.323967e+04
5.393635e+01
1.578975e+00
2.938525e-02
9.190148e-02
1.628121e+01
1.509651e+03
1.925401e+00
4.584095e+01
2.817832e+00
1.013504e+04
1.292260e+02
1.478601e+01
6.992034e-02
1.727230e+03
1.182205e+00
1.902773e-03
1.395140e-03
4.669025e-05
4.455128e+01
6.812313e+03
3.437456e-03
9.664242e+02
1.298246e+00
1.146866e-02
4.773466e-01
2.812846e-01
3.889767e+00
1.535659e+04
1.392389e-01
1.158954e+03
1.165058e-02
3.395315e-02
8.110108e-04
1.276831e+02
1.716756e+00
6.275855e-02
1.622062e+01
6.638233e+01
4.726007e-03
2.554379e+01
2.064333e+00
1.619438e-01
2.817040e+00
9.575908e-05
5.043891e-03
6.121921e-03
2.402072e-05
7.275876e-03
2.629197e-01
1.876771e-05
8.170663e-02
2.600682e+00
1.514412e+02
