1.479333e-01
4.034406e+02
2.066104e+01
4.442088e+01
3.115116e+01
2.180320e+02
1.714699e+00
9.270967e-05
2.941921e-03
2.778106e-03
1.260592e+00
2.388584e+04
1.588011e+01
2.591055e-03
5.910172e-03
6.650827e-02
8.446685e-01
3.280578e+05
1.462857e-02
2.524967e+02
2.317415e-01
5.380360e+04
3.901073e+00
4.305349e-01
1.080881e-02
5.987703e-01
2.520416e+01
1.190175e+02
5.707958e+00
3.369968e+01
9.815142e-02
1.268169e+04
1.266833e+02
2.499898e+01
2.557188e-01
1.012110e+02
1.671772e+00
1.324469e-03
1.847456e-03
4.068829e-05
1.161297e+01
8.716680e+03
3.482501e-04
2.136994e+02
1.651018e+00
1.311188e-01
2.831985e-01
5.971204e-01
4.470118e-01
2.312358e+03
4.026438e-02
9.176752e+02
6.051545e-02
3.347117e-02
1.186449e-03
8.875466e+00
3.884961e-01
5.129152e-01
6.849142e-01
2.325307e+01
1.803762e-02
5.769606e+00
3.790426e+00
3.196414e-01
1.768868e+00
1.058177e-04
1.762825e-03
1.547469e-03
1.552542e-05
7.849730e-03
1.535271e-01
4.021572e-05
5.198374e-02
1.669942e+00
2.282516e+02
