5.452297e-01
1.520251e+03
1.477710e+01
9.345925e+01
5.731085e+01
1.062319e+03
2.021879e+00
1.539385e-04
8.448781e-04
1.189814e-02
8.037864e+00
7.908609e+04
7.451736e+00
6.623412e-04
1.100527e-02
5.837421e-02
4.997758e-02
9.866433e+05
4.216952e-03
1.221767e+03
2.808138e+00
1.183325e+05
4.957356e+01
1.689371e+00
2.719023e-02
7.677328e-02
1.018751e+01
2.024157e+03
2.402997e+00
5.885556e+01
4.962707e+00
1.800678e+04
9.716309e+01
1.422809e+01
1.049101e-01
1.774250e+03
1.105773e+00
1.915519e-03
1.091030e-03
4.622770e-05
4.740807e+01
5.740688e+03
3.583377e-03
1.134195e+03
1.230175e+00
2.200983e-02
7.913600e-01
1.588213e-01
8.895709e-01
1.854347e+04
1.042328e-01
9.375759e+02
1.132434e-02
6.115082e-02
5.108726e-04
6.192811e+01
3.155137e+00
8.717560e-02
1.743825e+01
3.238277e+01
5.368004e-03
6.299255e+01
3.021142e+00
2.944350e-01
2.591304e+00
7.454979e-05
4.847500e-03
5.884563e-03
3.322815e-05
7.750746e-03
1.440970e-01
4.577981e-05
7.538677e-02
2.692917e+00
1.064215e+02
