4.407085e-01
1.056710e+03
1.503029e+01
7.808524e+01
6.596490e+01
9.421269e+02
2.003230e+00
1.498803e-04
1.098341e-03
8.551922e-03
6.819885e+00
8.729589e+04
8.255032e+00
5.408681e-04
6.499285e-03
4.789178e-02
5.595545e-02
1.403760e+06
3.339505e-03
1.658055e+03
2.329924e+00
8.453008e+04
5.173268e+01
2.162724e+00
1.675122e-02
6.933926e-02
1.098517e+01
1.392504e+03
1.612317e+00
5.518279e+01
3.603697e+00
1.459626e+04
1.007340e+02
8.642650e+00
1.113607e-01
1.528133e+03
1.214989e+00
1.884645e-03
9.969336e-04
2.639695e-05
4.330062e+01
4.544908e+03
3.893015e-03
1.095728e+03
7.600835e-01
1.934303e-02
9.560000e-01
1.693588e-01
9.412636e-01
1.495773e+04
9.882719e-02
1.259479e+03
1.629588e-02
4.644367e-02
4.772696e-04
4.117225e+01
3.389507e+00
9.160520e-02
8.361421e+00
3.282041e+01
5.736738e-03
3.844722e+01
1.846127e+00
1.634204e-01
2.573288e+00
4.170333e-05
3.783299e-03
4.416014e-03
3.078105e-05
8.576676e-03
1.835279e-01
3.834078e-05
1.010652e-01
2.595851e+00
1.039540e+02
