1.767966e-01
5.188232e+02
2.985670e+01
2.865928e+01
2.129166e+01
5.506277e+01
3.855875e+00
1.466906e-05
1.431794e-03
4.533453e-03
4.181537e+01
5.995778e+04
7.474311e-01
7.419168e-04
1.981596e-02
9.508427e-03
4.152686e-02
1.654751e+05
2.409388e-02
1.229471e+02
2.192724e+00
1.032020e+05
2.821826e+01
2.532031e-01
4.124694e-03
2.273104e-02
8.516117e+00
1.409335e+02
2.394435e+00
1.811045e+00
6.081462e-02
9.920014e+04
4.852079e+00
8.765088e+01
1.139716e-01
4.689181e+01
1.663972e+00
7.477225e-04
1.448832e-03
4.094352e-05
1.360177e+01
2.192419e+04
8.590784e-05
8.605932e+02
3.325244e-01
5.404531e-02
9.558751e-02
1.591343e-01
1.041192e-01
5.774084e+03
1.162157e-02
5.974967e+02
9.393709e-02
7.613638e-03
3.442830e-04
8.757488e+01
2.505886e-01
5.490973e-02
5.449578e+00
3.455520e+00
2.038754e-03
1.711389e+00
3.371058e+00
4.797905e-01
2.668373e+00
1.014386e-03
1.768631e-03
4.104046e-03
6.987013e-06
1.048767e-01
6.065531e-02
4.665521e-05
1.436887e-02
1.011732e+00
2.566024e+02
