1.110831e-01
2.460469e+02
4.458693e+01
1.389964e+02
3.567258e+01
5.398606e+02
1.369727e+00
3.629263e-04
1.576037e-02
3.128096e-03
1.395152e+00
8.294537e+04
4.241341e-01
2.742494e-03
1.896256e-02
1.787611e-02
9.104312e-01
2.694843e+06
8.254019e-03
2.396920e+02
7.654548e-01
9.130580e+03
3.567036e+01
3.808324e-01
4.446559e-03
3.341921e-01
3.540847e+00
1.452067e+02
8.162482e-01
5.163869e+00
5.908313e-01
4.302880e+04
4.271854e+01
2.094290e+01
5.181672e-01
1.146994e+02
3.352208e+00
1.737477e-03
7.236988e-04
2.019234e-05
3.461908e+01
1.716149e+04
1.992642e-04
1.276328e+02
4.093988e+00
1.252121e-02
3.674609e-01
3.848092e-01
1.730907e+00
3.836621e+04
5.160421e-01
1.042400e+03
5.076092e-01
1.928425e-01
5.675780e-03
7.877033e+00
3.808397e+00
8.464746e-02
2.742815e-01
4.196101e+01
8.500197e-02
4.638396e+00
4.879063e-01
8.251100e-01
2.876313e+00
2.720866e-05
6.889889e-04
4.998810e-04
9.493139e-06
4.583114e-03
5.287250e-01
6.976015e-06
8.411672e-02
1.926655e+00
2.775558e+02
