9.904896e-01
8.884324e+02
1.355957e+01
1.299714e+01
2.924109e+02
8.280859e+02
1.140219e+00
3.618148e-04
5.875340e-02
4.336013e-03
3.988392e+00
6.736686e+04
2.677897e+00
2.665409e-03
1.182894e-02
1.881084e-01
1.576787e+00
3.369536e+06
1.921718e-03
9.734591e+02
2.771131e-01
2.951607e+05
9.298817e+00
3.874816e-01
4.430487e-02
1.760300e-01
2.905783e+01
1.814408e+02
1.994779e+00
3.758138e+01
2.848567e-01
2.552464e+04
3.315769e+00
4.547515e+01
3.847349e-01
3.539784e+01
1.571827e+00
2.150619e-03
8.887759e-04
1.966808e-04
4.169129e+00
2.229242e+04
1.847094e-03
1.669019e+02
6.764905e-01
5.337943e-02
1.167227e+00
2.039207e-01
9.099687e+00
1.497783e+04
7.671746e-03
2.376451e+02
2.083613e-02
1.785070e-01
3.318219e-04
9.194623e+00
7.884980e-01
1.045119e-01
1.707096e+00
1.357063e+01
7.186165e-02
5.866307e+01
4.773307e+00
6.889728e-02
3.939338e+00
1.369213e-03
1.298227e-02
1.354105e-02
1.884240e-04
1.019047e-01
3.969506e+00
3.229920e-05
1.136273e-01
2.100790e+00
9.956287e+01
