3.524566e-01
1.617833e+03
2.354307e+01
2.788125e+01
2.078088e+02
5.087176e+01
2.336198e+00
2.205595e-04
7.054838e-03
1.908815e-04
3.463323e+00
2.679824e+04
1.635629e+00
5.595034e-04
1.078645e-01
4.391466e-02
5.385821e-01
2.961130e+06
1.503032e-02
4.045498e+02
2.518545e-01
1.346904e+04
4.634335e+01
4.491775e+00
2.165080e-02
3.252833e-01
2.730136e+01
2.565152e+02
2.907139e+00
8.258332e+00
2.942531e+00
2.176039e+04
7.135730e+00
7.537954e+00
4.093459e+00
3.695229e+01
1.548020e+00
1.774259e-03
1.642861e-03
2.286493e-05
3.983803e+00
6.677488e+03
2.359315e-04
1.796841e+03
1.693038e+00
3.923258e-02
5.422499e-01
1.590656e-01
7.112784e-01
1.496957e+03
7.408791e-02
1.247640e+03
4.807956e-02
1.177914e-02
1.172548e-03
1.612797e+01
9.169981e-01
1.007936e-01
1.276269e+01
9.603919e+01
4.367387e-03
7.955947e+00
3.622649e+00
2.418336e-01
1.886846e+00
1.288279e-04
4.488721e-04
6.901173e-04
1.233819e-04
9.306039e-03
7.639051e-01
9.507080e-05
7.384029e-03
2.308589e+00
2.006061e+02
