3.654948e-01
5.592766e+02
2.758117e+01
2.365305e+01
4.574967e+01
1.249118e+02
1.479646e+00
6.320513e-05
5.179836e-03
7.454297e-04
9.058763e+00
4.620949e+04
5.261072e+00
1.121474e-03
1.293985e-02
2.695006e-02
8.543555e-02
2.263067e+06
3.818983e-03
1.553685e+02
4.067850e-01
1.883147e+04
2.050464e+01
2.861279e+00
1.368693e-02
6.164428e-01
2.260176e+01
2.996460e+02
1.186810e+00
4.835567e+00
5.457030e-01
1.746370e+04
1.345415e+01
2.009456e+01
6.853342e-01
1.882371e+02
1.712806e+00
2.165245e-03
7.922351e-04
1.021655e-05
8.301587e+00
8.006417e+03
9.050283e-04
1.088810e+03
2.937617e+00
3.414423e-02
1.430858e-01
3.021171e-01
7.781801e+00
1.191507e+04
2.411989e-02
2.010045e+02
8.775881e-02
3.010841e-02
5.702817e-04
1.091724e+01
3.778540e-01
6.673660e-02
4.120568e+00
1.188895e+01
2.235710e-02
3.161978e+00
7.864331e-01
1.840473e-01
1.635521e+00
3.523495e-04
5.293042e-04
3.166137e-04
4.030072e-05
3.018410e-02
7.998529e-01
7.694746e-06
1.205658e-02
3.031545e+00
1.484418e+02
