2.162715e-01
7.971658e+02
3.874396e+01
3.532411e+01
2.357154e+01
5.968659e+01
3.950321e+00
1.772272e-05
1.487909e-03
7.655603e-03
5.156409e+01
5.521218e+04
9.560332e-01
1.054509e-03
2.667766e-02
1.840225e-02
6.320802e-02
9.879535e+04
2.349804e-02
1.713453e+02
2.753230e+00
1.589424e+05
2.384527e+01
4.001171e-01
3.751028e-03
2.943637e-02
1.434576e+01
1.560412e+02
2.397526e+00
2.645571e+00
9.298419e-02
1.145143e+05
5.197748e+00
1.043194e+02
1.464589e-01
6.089117e+01
1.653865e+00
8.101979e-04
2.027044e-03
4.437117e-05
2.214651e+01
2.311998e+04
1.628603e-04
1.038675e+03
4.517940e-01
7.090812e-02
1.440610e-01
1.497829e-01
1.174198e-01
6.295271e+03
1.094537e-02
7.029459e+02
1.209406e-01
1.037547e-02
4.289352e-04
1.460555e+02
2.429513e-01
5.682393e-02
1.022040e+01
6.993424e+00
2.697799e-03
2.376937e+00
6.930783e+00
7.914163e-01
2.895114e+00
1.246215e-03
1.725863e-03
3.124374e-03
1.108146e-05
1.634024e-01
1.250347e-01
4.813342e-05
1.776529e-02
1.165228e+00
2.815420e+02
