4.648239e-01
3.167026e+02
3.138996e+01
2.968790e+01
1.480055e+02
2.530048e+02
1.259708e+00
5.261723e-05
8.085157e-03
4.794686e-03
3.800402e+00
9.972514e+04
2.893277e+00
1.189591e-04
2.165379e-02
2.348436e-01
4.076696e-01
2.086038e+05
1.863501e-03
6.535759e+02
7.918962e-02
1.410303e+05
2.741056e+00
1.372115e+00
2.129883e-01
2.916632e-02
9.045060e+00
4.256320e+02
3.298725e+01
1.404394e+01
2.798062e+00
3.342677e+04
3.847040e+01
3.927339e+01
6.552142e-02
5.877519e+01
2.331776e+00
1.712391e-03
7.366377e-04
2.094190e-04
7.062199e+00
9.203289e+03
5.973150e-03
1.133081e+02
4.689784e-01
7.037924e-03
3.407667e+00
3.544766e-01
1.906199e+00
3.992061e+02
1.076953e-01
1.157116e+02
4.293468e-01
5.725914e-02
9.831406e-04
1.273445e+01
7.895939e-01
5.613348e-02
2.335459e-01
3.818487e+01
2.215409e-02
5.927278e+00
5.685657e-01
9.229611e-01
2.257888e+00
4.787722e-04
8.735174e-03
7.133084e-03
2.382155e-05
9.882184e-03
2.466149e+00
3.919947e-04
3.047700e-03
1.291840e+00
1.160477e+02
