5.106789e-02
5.335269e+01
3.552883e+01
4.465342e+00
8.609409e+01
2.314450e+01
1.851606e+00
7.677360e-05
7.569319e-03
8.129943e-04
1.907793e+01
1.780618e+05
1.407401e+00
2.346980e-04
1.030789e-02
4.869086e-01
3.274513e-01
7.355987e+04
2.128680e-02
8.462894e+01
3.501636e+00
1.282514e+05
7.738762e+00
1.755002e-01
4.715502e-02
6.160498e-01
1.650310e+01
4.415834e+03
4.683937e+00
1.831596e+00
7.729722e-01
2.966881e+03
8.060372e+01
4.824937e+00
3.451314e-01
1.215881e+02
2.056985e+00
1.678216e-03
6.131356e-04
3.480529e-05
3.969908e+00
4.245875e+03
4.643492e-04
1.195319e+02
7.905827e+00
3.092636e-01
3.082947e+00
3.571131e-02
7.998887e-01
1.905210e+03
3.741456e-02
3.833102e+03
5.941561e-02
1.995047e-02
1.146345e-03
2.237998e+00
2.154011e+00
3.144705e+00
2.038371e+00
1.222401e+02
3.030334e-02
2.389348e+00
2.575875e-01
2.144023e-01
1.576233e+00
2.847543e-05
3.445379e-04
4.663559e-04
2.061222e-05
1.022968e-02
3.969506e+00
3.647054e-05
4.815794e-03
2.331916e+00
3.215918e+02
