3.036908e-01
3.129282e+01
1.634536e+02
2.031293e+02
2.260354e+02
4.012169e+01
1.000000e+00
1.447129e-04
2.525503e-03
2.151139e-04
5.636949e+01
3.418048e+05
1.006618e+01
2.784327e-03
5.858570e-03
1.661747e-02
8.392343e-01
7.355987e+04
1.264524e-02
2.700598e+02
1.092871e+00
5.102869e+04
2.381768e+01
2.515079e-01
9.005702e-02
3.165156e-01
2.186296e+01
4.135172e+02
1.460913e+00
1.670386e+01
6.491594e-01
3.731367e+04
4.361141e+01
5.455620e+00
3.677101e-01
1.522916e+02
1.744001e+00
3.267863e-03
9.888950e-04
1.772017e-04
1.563931e+00
1.021479e+04
1.925557e-03
1.224032e+03
4.349032e+00
5.866139e-02
9.386872e-02
6.243421e-02
2.446376e+00
8.592798e+03
3.528368e-01
1.157116e+04
3.423169e-02
5.256931e-02
4.937685e-03
7.499034e+00
2.014142e+00
1.341424e+00
1.703052e+00
2.903212e+01
4.712659e-02
1.126258e+01
2.067757e+00
1.422147e+00
3.615652e+00
1.012300e-03
1.334288e-03
2.224023e-03
2.263571e-04
3.074652e-02
1.090305e-01
1.117941e-04
8.945797e-03
2.176860e+00
1.727185e+02
