2.018129e-01
1.520334e+03
3.493626e+01
5.711273e+01
3.897781e+01
5.178622e+01
1.902113e+00
4.308623e-04
2.278446e-03
2.813771e-04
9.238707e-01
4.142355e+04
8.705017e+00
5.359169e-03
1.642814e-01
4.332145e-01
3.860354e-02
2.713612e+05
1.313436e-02
5.791782e+01
1.456414e-01
2.618565e+04
2.595243e+01
1.908056e+00
2.657076e-02
2.541204e-02
4.692377e+01
3.023197e+02
1.278946e+01
2.854135e+01
3.287382e+00
3.921804e+04
1.097368e+01
2.351233e+01
2.042797e+00
2.768777e+02
1.379158e+00
8.664370e-03
7.834831e-04
2.971811e-05
6.478159e+01
7.557852e+04
3.495151e-03
1.615925e+02
7.267454e+00
1.704509e-02
1.857310e-01
7.385211e-01
3.698336e+00
5.172855e+02
7.986557e-03
6.939008e+02
7.455448e-02
1.046739e-01
4.377354e-04
7.614462e+01
2.123750e-01
2.578852e-01
1.263852e+00
2.815173e+00
6.306462e-03
3.993415e+00
1.167858e+00
3.384924e-01
3.402625e+00
4.518095e-05
1.801087e-04
1.542242e-03
2.881653e-04
9.290457e-03
4.944184e-01
2.935129e-04
6.064969e-03
2.567800e+00
3.801880e+02
