1.524641e-01
4.931953e+02
1.395491e+01
2.190167e+01
4.055699e+01
3.697620e+01
2.404349e+00
2.459789e-04
1.410036e-02
8.217691e-04
1.681642e+00
1.161475e+04
1.532650e+00
2.280325e-03
2.916448e-02
1.449052e-02
1.164996e-01
6.176708e+05
2.194377e-03
5.466078e+02
1.591115e+00
2.309513e+05
7.201129e+00
2.542633e+00
9.280146e-03
1.349975e-01
1.108068e+01
6.464012e+02
1.216162e+00
4.787120e+00
9.221184e-01
3.226497e+04
6.617838e+00
5.110865e+00
1.820726e+00
7.415864e+01
2.040126e+00
3.005276e-03
1.385456e-03
3.264289e-05
3.232651e+00
7.020220e+03
1.264619e-04
5.455757e+02
2.798444e+00
1.433979e-01
1.698006e-01
4.382192e-02
2.671644e+00
1.259545e+04
8.291479e-02
3.166945e+02
2.869580e-02
5.426066e-02
8.704542e-04
2.541646e+00
4.358644e-01
1.540259e+00
4.849411e-01
1.450723e+01
1.241285e-02
1.351602e+01
5.104435e-01
7.281567e-01
1.669842e+00
2.241252e-04
9.219257e-04
2.088171e-03
1.866261e-05
5.125685e-02
1.683466e-01
3.423841e-05
1.445727e-02
1.681867e+00
2.457078e+02
