4.969697e-01
2.022890e+02
4.160757e+01
1.609683e+02
1.743087e+01
2.285287e+02
1.835688e+00
2.109683e-04
3.454050e-03
3.446467e-03
1.847054e+00
2.833460e+05
7.582109e-01
3.476109e-04
2.066540e-02
7.755198e-02
8.827812e-02
1.438870e+06
4.475203e-03
3.445304e+02
6.573290e-01
1.055324e+05
5.492251e+00
5.366077e-01
4.095414e-03
4.675508e-02
1.168440e+01
1.826037e+02
1.300591e+00
4.956519e+00
2.683237e-01
6.915033e+03
1.248424e+02
1.585075e+01
2.014272e+00
1.618200e+02
2.433577e+00
2.747037e-03
9.397422e-04
6.145632e-05
5.916594e+00
4.280086e+03
9.323090e-04
9.584382e+01
3.161699e-01
7.207343e-02
2.581830e-01
1.673448e-01
4.156789e+00
8.106716e+02
1.644041e-01
9.251782e+02
7.695042e-02
4.762098e-02
3.194962e-04
3.488888e+01
5.585697e-01
8.524593e-02
6.466695e-01
6.012152e+00
1.506615e-02
1.147378e+01
1.260260e+00
4.722566e-01
2.375290e+00
3.593943e-04
4.226788e-04
1.155617e-02
7.431473e-06
2.757932e-02
2.132353e-01
5.495516e-05
2.283470e-02
1.334437e+00
1.308981e+02
