4.725740e-02
8.918564e+01
3.146659e+01
4.858136e+00
2.924109e+02
1.854057e+01
1.887634e+00
1.218413e-04
2.313880e-02
1.094784e-03
1.321390e+01
1.484945e+05
2.042820e+00
3.641721e-04
9.032822e-03
3.585290e-01
4.316229e-01
7.355987e+04
3.204722e-02
1.821879e+02
3.536059e+00
2.417539e+05
6.118193e+00
1.866413e-01
3.236297e-02
4.993879e-01
2.356472e+01
2.881497e+03
3.796628e+00
2.026974e+00
9.271578e-01
3.909988e+03
7.621747e+01
1.236782e+01
1.784112e-01
1.719644e+02
2.002192e+00
1.683897e-03
4.713247e-04
5.301887e-05
1.677924e+01
4.001957e+03
6.206772e-04
6.239885e+01
9.904840e+00
3.226468e-01
5.196333e+00
5.323634e-02
2.457208e+00
1.887811e+03
6.232884e-02
3.169387e+03
5.538593e-02
9.366698e-03
9.730825e-04
3.711857e+00
3.936692e+00
1.943717e+00
3.143844e+00
2.097466e+02
3.181126e-02
2.557138e+00
3.693796e-01
1.319360e-01
1.858679e+00
3.444542e-05
1.644987e-04
3.819088e-04
1.055161e-05
1.134606e-02
3.969506e+00
6.627800e-05
2.732979e-03
2.776919e+00
3.897584e+02
