3.596566e-01
6.048008e+02
2.732891e+01
7.470974e+01
1.830469e+02
8.606907e+02
1.244161e+00
5.821916e-04
8.012178e-04
6.060126e-04
1.643336e+01
9.385642e+04
3.268250e+00
1.724809e-04
1.327727e-02
3.084130e-01
4.151645e-01
5.272025e+05
1.633157e-03
2.196626e+02
2.413296e-01
6.740014e+04
3.205275e+00
1.714540e+00
7.001684e-03
2.750603e-01
4.672884e+01
1.295650e+02
2.101773e+01
8.626478e+00
8.725075e-01
1.685304e+04
1.942131e+01
2.492895e+00
1.389909e-01
1.992348e+01
1.210498e+00
1.445441e-03
8.904874e-04
3.183725e-05
2.387196e+00
2.067578e+03
6.205037e-04
9.397819e+02
1.411105e+00
9.855240e-03
7.214412e-02
1.781027e-01
1.834016e+00
6.850265e+03
1.691275e-02
1.250952e+03
3.382387e-01
1.527400e-01
3.043831e-04
3.541934e+01
3.091314e-01
2.024226e-01
5.178690e-01
1.031659e+01
1.211009e-02
9.183412e+00
5.947509e+00
7.916500e-02
2.578438e+00
1.456260e-04
4.819703e-03
5.302298e-03
1.126266e-04
1.131161e-02
3.124787e-01
1.138070e-05
3.307171e-02
1.500207e+00
1.321447e+02
