1.147456e-01
1.443119e+02
1.255144e+01
1.249058e+01
5.251663e+01
2.347048e+02
1.785779e+00
1.827331e-04
5.514133e-03
7.588128e-04
1.458619e+01
9.967145e+03
9.932798e-01
4.870673e-04
9.160311e-03
4.133963e-02
7.586072e-02
1.076572e+06
2.348716e-03
2.712557e+02
1.032945e-01
9.552186e+03
1.355914e+01
6.777374e-01
2.439941e-02
1.948902e-01
7.233021e+00
1.988325e+02
8.554965e-01
5.647720e+00
1.407949e-01
4.836643e+04
6.658943e+00
1.131038e+01
6.793949e-01
4.118101e+01
2.069763e+00
1.954526e-03
8.668343e-04
3.297850e-05
7.348288e+00
5.098932e+03
7.130917e-04
1.003722e+02
1.137820e+00
6.381445e-02
2.933615e-01
3.543355e-02
2.444116e-01
1.195326e+03
6.980185e-02
1.199309e+03
2.824859e-02
3.784507e-02
1.013927e-03
1.120188e+01
4.858974e-01
8.898910e-01
1.090013e+00
3.443162e+00
1.360561e-02
8.208857e+00
1.429650e-01
5.826087e-01
1.668855e+00
5.120373e-05
2.524036e-03
1.439914e-02
1.192954e-05
1.710024e-02
9.618141e-02
1.811204e-05
8.315252e-03
1.991398e+00
1.718493e+02
