2.079240e-01
1.633598e+03
2.011818e+01
1.515898e+01
5.325722e+01
1.690474e+01
2.339972e+00
1.645383e-04
1.744702e-02
2.578535e-03
2.554107e+00
1.557082e+04
1.114811e+01
1.172165e-02
5.765841e-03
1.019342e-02
1.818223e-01
1.823480e+05
1.307328e-03
3.878377e+03
1.958748e-01
2.715955e+04
1.073753e+01
8.651289e-01
3.555555e-02
1.268894e-01
1.824736e+01
8.398042e+01
3.998524e+01
1.802062e+01
1.527352e+00
2.096522e+04
1.379479e+02
2.177456e+00
4.071494e+00
3.857533e+02
1.344227e+00
1.032537e-03
1.544199e-03
1.059007e-05
8.810114e+00
1.321460e+04
1.329637e-03
3.617481e+03
1.648708e+00
3.326466e-02
5.452852e-02
7.221020e-02
8.248788e+00
1.382978e+03
5.165182e-01
1.157116e+04
2.676872e-01
5.306338e-03
2.178139e-03
7.356703e+00
1.583425e+00
5.167027e-01
4.549203e+00
2.274132e+01
1.646825e-03
3.566449e+00
8.414559e-01
2.126570e-01
1.883483e+00
6.654875e-05
7.774505e-03
6.263412e-03
1.457512e-04
2.149617e-02
6.369413e-01
4.021454e-04
3.566856e-02
2.030887e+00
3.489138e+02
