2.101559e-01
1.500783e+03
3.066738e+01
5.210643e+01
6.445021e+01
4.391205e+01
1.903461e+00
5.009452e-04
2.406604e-03
2.008983e-04
7.546211e-01
4.649664e+04
1.204202e+01
4.540229e-03
9.935397e-02
3.264065e-01
4.981697e-02
2.532614e+05
1.788771e-02
7.965725e+01
1.249576e-01
2.778804e+04
2.084617e+01
2.219205e+00
1.601121e-02
3.066304e-02
8.472427e+01
3.472116e+02
1.283595e+01
2.691931e+01
3.325752e+00
4.026142e+04
1.727135e+01
1.724517e+01
2.048957e+00
3.314641e+02
1.425749e+00
8.522777e-03
5.801490e-04
3.175123e-05
6.418373e+01
7.307132e+04
3.322686e-03
1.644672e+02
5.534839e+00
1.597253e-02
1.950450e-01
4.031543e-01
3.140132e+00
6.702682e+02
9.849767e-03
6.823489e+02
7.520367e-02
1.054690e-01
3.048738e-04
5.938197e+01
1.824799e-01
1.817521e-01
1.186224e+00
4.688498e+00
4.767168e-03
4.809673e+00
1.075098e+00
2.832279e-01
3.464398e+00
3.995137e-05
2.451538e-04
1.574612e-03
2.578091e-04
9.374696e-03
4.258115e-01
3.592801e-04
5.613992e-03
2.496637e+00
3.421249e+02
