1.035078e-01
1.021122e+02
1.656039e+01
9.775107e+01
1.577286e+02
1.180620e+02
1.070161e+00
1.998426e-04
1.761600e-02
7.688619e-03
4.209510e+00
2.757095e+04
1.520260e+00
1.038063e-03
2.426976e-03
8.766332e-02
8.584431e-01
1.088838e+05
1.495779e-02
3.878377e+01
2.103070e+00
1.249400e+05
8.494427e+01
3.601075e+00
4.635789e-02
3.883629e-02
1.449574e+01
4.415834e+03
2.811671e+00
7.597963e+01
2.880660e-01
8.477475e+03
8.562608e+01
1.124170e+01
2.906040e+00
3.077034e+02
1.747220e+00
3.284434e-02
1.049049e-03
4.955542e-05
4.899929e+00
3.454132e+03
2.285822e-04
6.030630e+02
5.252445e+00
5.060275e-01
1.785886e+00
1.250828e-01
4.302733e-01
3.992061e+02
7.671746e-01
3.143264e+03
1.537310e-02
4.176295e-01
2.004680e-03
1.916609e+01
2.671827e-01
1.449586e-01
3.264232e-01
2.673293e+01
7.335001e-03
9.756718e+00
7.852410e-01
4.325523e-01
2.526874e+00
2.211133e-04
8.813717e-03
7.252675e-03
3.052712e-05
1.133157e-02
1.101581e-01
2.826199e-04
6.209485e-03
1.034943e+00
2.188011e+02
