2.426332e-01
2.774070e+03
4.984520e+01
4.980018e+01
6.153693e+01
4.387622e+01
2.023698e+00
5.918695e-04
1.902567e-03
1.525163e-04
1.075518e+00
4.439694e+04
2.024755e+01
4.462932e-03
1.821705e-01
3.303241e-01
5.114869e-02
2.454662e+05
2.668815e-02
9.476465e+01
1.240338e-01
4.069273e+04
2.377234e+01
2.588454e+00
2.110989e-02
3.248178e-02
1.062424e+02
5.426932e+02
7.864744e+00
3.758279e+01
2.653629e+00
4.633783e+04
2.303819e+01
1.901879e+01
1.978534e+00
3.024128e+02
1.485883e+00
9.018764e-03
4.741355e-04
5.110817e-05
6.412609e+01
7.823340e+04
1.925489e-03
1.558790e+02
8.423274e+00
1.459222e-02
1.839956e-01
5.364334e-01
4.947607e+00
9.066070e+02
8.496430e-03
6.468209e+02
8.132643e-02
2.362720e-01
2.210708e-04
6.484292e+01
1.947057e-01
1.835380e-01
1.195742e+00
5.100360e+00
8.825300e-03
5.258481e+00
9.520126e-01
3.297997e-01
3.765941e+00
4.671098e-05
2.017855e-04
2.061147e-03
3.313947e-04
7.698169e-03
2.624605e-01
3.217775e-04
6.078710e-03
2.642885e+00
4.043427e+02
