3.109708e-01
3.883553e+01
1.949872e+02
2.994074e+02
1.821999e+02
2.846092e+01
1.127632e+00
1.360595e-04
3.693122e-03
2.242260e-04
4.243979e+01
2.336539e+05
5.892029e+00
4.474400e-03
1.225661e-02
9.921840e-03
7.606218e-01
7.355987e+04
5.995707e-03
2.761990e+02
8.736613e-01
9.044881e+04
1.769653e+01
3.610879e-01
5.149205e-02
1.851440e-01
2.165696e+01
6.443332e+02
2.113115e+00
2.077492e+01
9.667964e-01
8.102978e+04
1.668254e+01
5.296164e+00
1.345957e-01
2.219234e+02
1.803984e+00
3.854315e-03
6.193921e-04
6.293902e-05
8.907637e-01
1.838440e+04
2.069212e-03
6.654057e+02
3.043394e+00
7.234870e-02
7.605419e-02
6.382227e-02
2.260573e+00
1.639920e+04
1.843953e-01
9.466433e+03
4.235410e-02
2.224308e-02
3.830002e-03
1.327502e+01
1.881619e+00
7.910874e-01
1.579437e+00
1.092769e+01
4.459796e-02
1.422031e+01
2.011958e+00
8.225156e-01
4.000000e+00
2.514215e-03
1.052624e-03
2.778021e-03
2.887530e-04
1.985722e-02
1.984386e-01
2.183471e-04
8.285766e-03
3.089059e+00
1.048284e+02
