3.053853e-01
5.564363e+02
1.957245e+01
1.395966e+01
1.744701e+01
9.633772e+01
2.201308e+00
1.737830e-04
2.554825e-03
7.868486e-04
5.064975e+00
1.834947e+04
3.135709e+00
3.276728e-03
9.458461e-02
1.201456e-01
1.528878e-01
3.648082e+05
2.939584e-03
3.913078e+02
5.702307e-02
8.665157e+03
1.435118e+01
1.324936e+00
2.818049e-02
1.256711e-01
2.159831e+01
2.352997e+02
2.089644e+00
1.204190e+01
6.461728e-01
3.509363e+04
5.500039e+00
8.884971e+00
7.432526e-01
1.866404e+02
1.490915e+00
4.286154e-03
8.141245e-04
5.935953e-05
9.318041e+00
8.521848e+03
3.723306e-04
6.228222e+02
1.895310e+00
2.540541e-02
6.299143e-01
5.600170e-02
1.784480e+00
2.785164e+03
4.658834e-02
1.447930e+03
6.178743e-02
4.169272e-02
1.130901e-03
7.380259e+00
2.176750e-01
3.569479e-01
3.193254e+00
2.006098e+01
8.523891e-03
9.373073e+00
1.246172e+00
9.545016e-01
1.618625e+00
1.976806e-04
2.407581e-03
1.658951e-03
4.992585e-05
6.535230e-03
2.648142e-01
3.638846e-05
1.471079e-02
2.172584e+00
1.563063e+02
