3.953851e-02
1.818942e+03
9.473373e+01
2.733971e+02
6.199296e+01
2.234167e+01
2.003270e+00
2.942546e-04
3.124539e-02
3.470443e-03
6.611802e-01
6.965742e+04
2.094423e+00
3.371817e-04
3.508803e-02
2.647423e-02
1.690314e-02
5.241048e+06
3.626194e-02
3.559538e+03
5.016029e-01
4.788306e+03
2.921459e+01
8.618218e-01
1.079625e-02
1.954242e-01
4.597054e+00
3.222824e+03
2.797058e+01
1.872687e+01
4.154509e+00
1.280216e+05
2.302074e+01
2.433426e+01
3.848889e+00
4.009052e+01
1.588114e+00
2.154286e-03
9.956820e-04
4.770621e-04
2.574745e+01
5.636014e+03
1.350653e-04
3.637504e+03
1.088842e+00
4.996376e-01
1.593714e+00
7.405075e-02
1.804814e-01
1.903806e+03
2.398827e-01
1.355684e+03
1.152872e-02
3.124735e-01
9.673245e-04
1.235482e+02
8.985876e-02
9.897263e-01
2.344811e-01
4.963812e+00
2.287255e-02
1.928032e+01
7.529488e-01
8.692608e-02
3.174673e+00
8.329012e-04
2.154944e-03
7.730070e-04
3.553535e-05
1.583890e-01
2.710083e-01
5.468698e-06
2.525718e-03
1.279091e+00
4.458472e+02
