6.382776e-02
9.362340e+02
2.587326e+01
2.490061e+01
6.533749e+00
1.264170e+02
2.594122e+00
3.120121e-04
1.099655e-03
2.684972e-04
5.636949e-01
5.218814e+03
1.372352e+01
3.791424e-04
1.217903e-02
5.654793e-02
9.113223e-02
3.040794e+06
1.585303e-03
1.232171e+03
6.700982e-01
9.105385e+03
8.948754e+01
4.738013e-01
9.197102e-03
8.570146e-02
1.090868e+02
4.415834e+03
1.117888e+01
7.052523e+01
2.716843e-01
1.491482e+05
1.379479e+00
9.678967e+00
4.810125e-01
7.024484e+01
1.234845e+00
3.304486e-03
8.601926e-04
8.795665e-05
2.757036e+01
1.777393e+04
9.425398e-04
5.285524e+03
1.745848e+01
3.011239e-01
2.660189e-01
3.346458e-02
8.980083e-01
2.885177e+04
7.873396e-02
1.407285e+02
9.030111e-02
3.565619e-02
1.954618e-04
1.580784e+02
1.043513e-01
1.037199e+00
2.335459e+01
4.418791e+01
1.646825e-01
1.112663e+00
1.026835e-01
1.661765e-01
1.603459e+00
6.512247e-05
1.177936e-02
1.786723e-02
3.500000e-06
1.519496e-02
9.581269e-02
6.647894e-06
1.081332e-02
2.606191e+00
6.457696e+02
