1.910992e-01
3.515122e+02
2.069976e+01
2.795750e+01
1.434929e+01
1.718359e+02
1.695701e+00
1.858503e-04
7.222048e-03
1.271909e-03
2.859822e+00
2.639430e+04
3.852022e+00
2.116242e-03
3.015797e-02
4.146955e-02
5.067856e-02
6.961513e+05
1.567051e-02
7.496448e+02
2.222766e-01
5.119427e+04
8.904605e+00
8.665056e-01
4.825256e-02
7.182650e-02
2.083187e+01
2.902663e+02
6.182705e+00
6.913254e+00
5.518010e-01
2.243049e+04
9.501757e+00
1.148327e+01
2.289473e-01
1.818251e+02
2.587097e+00
2.476936e-03
1.036549e-03
1.235518e-04
1.225580e+01
8.076741e+03
2.031948e-03
1.548729e+02
2.176036e+00
2.141161e-02
4.507087e-01
1.628085e-01
1.332444e+00
1.305644e+03
1.286220e-01
2.076241e+03
4.616217e-02
1.040538e-01
1.080809e-03
1.952583e+01
6.433944e-01
2.873385e-01
8.328185e-01
3.280131e+01
1.775379e-02
2.303521e+00
1.826167e+00
6.847314e-01
2.222843e+00
3.439963e-04
1.619719e-03
1.459327e-03
3.039906e-05
1.539556e-02
1.402859e-01
4.282929e-05
2.193057e-02
1.822041e+00
1.928302e+02
