1.421533e+00
1.369979e+03
9.604223e+00
1.182429e+01
1.937272e+02
8.194354e+01
1.272456e+00
7.108617e-05
2.356490e-02
1.245304e-03
1.386887e+01
2.269272e+05
4.303051e+00
4.469479e-03
2.044719e-02
3.454333e-02
2.923647e-02
1.896435e+06
1.616489e-02
1.356335e+03
5.662825e-01
6.987057e+04
8.043316e+00
2.922234e+00
4.115278e-02
2.200241e-01
3.821603e+01
4.587648e+02
4.949874e+01
7.565426e+01
3.903805e+00
6.708211e+04
4.560730e+00
3.107077e+01
6.552142e+00
1.859761e+03
1.545602e+00
1.479861e-03
1.089603e-03
1.055063e-05
8.606732e+01
8.562744e+04
1.456864e-04
2.479550e+03
7.268153e+00
7.037924e-01
5.452852e+00
5.638140e-02
1.597072e+00
4.399624e+03
2.362589e-02
1.369800e+02
2.340728e-02
1.077532e-01
1.693678e-03
4.247122e+00
1.654167e+00
7.815397e-01
1.295464e+01
5.807125e+01
1.568018e-01
8.409253e+01
2.061676e+00
2.651519e+00
3.958896e+00
2.704880e-05
5.706201e-03
6.527918e-03
2.982960e-04
1.989880e-01
1.721782e+00
4.238369e-06
3.520761e-02
1.197818e+00
3.484095e+01
