3.334446e-01
5.710802e+02
2.667012e+01
5.003222e+01
2.976892e+01
1.010079e+02
3.824575e+00
8.140219e-05
2.984825e-03
1.719813e-03
3.951191e+00
3.085939e+04
4.976785e+00
9.189952e-04
3.982472e-02
1.106842e-01
1.833869e-01
1.721400e+06
2.130326e-02
6.284012e+02
5.500115e-01
5.639127e+04
8.030436e+00
5.095149e+00
1.041927e-01
6.607337e-01
1.355638e+01
1.495245e+03
6.975010e+00
6.228147e+00
2.194069e+00
8.172329e+04
2.720313e+01
1.073031e+02
3.084716e-01
3.753661e+02
2.893242e+00
1.338324e-03
1.078255e-03
1.991654e-04
9.244432e+00
5.667007e+03
1.911499e-03
1.981838e+03
2.261666e+00
2.231480e-01
4.674172e-01
5.065046e-01
6.361550e-01
1.247823e+03
2.499791e-01
1.131711e+03
5.092754e-02
4.915033e-02
2.302142e-03
3.807367e+00
4.310722e-01
1.435520e+00
9.987550e-01
8.674169e+01
2.584974e-02
7.174793e+00
2.305417e+00
2.824687e+00
1.552435e+00
5.652861e-04
3.834010e-03
2.356320e-03
5.092322e-05
1.144888e-02
2.577442e-01
3.161621e-04
2.238164e-02
2.367878e+00
1.393027e+02
