5.706996e-02
4.240282e+02
4.641402e+01
1.361218e+02
1.325007e+02
4.993392e+02
2.030127e+00
3.556587e-05
5.678827e-03
5.096748e-03
1.765146e+01
4.469681e+03
1.310365e+00
1.072436e-03
1.556614e-02
8.147084e-02
4.241832e-01
4.050413e+06
4.657073e-03
5.859246e+01
6.493341e-01
9.740434e+03
5.195190e+01
3.104488e-01
5.934222e-02
3.323561e-01
1.560521e+01
7.707158e+02
7.527350e-01
2.132103e+00
1.351292e+00
1.449022e+04
1.965700e+01
6.740971e+00
1.378275e-01
9.859928e+01
2.196477e+00
3.085950e-03
7.887473e-04
2.269277e-05
1.921148e+00
2.573621e+04
7.451667e-04
1.046282e+03
2.653409e+00
1.061543e-01
2.990346e+00
1.668892e-02
2.744982e-01
9.625314e+02
6.044002e-01
8.894502e+02
1.484637e-01
7.797858e-02
4.976707e-04
1.026165e+02
1.344131e+00
1.616575e-01
5.093026e+00
1.288087e+01
1.109517e-01
7.874337e+00
1.100503e+00
3.103624e-01
1.209240e+00
1.349777e-03
1.273938e-02
1.076152e-03
4.267221e-05
9.916930e-03
1.603614e-01
4.973720e-06
2.779313e-03
1.306901e+00
4.809620e+02
