9.398467e-01
1.167872e+03
8.261058e+00
8.314646e+00
1.861524e+02
3.443978e+01
1.021548e+00
3.797923e-05
1.633797e-02
7.959531e-04
1.070835e+01
1.514612e+05
2.767093e+00
2.659522e-03
1.708869e-02
2.026313e-02
2.400571e-02
1.541735e+06
5.014432e-03
7.828459e+02
5.572165e-01
3.790103e+04
6.580830e+00
2.131221e+00
3.550114e-02
1.413592e-01
3.899917e+01
5.644385e+02
2.943074e+01
8.070796e+01
3.776247e+00
4.700720e+04
3.805588e+00
3.374340e+01
5.957619e+00
1.333064e+03
1.250025e+00
2.107235e-03
7.790688e-04
7.650000e-06
3.836466e+01
5.731417e+04
1.179785e-04
1.381745e+03
5.538524e+00
7.037924e-01
5.243385e+00
6.303430e-02
1.110525e+00
2.220813e+03
2.041587e-02
1.157116e+02
2.846023e-02
1.216642e-01
1.067244e-03
4.355134e+00
1.054146e+00
5.575635e-01
3.955250e+00
9.199969e+01
1.564812e-01
3.724274e+01
9.684055e-01
2.097582e+00
3.542179e+00
2.704880e-05
3.076444e-03
6.102697e-03
2.199441e-04
1.130735e-01
2.048387e+00
4.130000e-06
1.741478e-02
1.182166e+00
2.186276e+01
