5.999367e-02
1.158502e+03
2.680595e+01
2.016688e+01
7.131375e+00
7.478603e+01
2.549658e+00
2.016879e-04
1.259956e-03
3.199361e-04
1.049193e+00
5.722345e+03
1.202492e+01
3.854536e-04
1.867343e-02
1.072767e-01
1.052832e-01
2.982245e+06
1.099461e-03
1.028495e+03
3.129461e-01
1.163407e+04
6.276272e+01
3.683918e-01
1.189939e-02
1.052596e-01
1.646981e+02
3.145963e+03
1.521012e+01
8.718275e+01
4.290978e-01
1.482350e+05
1.379479e+00
1.339565e+01
5.747425e-01
4.801536e+01
1.342740e+00
5.193504e-03
6.336703e-04
1.428744e-04
2.160522e+01
2.195689e+04
8.214632e-04
5.285524e+03
1.745848e+01
4.379522e-01
1.625736e-01
3.899041e-02
9.242944e-01
3.992061e+04
1.294466e-01
1.544327e+02
1.178190e-01
2.609318e-02
2.572522e-04
7.452446e+01
6.860205e-02
1.195447e+00
1.262101e+01
6.949588e+01
1.416610e-01
2.531132e+00
1.026835e-01
1.133505e-01
1.536290e+00
4.335135e-05
1.184314e-02
1.999366e-02
7.874246e-06
2.525289e-02
1.466248e-01
1.628486e-05
1.196264e-02
2.959059e+00
6.292247e+02
