6.945167e-02
4.464964e+02
4.436314e+01
1.246261e+02
1.062836e+02
5.096097e+02
2.046708e+00
4.202313e-05
5.667658e-03
4.642209e-03
2.036071e+01
4.798177e+03
1.464427e+00
9.333509e-04
1.593639e-02
8.753781e-02
5.598141e-01
4.395089e+06
4.881946e-03
5.740826e+01
7.089430e-01
1.014505e+04
6.372614e+01
3.606927e-01
5.893165e-02
3.271108e-01
1.507396e+01
6.639320e+02
8.322753e-01
2.407386e+00
1.381968e+00
1.470500e+04
2.207325e+01
7.771344e+00
1.686779e-01
9.695102e+01
2.088331e+00
3.093419e-03
7.807277e-04
2.232132e-05
1.935519e+00
2.761453e+04
7.760334e-04
1.106566e+03
2.503905e+00
1.302151e-01
3.213546e+00
1.666417e-02
3.101138e-01
9.645004e+02
6.745339e-01
8.006361e+02
1.595360e-01
9.066626e-02
5.223300e-04
1.069626e+02
1.324211e+00
1.750358e-01
5.491762e+00
1.133045e+01
1.093857e-01
7.464480e+00
1.056782e+00
3.012837e-01
1.226848e+00
1.397124e-03
1.371556e-02
1.194588e-03
4.362264e-05
1.041852e-02
1.529663e-01
6.096355e-06
2.562289e-03
1.331348e+00
4.413009e+02
