3.478243e-01
1.883340e+03
2.764575e+01
2.569669e+01
1.782217e+01
1.590893e+02
2.470258e+00
2.207426e-05
2.332522e-03
8.327062e-04
6.840473e+00
7.557496e+03
1.649942e+01
2.166050e-04
6.797781e-03
1.079731e-01
9.725557e-02
5.849912e+06
2.282426e-03
5.407975e+02
1.666107e-01
8.567059e+03
8.015435e+00
3.726321e+00
2.787031e-03
8.045925e-01
3.859124e+01
2.230454e+02
2.454816e+01
3.945759e+00
4.122340e+00
3.327674e+04
9.173563e+01
5.120394e+00
5.392108e+00
6.742672e+02
1.511653e+00
1.504618e-03
1.104160e-03
5.687560e-04
4.595631e+00
1.290596e+04
3.502622e-04
3.776742e+03
9.997654e-01
3.212433e-01
3.720744e+00
5.074963e-02
3.738005e-01
1.785159e+03
5.951878e-01
1.223548e+03
3.527688e-02
2.564004e-02
9.675473e-03
7.396095e+00
2.788320e-01
1.178804e+00
7.058221e-01
2.409757e+01
2.612091e-02
3.523259e+01
3.295544e-01
2.134429e-01
2.634385e+00
2.704880e-03
1.443889e-02
5.495021e-04
2.347328e-05
5.184516e-03
3.135577e+00
1.850713e-05
8.519547e-02
2.489398e+00
2.338386e+02
