7.404902e-02
4.646354e+02
4.436861e+01
1.172777e+02
9.310730e+01
5.024551e+02
2.041714e+00
4.501126e-05
5.931115e-03
5.214614e-03
1.757978e+01
5.779247e+03
1.583476e+00
9.031182e-04
1.806109e-02
9.833284e-02
5.755923e-01
4.001879e+06
6.104918e-03
6.515743e+01
8.553324e-01
1.096275e+04
6.579021e+01
4.498927e-01
5.794745e-02
4.079753e-01
1.746114e+01
7.507393e+02
9.930693e-01
2.244115e+00
1.660777e+00
1.580374e+04
2.301841e+01
9.404024e+00
2.095584e-01
9.702764e+01
2.107850e+00
3.215607e-03
7.945938e-04
2.298477e-05
1.596068e+00
2.204485e+04
9.663423e-04
1.167828e+03
2.355715e+00
1.731931e-01
3.051098e+00
1.620707e-02
3.017935e-01
9.988513e+02
6.165984e-01
7.312792e+02
1.558853e-01
8.691761e-02
5.276267e-04
9.747656e+01
1.248169e+00
1.782852e-01
5.304501e+00
1.201137e+01
1.309845e-01
8.387289e+00
9.873422e-01
3.384489e-01
1.235865e+00
1.252429e-03
1.406322e-02
1.104078e-03
4.649201e-05
1.007079e-02
1.781985e-01
7.381741e-06
2.670368e-03
1.383139e+00
4.417222e+02
