8.864269e-02
7.256238e+02
4.867508e+01
1.588951e+02
1.230147e+02
6.585545e+02
1.812287e+00
4.459992e-05
8.486882e-03
5.826487e-03
2.276690e+01
4.426072e+03
7.480975e-01
1.262449e-03
1.593291e-02
7.982913e-02
4.856395e-01
4.386415e+06
5.014010e-03
5.353266e+01
5.716345e-01
1.520787e+04
6.575541e+01
2.164334e-01
8.857654e-02
2.321216e-01
1.644955e+01
5.574759e+02
9.222059e-01
2.725921e+00
9.664784e-01
8.065709e+03
2.049758e+01
6.742571e+00
9.030409e-02
1.109886e+02
2.447741e+00
5.095549e-03
5.234062e-04
2.300104e-05
1.514121e+00
2.551050e+04
3.602661e-04
1.089949e+03
3.090196e+00
1.140559e-01
2.860311e+00
2.046150e-02
4.685792e-01
1.134435e+03
4.793060e-01
1.877407e+03
2.136778e-01
8.854676e-02
3.049062e-04
1.197458e+02
8.711535e-01
1.530824e-01
3.166030e+00
9.812199e+00
1.174292e-01
3.354354e+00
2.209906e+00
3.195634e-01
1.197797e+00
1.366142e-03
8.383958e-03
7.514801e-04
5.682509e-05
8.142322e-03
1.837219e-01
5.654347e-06
5.771665e-03
1.345830e+00
4.256409e+02
