4.089805e-02
9.423843e+02
5.106596e+00
4.549768e+00
1.435785e+01
1.274734e+02
3.611763e+00
1.034670e-03
1.820746e-03
4.034132e-04
3.459123e+00
1.089490e+05
1.592971e+01
8.323881e-03
5.377398e-03
9.696825e-02
2.909655e-02
3.682875e+06
3.988782e-03
9.489471e+01
6.672906e-02
9.371402e+03
4.287803e+01
2.957592e-01
4.359234e-03
9.119798e-01
2.611728e+01
4.869114e+02
1.684096e+01
2.142502e+00
3.402096e+00
4.105068e+04
2.262837e+00
2.554347e+01
4.050347e-01
4.907461e+01
1.377226e+00
3.113666e-02
7.193477e-04
6.620368e-04
7.634566e+01
5.235917e+04
7.841558e-05
4.071348e+02
2.393545e+00
1.350491e-01
6.556828e-01
7.696340e-01
1.682367e-01
2.177766e+03
4.113404e-01
3.112025e+02
2.696491e-01
8.325368e-02
6.571977e-03
5.096642e+00
1.356004e-01
1.968705e-01
1.071681e+01
1.232975e+02
8.850356e-03
6.958468e+00
1.262510e+00
1.434295e-01
1.102041e+00
9.109675e-05
2.363912e-04
6.892261e-04
1.881250e-05
1.888174e-01
4.896666e-01
6.579646e-06
7.258521e-03
3.263608e+00
2.764107e+02
