1.348702e+00
3.322972e+02
4.918881e+01
4.927901e+01
2.924109e+02
2.852284e+01
3.757233e+00
2.208398e-05
1.587652e-03
3.723649e-04
1.593096e+00
2.909348e+04
2.118395e+01
1.644263e-03
1.961688e-01
8.659378e-02
9.914198e-01
5.215835e+06
4.687818e-02
1.892535e+02
1.140174e-01
4.235282e+04
2.715926e+01
6.099384e+00
1.112209e-01
1.298040e+00
3.323592e+01
8.840996e+02
3.076222e+01
2.618547e+00
1.212549e+00
1.343715e+05
1.379479e+02
8.389611e+01
4.516045e-01
1.476058e+02
2.052142e+00
2.559155e-03
1.330159e-03
4.757911e-04
2.642035e+00
1.836175e+04
3.822384e-03
5.285524e+03
2.235235e+00
7.037924e-01
5.644534e-01
1.172255e-01
7.131684e-01
1.122446e+03
5.152067e-01
8.150790e+02
5.530789e-02
2.537802e-02
9.679378e-04
3.027638e+00
4.841885e-01
3.702513e-01
3.306397e-01
2.166894e+01
1.430417e-02
6.834444e+00
4.387812e+00
6.374901e+00
1.903094e+00
4.476090e-04
1.443889e-02
3.325648e-03
1.588730e-05
5.886151e-03
1.137761e+00
7.411772e-05
8.363595e-02
2.204004e+00
7.101844e+01
