1.425474e-01
2.298920e+02
1.646955e+01
1.187498e+01
8.894254e+01
2.877426e+02
1.259593e+00
4.516037e-05
6.419486e-03
7.321247e-04
7.616095e+00
1.469396e+04
3.313098e+00
6.883058e-04
1.334732e-02
3.687637e-02
2.885342e-02
1.103989e+06
1.384632e-03
3.794343e+02
6.312298e-01
3.026034e+04
5.096392e+00
6.630788e-01
2.803410e-03
3.655268e-01
3.132376e+01
4.145436e+02
2.404242e+00
6.293068e+00
1.650165e-01
1.916724e+04
1.114019e+01
4.142432e+01
1.972116e-01
2.120623e+02
1.464303e+00
2.608787e-03
1.137997e-03
6.074838e-05
1.040587e+01
6.538180e+03
9.079026e-04
1.001669e+02
1.286046e+00
4.493254e-02
9.405455e-01
1.128135e-01
5.371458e-01
1.310660e+03
1.373315e-01
9.364860e+02
2.372159e-02
1.956720e-01
1.983465e-03
1.495983e+01
1.983827e+00
2.273689e-01
3.963241e+00
1.267987e+01
1.179588e-02
4.456062e+00
5.593692e-01
1.000936e+00
2.635908e+00
1.548947e-04
1.147167e-03
7.308252e-03
3.250236e-05
2.662106e-02
4.745775e-01
7.580813e-05
5.026010e-02
1.974680e+00
3.783671e+02
