2.260072e+00
1.520294e+03
2.976990e+01
2.041704e+01
4.965329e+01
1.690474e+01
1.000000e+00
3.113364e-04
8.884671e-03
1.082599e-03
5.140618e+00
3.720336e+04
7.970576e+00
1.877527e-04
3.984859e-02
4.198042e-01
1.372540e-01
1.546008e+05
2.803746e-02
1.012329e+02
1.092722e-01
2.951607e+05
2.187229e+01
3.894450e+00
4.623437e-03
2.855796e-02
1.923118e+00
6.407451e+01
1.981380e+01
1.139319e+01
1.985502e-01
8.601404e+03
1.379479e+00
6.753008e+01
5.032498e+00
7.753744e+01
1.447706e+00
1.810802e-03
8.709110e-04
4.030856e-04
8.907637e-01
2.363933e+04
3.833883e-04
9.679634e+01
1.080984e+00
3.539230e-02
2.692450e-01
1.458688e-01
4.118790e+00
9.471867e+02
1.397520e-01
6.951212e+03
7.257868e-02
4.003093e-02
3.560543e-04
4.660038e+01
1.015858e-01
1.705946e-01
2.335459e-01
6.174591e+00
1.394914e-02
2.505932e+00
2.256575e+00
6.611767e-01
1.978455e+00
6.661328e-04
1.443889e-04
1.139223e-02
9.768719e-06
1.987102e-02
7.657419e-01
2.329625e-05
4.084698e-03
1.775077e+00
9.428293e+01
