1.153685e-01
6.105737e+02
1.650522e+01
3.461836e+00
1.698676e+01
2.552827e+01
1.097839e+00
1.934721e-04
3.884977e-03
4.439828e-03
5.636949e-01
6.099789e+03
2.960060e+01
8.785668e-04
9.035253e-03
1.406626e-01
8.622115e-02
4.950419e+05
1.490596e-03
1.657746e+03
1.262845e-01
2.951607e+03
1.009064e+02
1.463845e+00
1.388741e-02
4.527620e-01
1.923118e+00
2.327847e+03
4.948707e+01
4.179992e+00
2.532661e-01
1.260939e+04
7.557658e+01
2.818588e+00
2.063810e+00
3.142131e+01
1.437905e+00
1.697437e-03
8.710851e-04
8.010720e-06
2.662658e+00
9.268132e+02
8.667350e-04
8.747322e+01
2.436545e+00
1.345604e-02
1.021943e-01
5.649957e-01
1.321720e+00
1.235495e+03
1.735104e-01
1.375906e+03
4.217232e-01
5.498648e-02
1.263188e-02
6.921574e+00
6.860205e-02
6.029167e-01
7.663396e+00
2.690825e+00
2.294787e-02
1.628329e+01
2.591789e-01
4.621820e-01
1.629836e+00
6.780490e-05
2.868654e-04
1.908227e-02
1.153799e-04
1.205178e-02
2.265363e+00
7.133618e-06
3.006578e-03
1.508744e+00
2.500950e+02
