5.113131e-02
6.756561e+02
8.845131e+00
4.565900e+00
2.876689e+01
3.941422e+01
1.068267e+00
1.850297e-04
1.573855e-02
5.414693e-03
7.678051e-01
3.687588e+03
2.931140e+01
6.151104e-04
1.223050e-02
5.699520e-02
9.219112e-02
6.184078e+05
4.739888e-03
3.050532e+03
8.459185e-02
1.289134e+04
7.542301e+01
2.019419e+00
3.824908e-02
3.137146e-01
5.525640e+00
7.508696e+02
1.955064e+01
5.276191e+00
8.761857e-01
2.497259e+04
6.648079e+01
2.696988e+00
1.258627e+00
1.920025e+01
1.130993e+00
4.001194e-03
1.275150e-03
2.913478e-05
6.275231e+00
1.544317e+03
1.361444e-03
1.892060e+02
4.594360e+00
2.242108e-02
1.064594e-01
1.192629e+00
3.016111e+00
1.415426e+03
7.538658e-02
2.693544e+03
6.881777e-01
1.894616e-02
1.348014e-02
1.701468e+01
1.257351e-01
5.120076e-01
2.041079e+00
3.877960e+00
3.576340e-02
3.370486e+01
1.414964e-01
5.333515e-01
1.502886e+00
4.804579e-05
5.544174e-04
1.214621e-02
1.664295e-04
2.846827e-03
2.916016e+00
6.319800e-06
3.024720e-03
1.502420e+00
4.172115e+02
