4.971574e-01
1.474728e+03
1.270487e+01
4.615508e+00
2.203443e+02
1.475273e+03
1.245463e+00
1.743715e-05
9.815278e-03
7.086186e-03
6.197109e+00
1.385878e+04
2.093779e+01
2.879046e-04
7.777508e-03
7.158177e-03
2.201486e-02
5.058413e+06
1.871491e-03
1.369719e+03
8.983922e-02
3.238327e+04
5.733329e+00
3.947197e-01
1.851276e-01
9.291959e-02
8.539291e+01
1.617345e+02
4.862138e+01
6.192078e+01
4.521192e-01
1.401896e+05
5.472268e+01
1.001764e+01
5.868896e+00
7.561512e+01
1.817356e+00
6.929582e-03
5.496238e-04
4.162354e-05
6.330198e+00
2.331836e+04
6.527686e-05
9.230523e+02
3.561373e-01
7.083694e-03
8.412363e-02
2.547011e-01
1.260743e-01
8.891678e+02
2.281940e-01
1.021702e+04
3.906638e-02
4.930913e-02
3.158812e-04
7.054177e+00
8.430315e-01
1.105023e-01
1.051395e+01
6.165785e+01
1.461977e-02
8.564913e+00
3.419070e+00
1.882636e-01
1.965697e+00
9.744421e-05
2.069560e-03
1.406535e-03
1.241349e-05
5.445877e-02
2.225967e+00
4.166958e-06
1.396034e-02
2.716649e+00
2.069769e+02
