5.891613e-01
1.576885e+03
1.045948e+01
2.994074e+00
1.646375e+02
1.555076e+03
1.344380e+00
1.338941e-05
6.820228e-03
6.610966e-03
6.114923e+00
8.313534e+03
2.042910e+01
1.981225e-04
8.957429e-03
8.305308e-03
2.668794e-02
5.104415e+06
1.429420e-03
3.004933e+03
1.592035e-01
3.800859e+04
3.260649e+00
3.511175e-01
1.280478e-01
1.089979e-01
5.740055e+01
1.365926e+02
3.304660e+01
6.446207e+01
4.370521e-01
6.860952e+04
1.379479e+02
1.014392e+01
2.770704e+00
6.172819e+01
2.021872e+00
6.083052e-03
4.617924e-04
5.748148e-05
4.579729e+00
2.919409e+04
5.973150e-05
2.203447e+03
2.320677e-01
9.652691e-03
1.366596e-01
1.847991e-01
1.576484e-01
6.552053e+02
2.837453e-01
1.157116e+04
4.024201e-02
4.623466e-02
1.670815e-04
7.347012e+00
1.224483e+00
3.144705e-02
4.348014e+00
6.519600e+01
8.661735e-03
7.979089e+00
3.315952e+00
2.005920e-01
1.940307e+00
6.120236e-05
2.088908e-03
2.015786e-03
6.457045e-06
1.425212e-01
2.783295e+00
4.130000e-06
4.936065e-03
3.022699e+00
1.367774e+02
