5.703038e-02
6.094267e+02
6.652896e+01
1.390841e+02
2.346481e+01
4.803721e+01
2.456250e+00
1.199508e-04
1.003901e-02
1.926195e-03
2.162823e+01
3.154544e+04
2.537739e+00
9.920252e-04
4.577029e-02
2.309934e-01
1.035283e+00
2.811479e+05
1.265597e-02
3.131358e+02
1.714318e+00
7.663003e+04
1.561842e+01
1.882889e+00
1.032091e-02
3.561782e-01
9.236884e+01
1.162075e+02
7.699481e+00
5.063293e+01
1.314269e+00
1.032205e+04
1.934224e+01
1.034853e+01
6.629179e-01
5.431143e+02
2.084154e+00
1.921631e-03
9.497615e-04
3.646709e-04
1.036922e+01
1.931606e+04
2.823858e-03
1.424532e+03
4.078639e+00
1.495399e-01
1.194455e+00
1.127164e-01
6.893903e+00
8.063622e+03
6.988431e-02
2.671295e+02
1.660858e-01
4.989410e-02
5.182210e-03
1.304157e+01
2.823734e+00
6.194597e-02
2.334911e+00
2.631122e+02
6.251058e-02
1.143564e+01
1.579022e+00
1.972700e+00
2.304093e+00
7.248707e-04
5.369687e-04
1.023682e-03
1.666593e-05
3.156603e-03
4.203386e-01
1.385372e-05
2.631887e-03
3.135882e+00
6.399387e+02
