9.558814e-02
7.821461e+02
4.651542e+01
1.218041e+02
8.393513e+01
1.209232e+02
2.337715e+00
1.059748e-04
1.322400e-02
1.624131e-03
8.884507e+00
3.118466e+04
3.193415e+00
1.425142e-03
2.755803e-02
2.056454e-01
4.194358e-01
4.612550e+05
1.001821e-02
1.936034e+02
1.375432e+00
7.063406e+04
1.799416e+01
1.191854e+00
1.968779e-02
4.889729e-01
7.460656e+01
1.040051e+02
9.153498e+00
4.360651e+01
1.575112e+00
1.125475e+04
2.969813e+01
7.272760e+00
1.114752e+00
4.134485e+02
1.950097e+00
1.536300e-03
8.849539e-04
2.275366e-04
1.070858e+01
1.608993e+04
3.191365e-03
1.431309e+03
2.021978e+00
1.979956e-01
1.342156e+00
2.348710e-01
8.465663e+00
4.011679e+03
5.010055e-02
5.246865e+02
9.158431e-02
4.248404e-02
5.261959e-03
2.451930e+01
2.786378e+00
6.993320e-02
3.969973e+00
2.012446e+02
7.956694e-02
1.354817e+01
1.252553e+00
6.630118e-01
1.999988e+00
4.297553e-04
7.995269e-04
8.211350e-04
2.392038e-05
4.099498e-03
8.079413e-01
1.160235e-05
8.221201e-03
2.794237e+00
4.170372e+02
