4.109138e-01
7.802363e+02
2.652122e+01
1.410342e+01
1.594529e+02
2.897633e+01
1.390611e+00
2.904096e-04
5.009884e-03
6.295904e-04
9.871206e-01
6.931907e+04
4.970857e+00
2.023435e-04
3.636534e-02
6.556929e-01
6.047338e-02
1.027599e+05
2.162183e-03
5.225416e+01
3.804325e-01
5.913423e+04
5.178417e+00
1.169028e+00
7.068973e-02
3.114780e-02
1.909210e+01
2.711358e+02
5.670363e+01
4.369624e+01
5.716268e-01
6.448336e+04
2.537140e+01
3.591066e+00
8.957472e-01
7.830216e+01
1.256147e+00
2.848963e-03
7.403678e-04
2.248933e-05
2.497459e+00
1.028858e+04
1.408426e-03
5.968238e+02
2.593793e-01
5.879835e-02
2.010463e-01
3.694690e-02
1.144752e+00
1.606189e+03
1.445699e-02
6.045251e+03
9.523537e-02
1.254493e-01
3.156948e-03
6.298002e+01
9.961005e-02
1.957197e-01
4.624405e+00
2.240486e+02
1.265447e-02
1.675680e+01
4.683940e-01
9.402238e-02
2.244275e+00
9.786984e-04
5.609855e-04
1.425457e-03
3.688518e-06
1.227714e-02
1.225132e-01
5.376426e-05
7.080831e-03
3.842561e+00
1.768955e+02
