4.103623e-01
7.563912e+02
2.614638e+01
1.523476e+01
1.758203e+02
2.590495e+01
1.480486e+00
2.930767e-04
6.732928e-03
6.430551e-04
1.543304e+00
6.181436e+04
5.250553e+00
2.750877e-04
5.001698e-02
6.824807e-01
6.248035e-02
1.030967e+05
2.936011e-03
6.252798e+01
4.633756e-01
6.061567e+04
4.834583e+00
8.937706e-01
4.284383e-02
3.074675e-02
2.665678e+01
2.177586e+02
5.373207e+01
4.319590e+01
4.746931e-01
3.895680e+04
2.881554e+01
3.583028e+00
6.484008e-01
7.729400e+01
1.129094e+00
2.642049e-03
7.477920e-04
2.086434e-05
3.013920e+00
8.939701e+03
1.829171e-03
4.043237e+02
3.092193e-01
5.888278e-02
2.616522e-01
3.385859e-02
1.189300e+00
1.739928e+03
1.375336e-02
5.622777e+03
1.262341e-01
1.629643e-01
3.404112e-03
5.699018e+01
8.142369e-02
1.612818e-01
4.054213e+00
2.630590e+02
1.091444e-02
1.207733e+01
4.342745e-01
1.061736e-01
2.348202e+00
9.961764e-04
4.606307e-04
1.272894e-03
3.753306e-06
9.261882e-03
9.303002e-02
4.427699e-05
6.499239e-03
3.721207e+00
1.644522e+02
