1.109904e-01
1.297050e+02
1.942557e+01
4.952510e+01
1.204973e+01
2.451128e+02
1.226554e+00
1.957511e-04
1.004770e-03
3.076317e-03
1.160648e+00
4.507024e+03
1.074372e+01
7.339263e-04
8.464304e-02
4.077939e-01
1.371443e-01
4.034852e+06
1.549562e-02
6.318379e+02
1.424429e+00
3.612791e+04
4.087754e+01
3.312906e+00
4.788815e-03
2.036774e-02
1.961368e+00
2.266765e+02
2.652260e+01
5.642648e+01
1.282325e-01
1.217409e+04
1.638966e+00
3.632661e+01
4.170510e-01
1.656385e+03
2.172162e+00
1.644031e-02
8.855332e-04
5.039537e-04
3.575602e+00
8.574219e+03
3.325061e-03
9.922702e+01
1.378209e+01
8.314487e-02
1.597373e-01
6.147989e-01
7.045063e+00
9.707172e+02
1.074550e-01
1.233917e+02
2.418118e-01
6.962518e-02
3.591934e-03
1.022392e+01
2.810125e-01
7.907400e-01
1.348932e+01
1.383685e+02
1.080946e-02
1.378109e+01
1.190328e-01
2.179645e-01
1.824929e+00
7.954663e-05
3.025751e-04
1.335980e-03
3.022513e-04
1.398814e-01
1.696526e+00
3.650767e-05
7.119176e-02
1.199625e+00
3.213204e+02
