6.934806e-01
9.675987e+02
1.164127e+01
5.744181e+00
1.276247e+02
1.690474e+03
1.325485e+00
3.053003e-05
6.905101e-03
5.247898e-03
4.630239e+00
1.086313e+04
2.079156e+01
4.346656e-04
2.613041e-02
7.046790e-03
1.981915e-02
2.120240e+06
2.053631e-03
1.903775e+03
1.777273e-01
8.649360e+04
2.428750e+00
2.448740e-01
1.012974e-01
1.089495e-01
7.337808e+01
1.018930e+02
3.214760e+01
8.198785e+01
3.082664e-01
9.214421e+04
1.287184e+02
8.750459e+00
1.252093e+00
6.515399e+01
2.572743e+00
3.467876e-03
4.343368e-04
1.420842e-04
4.621644e+00
2.753059e+04
6.000860e-05
2.397464e+03
1.745848e-01
1.800814e-02
1.251804e-01
1.391080e-01
3.586093e-01
1.280942e+03
6.373791e-01
1.157116e+04
8.248024e-02
4.722613e-02
1.670815e-04
6.519935e+00
1.586298e+00
3.144705e-02
4.492073e+00
7.326430e+01
1.134013e-02
1.673630e+01
2.533956e+00
4.504168e-01
2.104336e+00
4.992067e-05
1.619313e-03
2.336440e-03
4.292995e-06
6.401038e-02
2.625933e+00
5.207787e-06
8.743516e-03
2.938746e+00
8.551540e+01
