2.898160e-01
5.578919e+02
1.106649e+01
1.980475e+01
4.743932e+01
5.503138e+02
1.626168e+00
4.599654e-05
7.100502e-03
1.471171e-03
7.659338e+00
2.404198e+04
7.858021e-01
1.906200e-03
3.574140e-02
5.045958e-02
3.004248e-01
9.520638e+05
3.600213e-03
2.322703e+02
2.324506e-01
2.522436e+04
1.129069e+01
1.951690e-01
5.540657e-02
7.799892e-02
2.408743e+01
1.275550e+02
2.947312e+00
8.863140e+00
1.452363e-01
3.625567e+04
1.671268e+01
5.416283e+00
1.136226e+00
1.193857e+02
1.545646e+00
6.280570e-03
7.815468e-04
7.443731e-05
9.568048e+00
5.304608e+03
7.175821e-04
8.911481e+02
6.718507e-01
1.101667e-01
1.537930e-01
6.414453e-02
5.481641e-01
2.974512e+03
6.413859e-02
3.348445e+03
3.839366e-02
1.873290e-02
9.944485e-04
1.869113e+01
3.704029e+00
1.277841e-01
1.295440e+00
1.624802e+01
2.135059e-02
1.094465e+01
1.051027e+00
2.383025e-01
1.763685e+00
2.093983e-04
4.781744e-04
1.991477e-03
2.535681e-05
7.533476e-03
1.059737e+00
4.584566e-05
1.195115e-02
1.742422e+00
1.616076e+02
