1.992193e-01
4.077706e+02
1.890416e+01
1.176076e+01
1.790750e+01
1.188561e+02
1.659710e+00
1.081970e-04
6.014505e-03
2.282493e-03
2.917057e+00
1.198604e+04
2.458146e+00
6.003761e-04
8.069481e-03
4.274073e-02
1.118752e-01
4.218069e+05
4.009171e-03
3.264817e+02
5.063285e-01
2.328361e+04
1.608900e+01
8.223916e-01
3.003856e-02
6.644881e-02
2.538393e+01
2.951996e+02
1.308279e+01
3.515171e+00
5.722369e-01
3.833185e+04
5.354974e+00
1.129119e+01
4.523167e-01
2.114061e+02
1.821135e+00
3.434228e-03
9.168792e-04
8.417445e-05
6.268007e+00
3.909772e+03
3.711165e-04
3.889813e+02
1.923796e+00
1.835056e-02
3.097871e-01
5.864647e-02
1.017779e+00
1.367829e+03
5.034656e-02
1.186757e+03
5.908306e-02
2.121731e-02
5.039087e-04
9.462970e+00
1.342996e+00
1.801327e-01
9.433153e-01
1.204558e+01
1.655198e-02
5.802949e+00
6.008257e-01
5.945153e-01
2.211586e+00
2.223648e-04
8.969007e-04
1.006521e-03
8.498919e-06
7.015454e-03
2.743879e-01
3.819782e-05
4.858159e-03
1.898418e+00
2.101967e+02
