1.940646e-01
2.317506e+02
1.621886e+01
1.584231e+01
7.345875e+01
2.287195e+02
1.796453e+00
4.139825e-05
3.965221e-03
7.591464e-04
2.273097e+00
4.408831e+04
2.155093e+00
1.414953e-03
2.924120e-02
7.263610e-02
6.181997e-02
1.239759e+06
1.153101e-03
1.318686e+03
3.167834e-01
2.037762e+04
3.853147e+01
3.362040e-01
6.299921e-02
1.114284e-01
2.844337e+01
1.998884e+02
2.761125e+00
1.754089e+01
3.355817e-01
5.781278e+03
1.024938e+01
2.562086e+01
2.588390e-01
1.260544e+02
1.671984e+00
6.521556e-03
7.874655e-04
4.167705e-05
1.001135e+01
5.510535e+03
4.253560e-04
3.151565e+02
5.780319e-01
1.527471e-01
1.359552e+00
8.517294e-02
1.472724e+00
3.024538e+03
1.268167e-01
2.117468e+03
1.999947e-02
4.469427e-02
1.492434e-03
1.042974e+01
1.089269e+00
9.537363e-02
2.255870e+00
3.814397e+01
1.649390e-02
3.511541e+00
9.270639e-01
4.047233e-01
1.677155e+00
9.821749e-05
1.576717e-03
2.303164e-03
1.212760e-05
3.458346e-02
2.093371e-01
4.061208e-05
7.168723e-03
2.138955e+00
1.255486e+02
