1.171400e-01
5.497550e+02
1.888306e+01
5.068109e+01
7.549232e+00
6.392012e+01
1.837979e+00
3.827297e-04
1.991981e-03
1.535113e-03
4.670160e+00
1.848012e+04
2.600958e+00
3.144318e-03
2.523836e-02
1.015725e-01
1.256704e-01
3.740001e+05
1.997563e-03
2.511112e+02
6.916952e-01
6.823387e+04
3.869166e+00
7.463678e-01
2.952109e-02
9.578001e-02
1.054862e+01
2.091694e+02
2.126073e+01
5.589385e+00
1.253619e-01
1.813567e+04
4.283251e+00
1.700412e+01
3.305642e-01
3.530535e+02
1.751360e+00
3.472918e-03
4.916675e-04
6.174548e-05
7.233550e+00
1.019147e+04
5.223530e-04
1.057578e+03
7.026414e-01
5.467791e-02
5.482767e-01
4.279418e-01
3.366132e+00
1.327779e+03
4.027139e-02
1.552091e+03
1.960323e-02
1.447930e-01
3.741333e-03
1.171385e+01
5.961965e-01
2.196019e-01
2.942747e+00
5.356494e+01
7.097521e-03
1.067008e+01
1.098769e+00
2.367141e-01
1.297077e+00
1.246283e-04
4.673597e-04
3.918691e-03
4.079389e-05
1.425173e-02
3.090213e-01
2.872876e-05
1.260805e-02
2.603674e+00
3.472895e+02
