1.759100e-01
9.190333e+02
1.258840e+01
2.542830e+01
1.647781e+02
5.610945e+01
1.135655e+00
6.589568e-05
2.928820e-03
1.771791e-03
4.623926e+01
8.609173e+04
1.956533e+00
2.101827e-03
2.109993e-02
7.046790e-01
1.716615e-01
6.795826e+05
6.324208e-03
1.507950e+02
2.351730e+00
2.154745e+05
4.901229e+01
2.652466e+00
1.620752e-02
9.338935e-02
4.638839e+01
5.321309e+01
1.722500e+01
1.499181e+02
4.026018e-01
5.859130e+03
1.899347e+01
2.029385e+01
1.368681e-01
2.990726e+02
4.000000e+00
8.015682e-04
6.012340e-03
4.199195e-04
3.275155e+00
1.241464e+04
1.967791e-03
1.655531e+02
6.458370e-01
9.934817e-02
3.602196e-01
1.332498e+00
2.435050e-01
3.287281e+03
6.894644e-01
1.016601e+03
1.038849e-01
1.511624e-02
2.663442e-03
1.071686e+01
4.603081e+00
1.728118e-01
8.737259e+00
8.417858e+00
2.109081e-03
9.903643e-01
1.453790e+00
6.325782e-01
1.241029e+00
2.186176e-03
6.917839e-03
1.482874e-03
4.315702e-05
2.062570e-02
2.298372e-01
6.595160e-06
1.384439e-01
3.882583e+00
2.058373e+02
