8.337503e-02
1.616988e+02
1.937810e+02
3.846821e+01
7.914249e+01
1.690474e+01
1.897433e+00
4.165972e-04
2.205197e-02
2.531535e-03
2.305149e+00
1.578785e+04
1.063102e+00
1.172165e-04
7.218435e-02
1.592890e-02
1.276701e-01
2.352040e+05
1.131275e-03
4.605970e+02
6.445461e-01
9.348464e+03
3.236888e+01
1.487295e+00
7.273094e-03
2.422122e-02
7.348148e+01
8.054468e+02
6.574760e+01
6.494640e+00
2.481828e+00
5.968296e+03
2.836668e+00
2.937431e+00
3.752442e-01
8.373918e+02
3.272398e+00
5.506820e-03
1.729516e-03
1.195947e-05
2.601870e+01
2.232663e+04
7.326417e-05
1.998306e+03
2.330289e+00
4.051209e-01
8.885173e-01
2.719954e-01
4.011570e-01
8.045571e+02
7.671746e-03
6.164098e+02
3.563228e-02
3.429547e-02
8.035535e-04
9.065941e+01
2.758067e+00
3.144705e+00
6.461644e-01
9.280694e+01
3.032108e-03
3.551708e+00
2.173419e-01
2.140560e-01
1.503931e+00
2.900295e-04
1.443889e-02
1.140151e-03
1.733367e-04
1.079715e-01
9.263013e-01
6.334771e-05
7.388495e-03
1.443809e+00
5.760966e+02
