1.134862e-01
3.872698e+02
2.148517e+01
7.911519e+01
1.435358e+02
6.544409e+02
1.249722e+00
6.817050e-05
2.596943e-02
4.138339e-03
1.072073e+00
3.679271e+04
6.272961e-01
6.740103e-03
2.426976e-03
7.046790e-03
2.174790e-01
1.049965e+06
2.240312e-03
8.138643e+02
5.060269e-01
2.370924e+04
8.157542e+00
1.273677e-01
6.334032e-03
1.596152e-02
2.439443e+01
1.379575e+03
2.078208e+00
2.827331e+01
5.359319e-02
4.407317e+03
7.836719e+00
5.505735e+00
2.328584e-01
4.862592e+01
1.077745e+00
1.811008e-03
2.705118e-03
4.002605e-05
8.907637e+01
8.562744e+02
5.302979e-03
1.122099e+03
4.212863e+00
7.196819e-02
3.836210e+00
3.756239e-02
1.726314e-01
3.823479e+03
1.177814e-01
2.706967e+03
3.939619e-01
6.025217e-02
2.275425e-03
6.900385e+01
7.512018e-02
1.055724e+00
3.409770e+00
1.391533e+02
6.913492e-03
3.078208e+00
6.026476e+00
1.644130e-01
2.316351e+00
7.100088e-04
1.443889e-04
1.307858e-02
3.500000e-04
6.382311e-03
1.629932e+00
9.081566e-05
1.425977e-03
2.488869e+00
3.075187e+02
