1.303828e-01
3.674574e+02
1.418429e+01
6.870325e+00
6.847464e+01
6.382966e+01
2.402867e+00
5.107409e-05
8.358956e-03
2.370745e-03
5.498728e+00
2.535045e+04
4.034076e+00
2.164058e-03
2.380163e-02
4.407077e-01
8.247016e-02
8.192825e+05
3.940473e-03
1.324462e+02
1.706352e-01
2.063649e+04
8.074140e+00
1.038599e+00
1.081770e-02
1.587018e-02
1.498567e+01
4.962212e+02
9.536560e+00
1.382627e+01
2.951819e-01
1.103559e+04
1.369320e+01
6.632761e+00
3.925462e-01
2.312823e+02
3.497896e+00
1.376280e-03
1.581572e-03
1.581290e-05
1.023922e+01
4.735838e+03
3.871649e-04
1.343089e+03
1.175867e+00
2.495026e-02
1.674274e-01
5.310700e-01
2.546095e-01
1.663644e+03
2.251063e-02
3.237374e+03
6.137054e-02
2.377394e-01
6.449523e-03
4.287330e+00
6.280102e-01
2.079817e+00
2.173317e+00
7.269180e+01
1.852819e-02
4.634946e+00
2.650411e-01
8.059066e-02
1.731118e+00
5.467242e-04
3.030913e-04
2.192903e-03
2.614918e-05
7.704205e-03
1.039339e-01
2.293895e-05
1.118283e-02
1.576621e+00
2.589581e+02
