1.621050e-01
5.015595e+02
1.790731e+01
1.323850e+01
2.171153e+01
7.575545e+01
1.759011e+00
1.193457e-04
4.599719e-03
1.445513e-03
1.004896e+01
2.284890e+04
1.276293e+00
7.736366e-04
2.516089e-02
4.460895e-02
2.881391e-01
5.914932e+05
2.552952e-03
1.481491e+02
5.972722e-01
4.787266e+04
1.052541e+01
9.329012e-01
2.468923e-02
8.176754e-02
2.126061e+01
4.054354e+02
8.605998e+00
3.612829e+01
1.555390e-01
2.684662e+04
1.433491e+01
1.422263e+01
9.207725e-01
1.995250e+02
1.845811e+00
2.038419e-03
8.620962e-04
8.826279e-05
4.757183e+00
5.535832e+03
8.946872e-04
7.725825e+02
1.893711e+00
5.269109e-02
6.029677e-01
5.885517e-01
2.844953e-01
2.533762e+03
2.985270e-02
6.824494e+02
1.357869e-01
3.155117e-02
9.819515e-04
1.153829e+01
1.199743e+00
1.233288e-01
2.446385e+00
1.534228e+01
7.999501e-03
1.079179e+01
9.937689e-01
7.075256e-01
2.036910e+00
3.785839e-04
2.376992e-03
2.116404e-03
4.213622e-05
1.833427e-02
4.242520e-01
3.280585e-05
8.017042e-03
2.448014e+00
2.511397e+02
