2.814741e-01
5.310587e+02
2.818088e+01
1.816558e+01
5.355179e+01
5.198585e+01
1.941324e+00
7.711645e-05
2.323926e-03
1.518509e-03
1.275316e+01
3.748045e+04
2.445976e+00
4.291905e-04
8.922782e-02
1.614586e-01
1.177788e-01
2.579348e+05
1.482313e-02
1.939534e+02
3.588111e-01
6.690160e+04
2.411969e+01
2.207943e+00
5.701372e-02
1.059327e-01
2.036490e+01
4.547202e+02
3.709195e+00
2.293037e+01
2.098668e+00
2.543287e+04
1.266329e+01
1.387060e+01
4.877776e-01
2.733680e+02
1.575441e+00
3.778405e-03
6.367429e-04
1.089583e-04
1.031975e+01
1.550839e+04
3.275024e-04
6.063182e+02
4.131711e+00
3.641728e-02
4.891990e-01
3.201464e-01
9.111238e-01
3.422065e+03
2.012250e-01
1.414480e+03
1.554220e-01
6.151272e-02
5.034944e-04
2.896495e+01
2.561213e-01
2.588940e-01
1.430606e+01
2.437834e+01
1.950413e-03
2.117845e+00
1.420849e+00
2.543396e-01
1.441114e+00
5.776897e-04
1.527163e-03
2.170618e-03
5.578694e-05
1.583381e-02
2.291658e-01
3.004035e-05
9.247220e-03
1.990450e+00
1.539289e+02
