1.416012e-01
3.765452e+02
1.290476e+01
7.165181e+00
8.038072e+01
7.313790e+01
2.700040e+00
3.516202e-05
8.327740e-03
3.207308e-03
5.564006e+00
2.214085e+04
5.344848e+00
2.145439e-03
2.516096e-02
4.674729e-01
7.627615e-02
8.795980e+05
5.557425e-03
1.812424e+02
1.847631e-01
2.223852e+04
7.820774e+00
1.088973e+00
9.466720e-03
1.768261e-02
1.670423e+01
4.235083e+02
1.002261e+01
1.742715e+01
3.052006e-01
1.130285e+04
1.459621e+01
7.798690e+00
4.079206e-01
2.072134e+02
3.622302e+00
1.436422e-03
1.475117e-03
1.859096e-05
1.259723e+01
5.452138e+03
4.439054e-04
1.403587e+03
1.352911e+00
2.367292e-02
1.861218e-01
4.879032e-01
2.846064e-01
1.653751e+03
3.432901e-02
2.929322e+03
5.678327e-02
1.740798e-01
7.871105e-03
4.820800e+00
7.981322e-01
3.108733e+00
3.114752e+00
7.387999e+01
1.696010e-02
4.250795e+00
2.935294e-01
8.214515e-02
1.765101e+00
6.849897e-04
3.634171e-04
1.789038e-03
1.978344e-05
8.695071e-03
1.384069e-01
2.885316e-05
1.096986e-02
1.782921e+00
2.012860e+02
