1.428673e-01
3.436047e+02
1.313208e+01
9.166894e+00
9.137875e+01
9.029128e+01
2.388680e+00
2.909695e-05
1.310663e-02
2.820178e-03
2.896380e+00
2.325539e+04
3.967357e+00
2.040832e-03
1.522070e-02
1.753748e-01
6.770132e-02
7.219978e+05
4.290862e-03
1.071883e+02
1.909383e-01
1.751200e+04
9.617941e+00
1.492990e+00
6.851450e-03
1.798382e-02
1.221898e+01
3.618059e+02
8.913814e+00
9.308490e+00
3.318480e-01
1.346009e+04
1.455477e+01
7.418731e+00
4.827913e-01
9.773579e+01
3.344037e+00
2.222335e-03
8.458516e-04
1.619542e-05
2.073749e+01
6.907051e+03
2.792946e-04
1.083010e+03
1.398193e+00
2.330631e-02
1.379002e-01
1.564296e-01
2.242698e-01
3.917453e+03
3.794071e-02
2.279226e+03
5.250634e-02
1.552142e-01
7.707147e-03
3.702913e+00
7.412965e-01
1.620543e+00
2.170888e+00
7.501829e+01
1.437019e-02
3.173910e+00
2.231107e-01
1.054243e-01
1.579925e+00
3.822554e-04
3.960801e-04
1.382235e-03
9.788607e-06
1.106547e-02
1.279070e-01
2.366760e-05
1.048809e-02
1.724853e+00
1.729234e+02
