1.599706e-01
4.575655e+02
1.214034e+01
7.906178e+00
1.163817e+02
6.038274e+01
2.613985e+00
3.047847e-05
1.127950e-02
3.165832e-03
5.496414e+00
2.680000e+04
3.124811e+00
2.970212e-03
2.513456e-02
3.257034e-01
6.954333e-02
7.653765e+05
6.003316e-03
1.755419e+02
1.847675e-01
2.608676e+04
6.465635e+00
1.680251e+00
8.000213e-03
2.615730e-02
2.252937e+01
3.940511e+02
1.168455e+01
1.327841e+01
2.714024e-01
1.242801e+04
1.255472e+01
9.829692e+00
3.773760e-01
1.599632e+02
3.970264e+00
1.527198e-03
1.268085e-03
1.719293e-05
1.440975e+01
6.701036e+03
4.694703e-04
1.507695e+03
1.671118e+00
2.590048e-02
1.520457e-01
3.315900e-01
2.413424e-01
2.380968e+03
3.724529e-02
2.274264e+03
4.885083e-02
2.190495e-01
6.893427e-03
3.465186e+00
8.121378e-01
2.091931e+00
3.121006e+00
7.330430e+01
1.433723e-02
3.760358e+00
2.965760e-01
1.197846e-01
1.593928e+00
5.409980e-04
3.941901e-04
1.711113e-03
2.135417e-05
9.152800e-03
1.253877e-01
2.061351e-05
1.245972e-02
1.717121e+00
2.019444e+02
