4.466147e-02
8.125283e+02
3.051274e+01
6.157884e+01
5.344396e+00
4.901943e+01
2.502906e+00
5.172068e-05
2.647732e-02
1.115008e-03
2.585514e+01
7.954182e+03
1.549356e+00
5.108128e-04
2.366023e-02
2.323207e-02
1.966306e-01
1.828580e+06
3.257657e-02
8.586455e+02
1.484445e-01
2.683503e+05
3.505337e+00
2.438015e-01
7.483694e-03
1.078020e+00
6.086160e+00
3.256882e+02
1.960366e+00
4.795968e+00
7.642988e-02
2.110265e+04
1.496018e+01
1.153971e+01
5.512374e-01
5.697257e+02
1.318539e+00
2.161643e-03
3.593011e-03
8.056414e-05
3.943027e+00
3.342701e+04
1.135196e-03
4.796876e+02
1.095871e+01
1.153828e-01
2.422681e-01
5.220705e-02
6.051917e-01
1.891358e+03
1.394301e-01
1.695880e+03
6.608364e-01
2.699913e-01
1.308243e-02
3.911813e+01
1.316555e+00
7.311768e-02
7.775978e+00
4.492057e+01
1.454610e-02
4.792526e+01
6.136119e-01
7.138662e-01
1.675362e+00
3.133425e-05
6.413018e-03
4.765095e-04
4.147870e-05
7.370539e-03
6.511150e-02
3.179169e-05
1.490048e-03
3.685126e+00
8.606513e+02
