2.007184e-01
6.020947e+02
2.806968e+01
6.291021e+01
1.078906e+01
1.299361e+02
2.647654e+00
1.700017e-04
8.912229e-03
1.529035e-03
1.208840e+01
3.427655e+04
3.047716e+00
3.534911e-04
5.414570e-02
3.317162e-02
4.292690e-01
2.096816e+05
2.658232e-03
1.599363e+02
4.492125e-01
1.830553e+04
4.584963e+01
1.652851e+00
1.007932e-02
6.529420e-02
1.831105e+01
5.850902e+02
2.071126e+00
2.880249e+00
1.097720e+00
2.441310e+04
1.270746e+01
1.072994e+01
6.089752e-01
1.389383e+02
1.505999e+00
5.719007e-03
6.789619e-04
2.465039e-05
1.696105e+01
4.067815e+04
3.015347e-04
4.050782e+02
1.387478e+00
7.098953e-02
1.154599e+00
2.839810e-01
7.903797e-01
4.598161e+03
1.534783e-01
2.326919e+03
1.351343e-01
2.139756e-01
6.232284e-04
2.483640e+01
4.655037e-01
2.140476e-01
2.835099e+00
3.060844e+01
2.284570e-02
1.859292e+00
1.003798e+00
2.292084e-01
1.550636e+00
2.192887e-04
8.014254e-04
1.552676e-03
2.480967e-05
1.041551e-02
3.224486e-01
2.970089e-05
3.728358e-02
1.402022e+00
2.400336e+02
