1.583779e-01
6.944773e+02
2.374346e+01
2.996206e+01
1.870654e+01
6.447273e+01
1.819198e+00
4.402840e-04
1.780004e-03
4.360305e-04
5.269498e+00
7.062104e+04
5.917128e-01
3.359969e-04
5.285290e-02
4.912636e-01
2.136708e-01
9.752338e+04
2.717866e-03
6.660956e+01
9.594501e-01
2.276063e+04
2.772413e+01
7.000257e-01
2.962836e-02
6.538495e-02
3.413058e+01
5.609579e+02
1.749394e+01
1.106480e+01
2.860043e-01
1.367447e+04
3.948838e+01
6.865446e+01
2.761840e-01
6.729894e+01
1.520148e+00
2.543395e-03
1.034465e-03
1.336343e-04
3.752944e+00
5.472086e+03
9.816857e-04
2.224362e+02
1.788421e+00
1.038610e-01
3.779975e-01
4.092685e-01
7.953191e-01
2.777629e+03
8.102068e-02
1.181367e+03
3.901823e-02
9.384874e-02
5.583679e-03
1.943929e+01
1.349300e-01
6.499004e-02
4.540092e+00
1.201303e+02
1.855232e-02
7.648691e+00
1.013533e+00
2.394543e-01
1.167766e+00
6.381554e-04
2.361289e-03
3.922274e-03
2.257123e-05
4.674345e-03
6.712853e-01
9.918900e-06
1.526455e-02
1.982011e+00
2.928881e+02
