2.355034e-01
9.989199e+02
1.913019e+01
2.313265e+02
9.540402e+01
4.815559e+02
3.294033e+00
3.632315e-05
2.999613e-03
2.871904e-03
2.206827e+00
1.320217e+05
1.369862e+01
1.707597e-03
6.938487e-03
7.166380e-03
9.504276e-01
7.744671e+04
3.595901e-02
1.014678e+02
5.449342e+00
5.360182e+04
1.009064e+02
2.382367e+00
1.750162e-02
3.853699e-02
4.507617e+00
1.492854e+02
8.342646e+00
3.976342e+00
2.285667e+00
8.463061e+04
4.896516e+01
3.792185e+01
4.049658e-01
2.240765e+01
1.799546e+00
5.612926e-03
7.426217e-04
9.288104e-06
4.246086e+01
2.257639e+04
2.646299e-04
1.886164e+03
3.239627e+00
1.579849e-01
5.452852e+00
1.127044e-01
9.202558e-02
1.639417e+04
1.679211e-02
3.702248e+02
1.670709e-02
2.165925e-01
1.670815e-04
2.543961e+01
2.639442e+00
1.489209e+00
5.531831e-01
8.051767e+01
1.154425e-02
1.647848e+01
3.682137e+00
2.097443e-01
3.039948e+00
6.946875e-04
2.328212e-04
9.088033e-04
1.125878e-05
1.919789e-01
1.795603e-01
8.506567e-05
7.269970e-02
2.877119e+00
2.046965e+02
