1.564459e-01
1.212194e+03
2.257686e+01
2.994074e+02
6.979278e+01
3.518152e+02
3.454057e+00
3.871909e-05
3.753469e-03
1.768885e-03
2.804146e+00
1.015117e+05
2.819586e+01
1.230041e-03
4.442431e-03
7.046790e-03
8.084362e-01
1.427585e+05
3.866113e-02
1.431577e+02
4.708256e+00
4.461893e+04
5.179002e+01
3.484745e+00
1.675366e-02
3.289308e-02
1.923118e+00
1.325464e+02
1.577035e+01
2.203196e+00
8.625923e-01
3.557202e+04
3.155845e+01
1.012635e+02
3.634853e-01
1.859761e+01
2.240248e+00
7.092849e-03
7.559219e-04
8.038446e-06
1.709041e+01
1.583522e+04
2.819515e-04
2.413215e+03
2.960180e+00
1.960320e-01
3.833640e+00
1.223849e-01
9.099687e-02
1.327141e+04
1.652479e-02
3.859633e+02
1.256964e-02
5.038900e-01
1.670815e-04
2.537779e+01
5.428072e+00
1.800564e+00
6.668412e-01
8.376484e+01
1.385748e-02
1.428023e+01
2.556327e+00
1.699361e-01
3.373589e+00
8.590059e-04
2.014160e-04
9.161900e-04
7.050696e-06
1.080893e-01
1.256274e-01
4.530296e-05
6.878855e-02
2.778665e+00
3.117573e+02
