9.595191e-02
2.728969e+02
2.162374e+01
1.324302e+01
1.882231e+01
4.522275e+01
1.949323e+00
2.827230e-04
2.222708e-03
2.824706e-04
4.234073e+00
3.332161e+04
1.690275e+00
1.509139e-03
4.305126e-02
4.847965e-02
6.895180e-02
2.811406e+05
2.203759e-03
9.237034e+02
1.250908e-01
1.107979e+04
1.330425e+01
5.916301e-01
3.132257e-02
9.299593e-02
3.682855e+01
6.085694e+02
5.086410e+00
9.367182e+00
2.664463e-01
4.132412e+04
1.344802e+01
8.840623e+01
1.320082e+00
2.834637e+02
1.256100e+00
2.961544e-03
9.142628e-04
3.781047e-05
1.037412e+01
6.779891e+03
4.318903e-04
1.101774e+02
1.399608e+00
8.684909e-02
1.238862e+00
8.071708e-02
2.285393e+00
8.535338e+02
2.681644e-02
5.042363e+02
2.167390e-02
1.852707e-02
2.015364e-03
9.823920e+00
7.542488e-01
8.875065e-02
3.662954e+00
1.162123e+02
1.133383e-02
8.574103e+00
9.886553e-01
1.255690e+00
1.925719e+00
4.035439e-04
7.551563e-04
6.503486e-04
3.427262e-05
9.500420e-03
5.365285e-01
1.211287e-04
9.731781e-03
1.655989e+00
2.918266e+02
