1.147535e-01
3.391251e+02
2.246629e+01
1.518047e+01
1.307664e+01
8.903902e+01
2.910786e+00
7.587878e-05
2.728946e-03
1.116036e-03
1.283915e+00
2.345611e+04
4.800808e-01
1.431295e-04
7.800248e-03
4.068476e-02
1.080343e-01
3.330335e+05
2.717670e-03
4.250806e+02
4.696740e-01
2.532478e+04
1.204080e+01
1.748861e-01
6.816116e-03
4.520088e-02
4.893468e+00
7.363831e+01
8.958767e-01
2.819743e+00
3.132633e-01
5.637006e+03
3.420319e+01
6.833319e+00
2.203862e-01
1.205732e+02
1.129286e+00
2.378099e-03
7.427532e-04
3.309320e-05
3.946857e+00
4.935506e+03
1.246820e-04
3.021780e+02
1.093714e+00
2.933874e-02
2.471707e-01
1.842725e-02
6.388883e-01
3.171272e+03
4.138899e-02
2.247043e+02
1.217663e-02
4.643591e-02
6.311159e-04
4.488421e+00
5.234824e-01
1.569781e-01
5.699662e-01
1.640600e+01
1.555052e-02
3.375192e+00
3.435323e-01
1.066477e+00
1.802152e+00
5.092907e-05
2.696635e-04
1.578289e-03
1.808569e-05
1.142009e-02
1.365721e-01
7.062173e-06
7.322992e-03
1.832602e+00
2.138508e+02
