3.428484e-02
1.260926e+02
3.113151e+01
2.309569e+01
6.744115e+00
4.934944e+01
2.242198e+00
1.905704e-04
2.191040e-03
1.021238e-03
2.589128e+00
1.388367e+04
6.337517e+00
5.086163e-04
2.577576e-02
3.959517e-02
2.219074e-01
1.269016e+05
9.394455e-04
9.879220e+02
3.387944e-01
8.110971e+03
1.064745e+01
2.479706e+00
5.823816e-03
5.645826e-01
1.097227e+02
1.765655e+03
4.824430e+01
5.579483e+00
2.938869e-01
8.123333e+04
1.379479e+00
1.269396e+02
2.883548e+00
5.299538e+02
2.347374e+00
1.317878e-03
5.897022e-04
1.962525e-04
7.268713e+01
3.482803e+04
1.869921e-03
2.444290e+02
1.498670e+01
2.975071e-02
1.837541e-01
2.567269e-01
6.459308e+00
7.971604e+03
1.013575e-02
1.512305e+03
6.446647e-02
1.148855e-02
4.236344e-03
4.430707e+01
3.746707e-01
1.990128e+00
1.733849e+01
1.049883e+02
7.222296e-03
4.410169e+00
1.098856e+00
1.193335e-01
1.862918e+00
8.986936e-05
4.117271e-03
1.155133e-02
1.998405e-05
9.030228e-03
4.804239e-02
1.606301e-04
1.067568e-02
3.603081e+00
5.726812e+02
