1.140238e-01
2.679889e+02
2.307532e+01
1.968075e+01
2.113344e+01
6.930740e+01
2.014086e+00
2.507458e-04
1.898842e-03
2.400806e-04
4.346219e+00
4.155531e+04
1.849906e+00
2.072903e-03
4.688642e-02
3.655770e-02
1.105643e-01
2.440950e+05
2.540709e-03
6.312991e+02
1.765674e-01
1.280969e+04
8.539284e+00
4.970243e-01
3.342595e-02
1.281946e-01
2.116514e+01
6.825599e+02
3.967534e+00
1.069241e+01
2.620296e-01
4.390399e+04
1.985289e+01
9.475064e+01
1.014798e+00
3.185576e+02
1.434949e+00
2.642946e-03
7.401898e-04
5.706695e-05
8.646972e+00
1.201721e+04
3.797785e-04
1.713711e+02
1.654646e+00
1.000603e-01
7.073561e-01
8.558838e-02
2.457682e+00
1.504685e+03
2.529687e-02
4.913365e+02
2.568079e-02
3.678528e-02
2.841401e-03
9.271576e+00
4.835794e-01
1.030179e-01
3.114971e+00
9.636300e+01
1.346312e-02
5.360122e+00
1.266525e+00
9.267601e-01
1.896641e+00
6.431788e-04
7.456832e-04
1.007547e-03
3.705927e-05
3.953759e-03
5.898239e-01
6.448650e-05
1.451589e-02
1.606173e+00
2.609787e+02
