2.404763e-01
1.668371e+02
9.588642e+00
6.452927e+01
1.328552e+01
2.992898e+01
1.617478e+00
3.950190e-05
3.031929e-03
2.801997e-03
1.083366e+01
1.607167e+05
1.759947e+00
2.410064e-03
5.225907e-02
1.658582e-01
4.411828e-01
8.495011e+04
3.125554e-03
6.127680e+02
6.109159e-02
1.599713e+04
4.228715e+01
1.775697e+00
3.248997e-02
2.577340e-02
1.322528e+01
7.775158e+01
4.983107e+00
3.919183e+01
5.060127e-01
7.232049e+04
6.139605e+00
2.397868e+00
1.113932e-01
3.342037e+02
1.901639e+00
1.733959e-02
7.859825e-04
1.572987e-04
1.410579e+00
1.532429e+03
5.000239e-04
1.581469e+02
4.017158e+00
3.531369e-01
8.015570e-01
1.468175e-01
5.663388e-01
2.714152e+03
7.454597e-02
8.615998e+02
1.447912e-01
2.571748e-02
5.860066e-04
7.206557e+00
9.552475e-01
2.106580e-01
7.739908e-01
9.802292e+01
2.609657e-02
2.291661e+01
1.613341e+00
1.349433e-01
3.070087e+00
7.537654e-05
1.391884e-03
2.291611e-03
2.648513e-04
8.912983e-03
1.802493e+00
2.112326e-04
2.997260e-03
3.860096e+00
1.261489e+02
