7.265068e-02
1.117745e+03
1.960115e+01
4.002013e+01
3.925510e+01
3.648246e+02
3.174480e+00
2.892108e-05
4.307912e-02
4.971209e-03
5.799805e-01
2.457069e+05
3.639191e+00
2.122250e-04
2.537491e-02
6.992733e-02
2.839439e-01
2.460620e+06
1.931313e-03
1.831940e+02
5.503461e-02
5.148515e+04
3.267179e+01
1.614406e-01
2.592507e-03
1.796241e-01
7.982722e+01
3.842951e+02
7.270107e+00
6.897426e+00
3.229412e-01
2.202046e+04
2.232270e+01
1.683546e+00
8.893815e-02
6.010404e+01
1.131207e+00
7.067101e-04
3.350332e-03
6.779703e-05
1.421445e+01
6.897197e+04
3.237805e-03
1.377908e+02
3.586034e+00
2.561066e-02
5.452852e-02
1.645768e-02
4.492955e+00
1.702128e+04
2.844546e-02
1.867532e+02
7.834431e-03
7.684422e-03
1.670815e-04
4.010671e+00
2.928770e-01
3.144705e-02
2.789838e-01
2.336322e+01
7.521166e-02
1.249047e+01
2.216648e+00
5.200188e-01
1.448908e+00
4.061819e-04
9.775904e-04
2.448164e-04
3.168629e-05
4.296125e-03
4.359963e-01
2.499663e-05
7.078024e-03
1.000000e+00
5.369871e+02
