1.285434e-01
2.679933e+02
2.126139e+01
2.280794e+01
1.792295e+01
5.690967e+01
2.089506e+00
2.988675e-04
2.240914e-03
2.570617e-04
5.005769e+00
5.035794e+04
1.921356e+00
1.713041e-03
4.219216e-02
3.526086e-02
1.105543e-01
2.362691e+05
2.071064e-03
5.765511e+02
1.755263e-01
1.250024e+04
1.121560e+01
4.837117e-01
3.067102e-02
1.153280e-01
2.751496e+01
6.091653e+02
4.163012e+00
8.763156e+00
2.627014e-01
3.296445e+04
1.659793e+01
9.875942e+01
1.057131e+00
3.216943e+02
1.434936e+00
2.800188e-03
8.901025e-04
3.843111e-05
9.717092e+00
9.104251e+03
4.013616e-04
1.432084e+02
1.958556e+00
7.730734e-02
8.545927e-01
7.084014e-02
2.167250e+00
1.131509e+03
1.732811e-02
7.439603e+02
2.309164e-02
2.184445e-02
2.339277e-03
8.032657e+00
5.976782e-01
9.758424e-02
3.559782e+00
9.263064e+01
1.397857e-02
6.865399e+00
1.060261e+00
9.365066e-01
1.928383e+00
4.078972e-04
8.797228e-04
1.152459e-03
2.887633e-05
5.673666e-03
4.279035e-01
7.107209e-05
1.499360e-02
1.773244e+00
2.512806e+02
