3.428484e-02
5.495769e+02
1.355978e+01
6.220191e+00
7.341039e+00
3.962136e+01
2.697472e+00
3.381901e-04
2.219029e-02
4.039650e-03
6.935559e-01
3.859817e+03
1.951977e+00
6.766077e-03
2.740293e-02
1.282261e-02
2.156554e-01
9.505478e+04
1.288205e-02
1.380130e+02
4.103945e-01
6.260675e+03
2.946587e+01
1.826592e-01
9.525344e-02
5.031481e-02
1.513747e+01
4.415834e+01
1.529032e+01
3.535701e+01
1.176449e+00
3.614304e+03
6.820649e+01
5.286894e+01
1.522992e-01
7.042622e+01
1.578577e+00
1.997347e-03
7.252708e-04
7.458241e-04
2.533135e+01
2.145615e+04
4.014497e-04
1.872995e+02
2.155866e-01
9.577604e-03
5.452852e+00
3.041664e-02
1.468000e-01
3.992061e+02
7.671746e-03
3.734639e+03
1.346836e-01
1.318597e-02
1.417791e-02
9.965969e+01
5.656890e-01
6.174103e-01
2.335459e+01
3.205069e+01
3.761617e-03
4.743492e+00
6.302004e-01
6.542927e-02
1.799130e+00
1.056246e-04
2.030372e-03
4.203004e-03
3.551485e-05
6.421430e-02
3.969506e-02
6.952934e-06
1.785512e-02
2.300249e+00
7.297340e+02
