2.547802e-01
3.791400e+02
1.658538e+01
9.112031e+00
2.924109e+02
1.636957e+02
1.870910e+00
4.358375e-05
3.937994e-03
5.812561e-04
5.636949e+01
1.112427e+04
1.339197e+00
1.172165e-02
1.164887e-02
3.358031e-01
7.561858e-02
3.788724e+05
1.086547e-02
2.799054e+02
6.061599e-01
1.694995e+04
6.510071e+01
2.689240e-01
3.341718e-02
2.952390e-02
4.559694e+01
1.235377e+03
8.077502e+00
4.282374e+00
3.216295e-01
3.980881e+03
8.440273e+00
3.340854e+01
9.444010e-01
9.227504e+01
1.210333e+00
4.916010e-03
1.092228e-03
2.283808e-05
3.228769e+01
4.198827e+03
1.102773e-03
1.618752e+03
8.558744e-01
3.536396e-02
2.531117e+00
1.332498e+00
3.837688e+00
1.007157e+03
3.303393e-02
2.700386e+03
5.801617e-02
1.601084e-01
6.723783e-04
1.520513e+01
1.408795e+00
1.187618e-01
6.509164e-01
2.470197e+01
5.234378e-02
9.644004e+00
5.682479e-01
2.953015e-01
1.356373e+00
2.377205e-04
2.488863e-04
2.036180e-03
2.750152e-04
6.139255e-02
1.007671e+00
5.463392e-05
2.903851e-03
1.277124e+00
1.057349e+02
