1.042654e-01
2.632271e+02
2.328814e+01
1.690464e+01
1.784988e+01
5.124869e+01
1.931802e+00
3.137838e-04
2.232752e-03
2.804826e-04
3.952403e+00
5.134603e+04
1.919434e+00
1.527758e-03
4.754007e-02
3.967089e-02
8.612109e-02
2.565785e+05
2.134018e-03
7.138874e+02
1.218326e-01
1.144323e+04
1.095760e+01
6.409308e-01
3.030316e-02
1.049435e-01
3.212922e+01
6.154239e+02
4.713203e+00
7.911461e+00
2.643145e-01
3.631147e+04
1.518156e+01
8.692984e+01
1.177738e+00
3.636606e+02
1.300818e+00
2.837390e-03
8.631503e-04
3.933068e-05
9.668382e+00
7.996150e+03
3.882327e-04
1.307263e+02
1.690758e+00
8.682922e-02
9.681007e-01
6.505237e-02
2.257976e+00
1.023347e+03
2.162475e-02
6.394298e+02
2.124450e-02
1.598782e-02
2.060736e-03
9.680218e+00
6.668733e-01
8.683422e-02
3.313742e+00
1.067423e+02
1.169820e-02
6.812087e+00
1.090714e+00
1.367347e+00
1.908428e+00
4.497974e-04
6.900345e-04
8.149180e-04
2.976501e-05
6.983501e-03
4.834897e-01
1.010493e-04
1.126300e-02
1.677837e+00
2.838228e+02
