2.092497e-01
3.663370e+02
3.308768e+01
3.491416e+01
2.608930e+01
3.827861e+01
1.283715e+00
2.029024e-04
5.562695e-03
1.303715e-03
1.220283e+01
1.394525e+04
4.646615e+00
3.544508e-04
3.534177e-03
8.450469e-03
7.129869e-02
1.327136e+05
3.257959e-03
2.128745e+02
9.183235e-02
1.903970e+04
5.242726e+00
9.441678e-01
5.977460e-03
4.292656e-02
6.428672e+00
1.983123e+02
8.823056e-01
1.561379e+01
1.321850e+00
3.983656e+04
1.944189e+01
1.792984e+01
9.817142e-01
3.637555e+01
1.463961e+00
2.225836e-03
9.936005e-04
5.343689e-05
6.670243e+00
4.820050e+03
4.789625e-04
8.903218e+02
1.064539e+00
2.597398e-02
4.747931e-01
1.632999e-02
3.065624e-01
6.433105e+02
3.683733e-02
4.963482e+02
4.464391e-02
2.176797e-02
8.885009e-04
2.268972e+01
1.143191e+00
1.487859e-01
8.434121e+00
1.260184e+01
1.045343e-02
6.960285e+00
4.621405e-01
3.557937e-01
1.260618e+00
3.696790e-05
9.898729e-03
2.381253e-03
1.787640e-05
9.705362e-02
1.303126e-01
3.893999e-05
6.542916e-03
1.682208e+00
2.122875e+02
