3.266927e-01
2.742422e+02
1.547068e+01
5.729923e+00
1.782458e+02
1.290912e+02
1.663245e+00
5.792565e-05
4.155036e-03
6.602414e-04
5.620669e+01
1.202105e+04
7.225242e-01
1.121157e-02
1.146858e-02
3.248190e-01
5.951643e-02
5.028631e+05
8.528765e-03
2.864305e+02
3.290057e-01
1.459594e+04
4.616657e+01
1.971503e-01
2.638386e-02
2.243463e-02
4.007740e+01
9.281037e+02
1.295395e+01
4.184003e+00
2.661323e-01
6.175199e+03
7.864794e+00
4.083718e+01
7.718065e-01
1.062567e+02
1.142795e+00
6.133247e-03
1.257438e-03
2.074344e-05
3.479083e+01
4.771622e+03
9.207371e-04
7.248936e+02
3.926054e-01
2.024158e-02
2.590691e+00
6.453424e-01
2.714550e+00
1.072072e+03
1.826057e-02
1.824032e+03
6.193177e-02
1.435948e-01
7.833758e-04
1.439922e+01
8.109795e-01
1.096494e-01
1.110729e+00
3.318912e+01
4.729493e-02
4.223258e+00
2.979167e-01
1.948449e-01
1.597614e+00
2.964825e-04
2.646032e-04
1.838791e-03
2.302596e-04
3.175960e-02
1.044729e+00
4.081526e-05
3.949211e-03
1.243708e+00
1.210348e+02
