7.594814e-02
3.520193e+02
1.981343e+01
2.994074e+00
2.924109e+02
3.389136e+01
1.063696e+00
2.257338e-05
5.905889e-03
2.903697e-03
5.468794e+01
5.204520e+03
1.890176e+00
6.903726e-04
1.589679e-01
2.462594e-01
3.337047e-02
9.440779e+04
2.098515e-03
1.717055e+02
5.503461e+00
1.307788e+05
5.996258e+01
9.139399e+00
7.508038e-02
4.588536e-01
2.528961e+01
6.429692e+01
2.826799e+01
7.195800e+00
2.340279e+00
2.536814e+04
5.615036e+00
1.748234e+00
9.527639e-01
1.853596e+02
1.207607e+00
2.873238e-03
1.291487e-03
1.676900e-05
1.100170e+00
4.843651e+03
8.129309e-04
3.742681e+02
3.823594e-01
4.351746e-01
7.181112e-01
2.266603e-02
9.196356e-02
2.564876e+03
3.624720e-01
4.948165e+02
2.701069e-01
2.503758e-02
1.265509e-03
5.262767e+01
2.722245e-01
4.437279e-01
1.342191e+00
8.969958e+00
2.111106e-02
9.111718e+01
1.978985e+00
9.423632e-01
1.304497e+00
5.305771e-04
1.913720e-04
5.863517e-04
1.434478e-04
2.933771e-03
8.222100e-01
1.785966e-05
1.311814e-02
3.774411e+00
2.714465e+02
