2.323750e-01
4.550434e+02
1.792459e+01
6.168203e+01
1.812506e+01
3.189251e+02
2.472599e+00
1.582884e-04
1.571155e-02
3.974344e-03
1.465385e+01
3.555036e+04
5.384071e+00
7.487449e-04
1.603622e-02
1.248023e-01
1.079198e-01
5.645269e+05
8.106707e-03
2.016395e+02
7.083882e-01
5.589370e+04
2.350123e+01
3.116794e+00
1.615605e-02
3.068327e-02
1.443649e+01
3.628240e+02
1.032715e+01
2.604889e+01
8.392804e-01
2.686076e+04
2.322896e+01
6.441723e+01
1.842066e+00
1.436499e+02
1.580649e+00
7.405518e-03
1.046346e-03
3.709708e-05
2.477517e+00
2.802683e+03
5.888421e-04
7.457112e+02
4.466963e+00
5.634610e-02
1.233453e+00
2.535101e-01
1.466512e+00
5.288261e+03
1.927486e-01
5.200251e+02
2.355542e-02
2.979923e-01
1.023608e-03
8.450905e+00
9.528822e-01
3.542190e-01
5.087197e+00
7.585084e+01
3.235726e-02
7.452787e+00
2.091428e+00
1.575243e+00
1.803943e+00
2.969588e-04
6.204331e-04
2.837187e-03
2.256179e-05
2.277122e-02
5.542507e-01
5.792031e-05
9.423256e-02
2.347683e+00
1.682417e+02
