4.216770e-02
6.128619e+01
4.412076e+01
2.939020e+01
4.463086e+01
3.449734e+01
3.789845e+00
1.374572e-04
1.608359e-03
5.785979e-03
5.636949e-01
9.275158e+03
1.649355e+01
1.533987e-04
4.236658e-02
3.111444e-01
6.925984e-02
9.794634e+05
9.280844e-04
5.367747e+02
2.885051e-01
3.145015e+04
7.071461e+01
3.828271e+00
1.050949e-01
1.046319e-01
5.021053e+00
6.194412e+02
1.571786e+00
9.154289e+01
5.185298e+00
2.131269e+05
1.468010e+01
1.102787e+01
1.509436e-01
2.666785e+02
2.197095e+00
7.079280e-03
3.094170e-03
3.649640e-05
1.410829e+01
2.499415e+04
6.631762e-04
1.315389e+02
8.022816e-01
1.841508e-01
4.562307e-01
1.332498e-02
3.102483e-01
2.228797e+04
2.745813e-01
6.496818e+02
2.119321e-02
2.431492e-01
2.385072e-03
2.199193e+01
7.249423e-01
1.605508e+00
6.489882e-01
1.765351e+01
3.275548e-03
1.295410e+01
4.369836e-01
1.456449e+00
1.218869e+00
2.801495e-04
2.209276e-04
3.628397e-03
1.696410e-04
4.279106e-02
2.108096e+00
3.459727e-05
4.014946e-02
1.438608e+00
5.273336e+02
