2.696198e-01
2.497589e+02
1.601261e+01
9.820779e+00
2.747712e+01
1.058008e+02
1.977611e+00
8.761056e-05
2.063867e-03
7.127194e-04
2.384947e+00
1.970972e+04
2.391544e+00
6.467031e-04
2.965875e-02
4.134586e-02
1.082603e-01
2.761884e+05
3.676840e-03
2.947883e+02
4.795504e-01
2.705957e+04
2.082049e+01
8.129175e-01
2.356710e-02
1.295665e-01
3.720952e+01
5.658746e+02
5.055931e+00
1.379661e+01
4.849664e-01
2.900070e+04
1.290926e+01
1.011328e+01
1.499697e+00
3.635411e+02
1.818753e+00
1.719400e-03
7.628729e-04
3.449636e-05
2.639851e+01
2.985498e+03
3.425363e-04
3.031557e+02
5.194628e+00
1.382271e-01
5.899604e-01
1.506469e-01
4.533060e-01
3.156110e+03
4.815617e-02
5.586263e+02
7.724144e-02
2.777524e-02
8.736661e-04
1.226377e+01
9.286470e-01
2.385249e-01
4.143131e+00
2.423071e+01
3.593906e-02
4.059405e+01
4.925162e-01
4.027512e-01
1.571310e+00
1.831128e-04
2.233949e-03
1.898314e-03
2.372192e-05
5.067236e-02
3.383708e-01
1.422144e-04
6.204701e-03
1.965444e+00
1.266594e+02
