2.757128e-01
4.918324e+02
1.796830e+01
5.439011e+01
2.039846e+01
2.925456e+02
2.312179e+00
1.524995e-04
1.437051e-02
4.002458e-03
1.025312e+01
2.840555e+04
4.131889e+00
5.054842e-04
1.919417e-02
1.600353e-01
9.585287e-02
5.469314e+05
7.912445e-03
1.797414e+02
7.634295e-01
6.029846e+04
2.549075e+01
2.749385e+00
2.022624e-02
3.834337e-02
1.855161e+01
4.226066e+02
9.856104e+00
2.306546e+01
1.073010e+00
3.248400e+04
2.697277e+01
6.793740e+01
1.840709e+00
1.626236e+02
1.666288e+00
5.836323e-03
1.000060e-03
4.530498e-05
2.134313e+00
3.185669e+03
5.798398e-04
6.639004e+02
3.855320e+00
6.550259e-02
1.139247e+00
2.615244e-01
1.519474e+00
5.378763e+03
2.031021e-01
5.403377e+02
2.852693e-02
2.665826e-01
1.119172e-03
7.829468e+00
1.108319e+00
3.188639e-01
3.924253e+00
5.637792e+01
3.166218e-02
8.991551e+00
2.032288e+00
1.044099e+00
1.844462e+00
3.458010e-04
5.687328e-04
2.932056e-03
2.443228e-05
2.185588e-02
5.464173e-01
6.604344e-05
6.685753e-02
2.135824e+00
1.741531e+02
