1.691611e-01
3.513679e+02
3.091040e+01
1.659451e+01
7.507485e+00
3.147563e+01
1.805742e+00
1.817413e-04
4.022311e-03
5.664815e-03
1.767662e+00
2.367835e+04
2.576474e+00
7.698197e-04
4.358321e-02
3.510031e-02
1.097926e-01
5.287522e+05
2.121746e-03
2.476650e+03
3.019142e-01
1.263719e+05
2.107686e+01
9.737096e-01
3.638780e-02
1.596201e-01
4.040252e+01
1.769192e+02
8.586007e-01
1.946219e+01
5.448967e-01
1.245726e+04
9.376682e+00
8.930667e+00
2.465565e-01
2.069086e+02
1.654018e+00
1.888124e-03
9.482524e-04
5.232797e-05
1.781856e+01
3.897686e+03
1.825929e-03
9.682895e+01
1.319944e+00
7.958290e-02
1.298528e+00
7.660503e-02
2.898107e-01
1.870688e+03
7.777915e-02
7.736143e+02
5.522644e-02
6.261657e-02
2.479909e-03
4.377113e+01
1.855929e-01
1.622355e-01
2.874953e+00
3.136953e+01
1.642284e-02
2.066650e+01
5.847333e-01
7.442711e-02
1.557827e+00
3.699052e-04
3.554608e-04
2.162381e-03
1.423122e-05
1.726445e-02
7.373704e-01
2.556642e-05
1.023757e-02
2.196881e+00
2.007842e+02
