1.810245e-01
2.462882e+02
1.451183e+01
1.778547e+01
6.407392e+01
1.644083e+02
1.813558e+00
6.187535e-05
3.155361e-03
1.151945e-03
8.311822e+00
4.917495e+04
8.801323e+00
1.357897e-04
2.774284e-02
4.734981e-02
4.617298e-02
9.724108e+05
7.123785e-03
3.759047e+02
5.339728e-01
3.955612e+04
2.300608e+01
2.266280e+00
2.062963e-02
6.080567e-02
7.415846e+00
5.129070e+01
4.786244e+00
2.040446e+01
2.032316e-01
8.533870e+03
1.749947e+01
2.001606e+01
7.650428e-01
1.326061e+02
1.928926e+00
2.341881e-03
9.313901e-04
3.157024e-05
6.887865e+00
1.735516e+03
5.075508e-04
3.532853e+02
1.524457e+00
6.719332e-02
7.732748e-01
1.516815e-01
8.487958e-01
5.875261e+03
8.635645e-02
7.604934e+02
3.577382e-02
2.388661e-02
1.808467e-03
3.812977e+00
5.892801e-01
1.708564e-01
3.180184e+00
1.664561e+01
1.632181e-02
1.936701e+01
9.541606e-01
4.107510e-01
1.662814e+00
1.020873e-04
1.081359e-03
1.583784e-03
1.960584e-05
1.744950e-02
3.462670e-01
5.958206e-05
1.773363e-02
1.967634e+00
1.695060e+02
