4.576516e-02
5.177596e+02
1.786578e+01
4.569299e+00
1.664720e+02
9.252115e+01
1.032138e+00
5.121292e-05
1.236147e-02
3.787173e-03
1.002316e+01
3.611611e+03
9.993517e-01
1.188091e-03
1.276131e-01
6.545991e-02
2.471146e-02
2.532277e+05
5.421968e-03
1.740492e+02
2.335726e+00
1.714174e+05
2.782098e+01
3.130438e+00
9.933745e-02
4.907744e-01
5.288029e+01
1.594802e+02
2.878106e+01
1.136778e+01
1.151127e+00
7.811769e+04
9.432164e+00
3.100031e+00
7.844706e-01
1.459692e+02
1.068459e+00
2.790328e-03
8.976186e-04
1.176856e-05
1.456113e+00
1.083472e+04
7.973114e-04
1.845363e+02
6.312905e-01
4.554127e-01
3.398755e-01
1.710536e-02
9.473899e-02
3.071178e+03
2.080343e-01
5.451397e+02
2.031839e-01
8.849976e-03
4.450051e-04
3.180775e+01
9.955465e-02
9.045141e-01
1.904392e+00
6.689205e+00
2.629098e-02
3.164525e+01
1.200168e+00
4.632042e-01
1.408391e+00
5.649309e-04
2.767241e-04
8.644313e-04
1.066238e-04
5.851056e-03
9.173345e-01
4.310012e-05
1.123386e-02
2.590245e+00
3.938059e+02
