1.544825e-01
2.144502e+02
1.645346e+01
1.133264e+01
3.631585e+01
1.357947e+02
1.942073e+00
1.051587e-04
2.370847e-03
6.107222e-04
2.149493e+00
1.657073e+04
2.627324e+00
5.857539e-04
2.197621e-02
9.315160e-02
1.106175e-01
3.030988e+05
3.774214e-03
4.518049e+02
3.181120e-01
2.613545e+04
1.518143e+01
7.725483e-01
3.004772e-02
1.354604e-01
4.108185e+01
6.263887e+02
3.753671e+00
1.598695e+01
4.508287e-01
3.796316e+04
1.146611e+01
1.290736e+01
1.315457e+00
9.218985e+02
2.031079e+00
1.588035e-03
8.106285e-04
3.964346e-05
2.686406e+01
2.952551e+03
3.770512e-04
2.855406e+02
4.444978e+00
1.499832e-01
5.320526e-01
1.359954e-01
5.497288e-01
2.987738e+03
5.449523e-02
5.042777e+02
5.085387e-02
2.964447e-02
1.005229e-03
1.357621e+01
8.769334e-01
1.555750e-01
6.246437e+00
3.234156e+01
4.944614e-02
3.017613e+01
6.994791e-01
4.114764e-01
1.580232e+00
1.474566e-04
2.009220e-03
2.068795e-03
4.107658e-05
7.215945e-02
2.384545e-01
1.500003e-04
9.136792e-03
2.225784e+00
1.522119e+02
