4.339717e-01
8.382663e+01
7.201043e+01
9.567549e+00
8.292212e+01
2.851301e+01
1.299038e+00
2.909883e-04
1.238675e-02
3.548250e-03
1.225442e+00
2.448333e+04
2.982505e+00
6.471225e-03
1.955840e-01
2.223089e-01
2.466615e-01
3.291541e+05
2.778125e-03
2.973339e+03
3.209174e+00
5.791955e+04
4.802808e+01
6.099217e+00
2.043266e-02
3.803284e-01
2.049366e+01
2.327739e+02
4.495788e+01
2.690344e+01
7.907440e-01
5.964031e+04
3.842429e+00
7.227480e+01
2.507648e+00
6.614276e+02
1.547005e+00
5.126525e-03
1.501004e-03
3.125800e-05
2.588397e+00
3.173287e+04
2.811307e-04
2.463938e+03
3.233445e-01
7.783814e-03
2.545819e-01
1.439380e-01
2.695284e-01
3.669872e+03
1.961804e-02
2.570531e+02
5.533772e-01
3.077434e-02
1.255378e-03
7.325485e+01
1.695164e-01
2.113783e+00
1.063865e+00
4.268593e+00
1.259503e-01
5.879839e+00
2.968911e-01
5.199086e+00
1.073043e+00
8.846322e-04
1.075418e-02
1.979215e-03
1.704146e-04
3.899352e-03
1.023023e+00
2.178462e-04
1.942923e-03
1.568900e+00
9.479516e+01
