2.071123e-01
3.183465e+02
1.156314e+01
1.992866e+01
1.322429e+02
2.490429e+02
1.927301e+00
2.140106e-04
5.491670e-03
5.464108e-04
5.863360e+00
5.417162e+04
1.160340e+01
1.349499e-03
2.501572e-02
9.573258e-02
1.028632e-01
3.223312e+05
2.809899e-02
3.900390e+02
4.435876e-01
2.241799e+04
2.794804e+01
7.360525e-01
8.531123e-02
2.475981e-01
1.354104e+01
5.211535e+02
1.717012e+00
5.955183e+00
1.568326e-01
1.277011e+04
2.128209e+01
1.269202e+01
3.491421e-01
3.321870e+01
1.840210e+00
5.451186e-03
7.215475e-04
2.144109e-05
4.858652e+00
5.187318e+03
1.937939e-03
4.620778e+02
2.014568e+00
5.725929e-02
7.488143e-02
3.468050e-02
1.013533e+00
3.002168e+03
4.082705e-02
1.439827e+03
1.858824e-02
1.721432e-01
1.401825e-03
8.981802e+00
2.077834e-01
1.325954e-01
1.101162e+00
2.284331e+01
5.410160e-03
1.265182e+01
1.082181e+00
1.025498e+00
1.425841e+00
3.474608e-04
5.081444e-03
7.621995e-04
3.997320e-05
1.297750e-02
7.637117e-02
1.600579e-05
1.131920e-02
1.955436e+00
1.662100e+02
