1.715567e-01
2.277330e+02
1.181445e+02
1.194273e+01
1.724338e+02
3.116421e+01
1.500518e+00
1.396511e-04
9.803542e-03
6.287027e-03
3.052028e+00
1.566696e+04
4.922777e+00
6.094847e-03
9.835163e-02
2.275668e-01
3.438487e-01
9.614433e+05
2.982445e-03
8.928463e+02
1.357975e+00
1.631671e+04
5.899752e+01
3.177333e+00
1.909208e-02
5.548938e-01
1.205277e+01
1.983339e+02
4.041310e+01
2.325429e+01
1.597571e+00
7.191978e+04
6.291460e+00
4.968960e+01
2.079428e+00
1.993770e+02
1.639715e+00
3.740731e-03
1.400299e-03
3.913521e-05
1.038545e+00
8.093057e+03
8.255677e-05
3.784104e+03
5.991207e-01
1.432253e-02
2.323231e-01
1.197920e-01
1.986198e-01
5.079939e+03
4.702721e-02
4.236141e+02
1.930544e-01
1.619626e-02
4.131306e-04
3.778435e+01
1.778767e-01
2.112415e+00
1.177384e+00
8.177943e+00
9.862572e-02
9.043575e+00
2.614552e-01
1.605764e+00
1.183492e+00
6.603292e-04
4.146733e-03
4.863261e-03
1.676718e-04
1.507774e-02
3.752762e-01
2.350919e-04
2.622390e-03
1.800191e+00
2.223200e+02
