2.093476e-01
2.938741e+02
1.408780e+01
1.825212e+01
6.448343e+01
1.749938e+02
1.759456e+00
4.429432e-05
3.617899e-03
1.810026e-03
1.250278e+01
6.232317e+04
7.484951e+00
1.971322e-04
3.027920e-02
5.980788e-02
3.800191e-02
8.794046e+05
6.729246e-03
4.850569e+02
5.690572e-01
3.984053e+04
1.908875e+01
1.956301e+00
1.582648e-02
5.988830e-02
6.827138e+00
5.191038e+01
3.749383e+00
2.369868e+01
2.974952e-01
9.451632e+03
2.438567e+01
1.653131e+01
9.832968e-01
1.620976e+02
1.954473e+00
2.215615e-03
1.192283e-03
3.225849e-05
6.344312e+00
1.855738e+03
6.608974e-04
2.896823e+02
1.365459e+00
9.099281e-02
1.085754e+00
1.578575e-01
6.553874e-01
5.425376e+03
1.071463e-01
1.218563e+03
3.067897e-02
3.065897e-02
2.283720e-03
6.590544e+00
5.409458e-01
1.571680e-01
5.219080e+00
1.925775e+01
2.136403e-02
2.198805e+01
1.119058e+00
4.552637e-01
1.735002e+00
1.081548e-04
1.112912e-03
1.891653e-03
2.618477e-05
1.640941e-02
2.902272e-01
8.529410e-05
2.220562e-02
2.160757e+00
1.692419e+02
