4.633236e-02
1.632872e+03
2.361533e+01
1.287776e+01
1.662592e+01
2.275547e+02
2.146979e+00
2.316836e-05
7.396672e-02
6.867322e-04
2.034288e+01
6.059975e+03
1.457892e+01
6.251274e-04
6.890454e-03
5.052498e-02
5.796100e-02
1.718490e+06
1.612829e-02
1.372140e+03
3.052251e+00
1.367765e+04
6.606214e+01
6.110261e-01
8.325539e-02
2.349643e-01
4.450815e+01
1.547383e+03
2.868034e+01
8.604268e+00
1.741323e+00
1.850879e+04
1.686789e+01
4.770186e+01
3.038786e+00
2.839939e+02
1.240551e+00
1.210338e-02
1.258329e-03
7.986292e-05
2.271309e+00
9.881182e+02
1.538141e-03
2.822057e+02
2.761029e+00
5.442915e-01
1.420810e+00
9.975050e-02
1.057482e-01
1.100104e+04
3.487242e-01
1.262559e+03
1.941327e-02
5.951914e-02
1.637178e-03
3.490594e+01
2.499348e+00
1.964040e+00
1.261863e+01
1.359153e+02
1.751307e-02
1.721105e+01
1.307985e-01
1.888689e+00
2.610355e+00
5.772777e-04
1.273921e-03
3.231469e-03
1.100866e-05
6.189414e-03
9.922577e-02
1.249967e-04
2.745207e-02
2.675249e+00
1.366738e+03
