1.476704e-01
1.458703e+02
2.349898e+01
8.764740e+01
1.349421e+01
6.495443e+01
1.772029e+00
4.100983e-04
7.468030e-03
5.001794e-04
3.596225e+00
4.410530e+04
4.174643e+00
4.988657e-04
3.677841e-02
6.035505e-02
9.999694e-02
3.564878e+05
8.729265e-04
1.006858e+03
1.447621e-01
9.676964e+04
1.495077e+00
3.868162e-01
8.924336e-03
2.634808e-02
2.399351e+01
4.946860e+02
2.408264e+01
5.685315e+00
2.432644e-01
1.493779e+04
6.387621e+00
2.031566e+01
1.680279e-01
4.646096e+02
1.605545e+00
3.038159e-03
6.379078e-04
8.746127e-05
1.725441e+01
2.853347e+04
8.912781e-05
7.516445e+02
3.888023e-01
4.360278e-02
3.057138e-01
5.661527e-02
7.312173e-01
1.454394e+04
4.626062e-02
1.675744e+03
3.913995e-02
4.322523e-02
2.133604e-03
4.261942e+00
5.439308e-01
1.454977e-01
4.026347e-01
7.407709e+01
1.540784e-02
3.307223e+00
3.768694e-01
6.144769e-01
1.800871e+00
1.146871e-04
9.032100e-04
2.394217e-03
5.830113e-05
7.633296e-02
3.081995e-01
9.673720e-05
7.591979e-02
2.176132e+00
2.116794e+02
