7.876252e-01
1.038630e+03
3.946079e+01
8.828536e+00
1.972421e+01
5.560569e+01
1.642667e+00
9.429615e-05
1.810571e-03
8.313778e-04
2.508356e+00
1.830795e+04
2.786496e+00
4.552685e-03
4.773552e-02
1.543790e-01
4.608354e-02
8.281744e+05
2.634397e-03
5.866110e+02
5.008179e-01
4.767603e+04
2.092729e+01
2.858282e+00
3.876161e-02
9.965000e-01
4.655566e+01
5.542431e+02
1.838435e+00
5.774253e+00
3.188391e+00
1.494431e+04
1.131149e+01
8.022733e+00
2.811838e+00
1.066465e+03
1.226155e+00
2.109468e-03
9.998182e-04
8.518536e-06
3.399969e+00
1.168453e+03
6.873531e-05
8.511316e+02
2.066263e-01
1.095985e-01
1.600853e+00
7.081357e-02
2.576553e-01
2.502961e+03
1.161003e-01
3.482536e+02
1.090358e-01
3.085316e-01
1.088093e-03
5.666170e+01
4.594249e-01
9.722213e-02
5.246611e+00
7.211680e+00
1.418381e-01
1.793929e+01
3.308857e-01
9.987707e-02
1.503309e+00
1.818645e-04
3.154775e-04
2.268858e-02
2.976011e-05
1.333239e-02
7.302610e-01
2.670140e-05
3.648122e-03
1.740589e+00
1.524440e+02
