2.096919e-01
7.023609e+02
1.971140e+01
2.685487e+01
9.746844e+00
1.969219e+02
1.818674e+00
1.364611e-04
2.213682e-03
1.269259e-03
1.678065e+00
1.182787e+04
2.405840e+00
4.178010e-04
6.758190e-02
2.633848e-02
5.059166e-02
2.443116e+05
1.604383e-03
1.422880e+02
2.698331e-01
3.485147e+04
6.375152e+00
8.776292e-01
2.061297e-02
5.627483e-02
1.030877e+01
1.964911e+02
4.448941e+00
1.339445e+01
2.008915e-01
3.243045e+04
1.268392e+01
8.849258e+00
6.616113e-01
2.069830e+02
1.547855e+00
1.472046e-03
1.004918e-03
2.010786e-05
6.424518e+00
1.249644e+04
5.619481e-04
1.008972e+03
6.208775e-01
1.121873e-01
9.224024e-02
3.917536e-02
9.975927e-01
8.505071e+02
3.976846e-02
9.542652e+02
1.611885e-02
3.098441e-02
1.911217e-03
1.573528e+01
3.662435e-01
3.843126e-01
1.504326e+00
8.605906e+00
6.100136e-03
3.438106e+00
1.217311e+00
2.548956e-01
1.506738e+00
3.319521e-04
6.541828e-04
3.417566e-04
1.001480e-04
2.325587e-02
2.156969e-01
8.440845e-06
9.447097e-03
2.048698e+00
2.065648e+02
