1.469946e-01
1.877352e+02
1.696967e+01
2.298203e+01
9.049244e+00
1.457974e+02
1.873884e+00
1.975030e-04
3.594903e-03
2.665284e-03
1.791239e+00
3.868236e+04
2.962803e+00
8.435040e-04
3.134255e-02
8.587579e-02
3.117223e-01
8.981133e+05
9.224493e-03
3.118822e+02
5.921698e-01
5.654835e+04
5.963411e+00
4.623469e-01
5.894276e-02
1.272603e-01
2.182846e+01
2.148532e+02
1.689721e+01
1.619948e+01
3.401320e-01
9.291415e+03
1.003206e+01
5.090446e+00
8.980774e-01
2.301006e+02
1.698848e+00
1.704457e-03
1.170671e-03
1.038456e-04
2.730962e+00
5.365642e+03
4.128158e-04
2.031568e+02
1.582496e+00
4.355413e-02
6.267600e-01
1.159818e-01
1.935269e+00
1.615148e+03
2.304415e-02
4.887430e+02
1.133230e-01
5.170899e-02
9.512861e-04
4.316554e+01
7.547385e-01
2.987169e-01
7.138973e-01
1.160760e+01
3.266687e-03
7.429558e+00
2.766479e+00
6.173095e-01
1.743906e+00
2.922432e-04
1.389672e-03
1.852928e-03
2.133364e-05
2.708574e-02
1.694055e-01
4.060406e-05
8.883519e-03
2.092812e+00
1.689370e+02
