2.047722e-01
5.817860e+02
2.703239e+01
1.129977e+02
1.688672e+01
1.746248e+02
1.989987e+00
2.408958e-04
6.836756e-03
1.659141e-03
2.918770e+00
7.317529e+03
3.345669e+00
2.563536e-03
2.488679e-02
6.107217e-02
3.251715e-02
7.081894e+05
2.842960e-02
4.062793e+02
1.895729e-01
2.961529e+04
1.676987e+01
3.499391e-01
3.730241e-02
1.677732e-01
6.817459e+00
3.528110e+02
1.818141e+00
5.857017e+00
2.136170e-01
4.411757e+03
1.244893e+01
1.687518e+01
7.895710e-01
1.053066e+02
1.587983e+00
6.914645e-03
6.246244e-04
2.730708e-05
4.512131e+00
7.684207e+03
4.690235e-04
1.066074e+02
1.961138e+00
1.707109e-02
3.273475e-01
2.201229e-02
2.364305e-01
1.176013e+03
3.358616e-02
1.010537e+03
4.791765e-02
2.640093e-02
1.458081e-03
2.018848e+01
6.616771e-01
2.024039e-01
3.747127e+00
8.332187e+01
1.246755e-02
3.175432e+00
1.536963e+00
2.755141e-01
1.414647e+00
5.066408e-05
1.003558e-03
1.323074e-03
1.762895e-05
1.334539e-02
3.086663e-01
1.646718e-05
7.326257e-03
1.351488e+00
1.794702e+02
