2.009354e-01
8.289235e+01
1.935068e+01
1.416078e+01
2.264859e+01
2.255081e+02
2.070237e+00
5.499598e-05
9.780510e-03
7.686532e-04
7.229261e+00
2.783538e+04
1.230968e+01
3.851460e-04
1.303384e-01
4.346598e-01
3.003168e-02
1.049279e+05
3.701551e-02
5.442069e+02
1.649138e-01
1.988975e+04
1.972966e+01
4.442174e-01
1.176351e-02
7.072471e-02
9.198978e+01
6.044197e+01
2.544814e+01
3.695954e+01
1.456202e-01
1.168795e+04
1.228215e+01
4.098499e+00
2.668728e+00
7.272962e+02
2.827487e+00
3.827276e-04
2.255685e-03
2.385612e-05
2.653069e+01
2.663182e+04
6.821728e-04
7.625227e+02
2.450737e+00
9.144326e-02
1.726461e+00
1.051976e+00
7.224654e-01
1.760373e+03
2.383934e-02
1.737024e+02
4.895661e-01
4.386547e-01
3.391743e-04
5.004373e+00
5.172194e-01
1.885521e+00
9.598630e-01
2.614297e+01
3.246461e-02
1.141162e+00
4.492047e-01
4.479970e-01
3.412491e+00
2.913564e-04
5.355422e-04
5.434400e-03
1.623564e-04
4.770663e-02
2.691095e+00
4.986537e-05
3.974755e-03
1.135766e+00
1.381263e+02
