6.168297e-01
2.191600e+02
8.293372e+00
4.221854e+00
2.833074e+01
1.635703e+02
1.546540e+00
1.709975e-04
9.477822e-03
6.268223e-04
4.444338e+00
5.536842e+03
7.518668e-01
5.436594e-04
1.516279e-02
3.433791e-02
1.393232e-01
1.846215e+06
3.392169e-03
8.439012e+02
9.544078e-02
1.829036e+04
5.491939e+00
1.464530e+00
1.482927e-02
7.038335e-02
6.325025e+00
6.590196e+01
5.152196e+00
6.236986e+00
3.861134e-01
6.419741e+03
3.105156e+01
1.628708e+01
3.397471e-01
2.736706e+02
1.213779e+00
6.496229e-03
7.353909e-04
8.213536e-05
3.499485e+00
6.170673e+03
1.795437e-04
1.896329e+02
1.776968e+00
2.191393e-02
1.166267e-01
3.503017e-01
2.748285e+00
1.674335e+03
1.190147e-02
7.263400e+02
8.378667e-02
7.776364e-03
1.899551e-03
2.013696e+01
6.046264e-01
1.354128e-01
1.009938e+00
4.515678e+01
1.408062e-02
2.272934e+00
4.800493e-01
1.066518e-01
1.487077e+00
5.777075e-04
4.843655e-04
1.285015e-03
1.686237e-05
1.587029e-02
1.739469e-01
1.385499e-05
4.025256e-03
1.464549e+00
6.674803e+01
