1.695390e-01
4.701715e+02
2.320314e+01
4.346643e+01
5.773180e+01
2.065280e+02
1.474286e+00
3.721867e-05
2.822911e-03
2.771088e-03
1.842771e+00
3.391736e+04
2.953794e+00
8.266098e-04
2.699412e-02
4.149584e-02
7.178946e-02
8.622510e+05
4.842965e-03
3.379746e+02
4.835592e-01
2.739652e+04
1.648538e+01
9.122167e-01
2.872284e-02
6.874465e-02
1.115693e+01
3.695960e+02
3.666719e+00
7.769260e+00
1.867004e-01
6.569803e+03
5.945643e+00
5.579069e+00
8.180887e-01
6.779800e+01
1.494387e+00
1.742927e-03
1.159652e-03
6.405714e-05
3.703349e+00
7.923486e+03
1.353848e-03
4.321691e+02
9.374337e-01
3.925749e-02
2.644007e-01
8.887270e-02
4.694051e-01
1.123213e+03
8.179844e-02
8.391891e+02
6.143995e-02
4.121687e-02
2.701073e-03
3.901587e+01
1.031861e+00
2.503885e-01
1.553796e+00
1.799128e+01
9.509828e-03
1.282685e+01
1.822520e+00
7.601215e-01
2.163130e+00
3.372440e-04
1.224667e-03
1.500518e-03
5.584983e-05
1.674489e-02
3.450434e-01
5.278924e-05
3.730748e-03
1.648915e+00
2.483825e+02
