7.208790e-02
1.523112e+03
1.771340e+01
1.091950e+01
6.422628e+00
7.342560e+01
3.422753e+00
4.491556e-04
2.155797e-02
6.245610e-04
2.461567e+01
6.425925e+04
1.097020e+01
4.426851e-03
6.805884e-03
2.499198e-02
3.659647e-02
2.909573e+06
3.129328e-03
1.022170e+02
3.992496e-01
1.623775e+05
6.024138e+01
1.476401e+00
2.368213e-02
2.685721e-01
9.584145e+00
9.818470e+02
9.584585e-01
2.435080e+01
1.474265e-01
3.737939e+03
7.274689e+01
5.952349e+00
6.840224e-01
4.087200e+01
1.075258e+00
1.902613e-03
1.591011e-03
5.845731e-04
1.144422e+01
2.075003e+04
1.365069e-03
1.822050e+03
6.969545e-01
1.278571e-01
1.677886e+00
5.664827e-02
6.472191e+00
5.615571e+03
5.032098e-01
1.466808e+02
5.560458e-01
1.997670e-01
1.638065e-03
3.523661e+01
1.247565e-01
1.255338e+00
9.456765e-01
1.622947e+01
1.141665e-01
1.013143e+00
1.402984e+00
3.231032e+00
2.785695e+00
1.227882e-04
3.607291e-03
2.252146e-03
1.665011e-04
3.482010e-02
2.317625e-01
1.380141e-05
5.433516e-03
1.220283e+00
6.067703e+02
