2.311769e-01
3.693427e+02
3.428045e+01
1.209977e+02
2.909683e+01
2.392946e+02
1.684894e+00
2.681233e-04
1.071391e-02
2.730228e-03
6.480847e+00
1.251754e+04
1.428730e+00
3.056032e-03
1.817466e-02
7.641266e-02
2.075653e-02
8.346308e+05
3.145809e-02
4.384953e+02
1.724971e-01
3.606259e+04
1.879049e+01
4.926190e-01
4.350871e-02
2.199375e-01
8.404987e+00
3.013900e+02
1.926398e+00
4.742825e+00
2.108426e-01
4.617622e+03
6.074044e+00
2.080951e+01
6.968695e-01
1.170741e+02
1.541897e+00
6.892240e-03
6.050653e-04
4.588013e-05
4.400084e+00
8.862879e+03
4.632171e-04
1.067152e+02
2.185190e+00
1.529986e-02
2.724830e-01
3.044598e-02
2.704027e-01
1.726100e+03
2.787802e-02
1.022481e+03
4.982784e-02
3.122849e-02
1.968397e-03
1.294316e+01
2.864190e-01
2.693091e-01
3.026604e+00
7.447927e+01
1.658935e-02
3.033738e+00
1.351906e+00
4.473106e-01
1.612086e+00
6.635464e-05
9.561605e-04
1.480825e-03
1.855526e-05
1.845883e-02
3.900097e-01
3.155030e-05
1.012627e-02
1.619439e+00
1.948293e+02
