2.469601e-01
1.020335e+03
4.728895e+01
4.776203e+01
9.310380e+01
1.979912e+02
1.844140e+00
1.948585e-04
1.083398e-03
8.737399e-04
3.671910e+01
2.115324e+04
3.917320e+00
1.849144e-03
1.068753e-02
3.104792e-02
9.341257e-02
1.476914e+06
8.275829e-03
3.066627e+02
5.798727e-01
6.116709e+04
1.072923e+01
3.925297e+00
2.200439e-02
1.283073e-01
7.479505e+00
1.408845e+03
2.483749e+00
1.402088e+01
7.047354e-01
5.318026e+03
1.613068e+01
2.186481e+01
1.207528e+00
5.194456e+02
2.024049e+00
1.855729e-03
1.048687e-03
5.711763e-05
4.939930e+00
2.201242e+04
1.151119e-03
1.351514e+03
1.192362e+00
1.954078e-01
8.589486e-01
5.371406e-02
1.927455e-01
1.374545e+03
2.564439e-02
8.395608e+02
7.206695e-02
1.452821e-01
6.290529e-04
3.830866e+01
6.133187e-01
2.202703e-01
1.276528e+00
2.994023e+01
2.535511e-02
1.705149e+01
2.260861e+00
1.215615e+00
1.755076e+00
5.097708e-04
4.729121e-03
9.531436e-04
8.997315e-05
6.371980e-02
5.293908e-01
4.767279e-05
8.875736e-03
1.836387e+00
2.555834e+02
