1.899239e-01
1.648781e+03
1.997968e+01
9.412621e+00
7.131899e+01
6.293895e+01
1.545964e+00
8.441515e-05
5.582317e-03
1.401320e-03
6.357131e-01
3.035183e+04
2.603393e+00
4.593058e-03
2.612877e-03
2.265047e-01
3.912408e-01
1.981035e+05
6.102761e-03
1.842891e+02
6.341703e-01
9.496782e+04
4.463183e+00
6.005184e-01
6.170560e-02
6.154533e-01
4.099207e+01
1.960697e+02
8.810347e+00
1.028173e+01
1.129121e-01
5.197475e+03
3.566582e+01
3.989549e+00
1.544686e+00
4.184842e+02
1.314516e+00
1.690332e-03
1.230548e-03
2.733738e-04
1.787064e+00
1.421520e+03
1.238900e-03
5.771523e+02
2.138798e+00
1.235970e-01
2.952617e-01
2.983262e-02
3.251348e-01
3.441438e+04
1.084465e-01
2.214330e+03
4.009208e-02
9.052126e-02
2.457193e-03
8.067386e+00
1.934526e+00
8.953066e-01
4.709764e+00
2.035787e+01
2.052295e-02
1.749471e+00
1.883042e+00
1.525482e-01
2.916881e+00
4.183672e-05
8.597745e-04
3.190362e-03
1.218949e-05
3.107871e-02
5.646578e-01
3.721809e-05
8.067740e-02
3.537388e+00
4.407860e+02
