8.176352e-02
5.188559e+02
2.685983e+01
3.156115e+01
1.387722e+01
2.077071e+02
1.498358e+00
1.550282e-04
1.551089e-03
2.671808e-03
1.535867e+01
5.904862e+04
2.270947e+00
3.400282e-04
9.075856e-03
5.277732e-02
1.010791e-01
2.243472e+06
1.352935e-02
6.100842e+01
8.500079e-01
7.696447e+04
7.860082e+00
1.209247e+00
1.730652e-02
1.509821e-01
1.790859e+01
5.281718e+02
2.537867e+00
2.405029e+01
1.049078e-01
1.198986e+04
1.523405e+01
4.638033e+00
4.148904e-01
1.187237e+02
1.461186e+00
1.759770e-03
8.324471e-04
3.426730e-05
8.083873e+00
7.197423e+03
2.403825e-04
5.441108e+02
5.777355e-01
6.588014e-02
1.318165e+00
8.815364e-02
8.115575e-01
2.129157e+03
1.817396e-02
3.091146e+02
3.542188e-02
1.462598e-01
2.469261e-03
1.030661e+02
1.492582e-01
2.334839e-01
7.653516e-01
6.210444e+01
8.007021e-03
4.432709e+00
8.491791e-01
4.342405e-01
1.897486e+00
8.132697e-04
2.652263e-03
7.935525e-04
1.260181e-05
9.217242e-02
5.631956e-01
2.736240e-05
1.068321e-02
1.966547e+00
3.940403e+02
