1.049141e-01
6.328205e+02
1.446016e+01
1.007715e+02
2.355480e+01
5.831418e+02
2.437071e+00
1.886765e-04
6.928375e-03
2.117339e-03
1.382398e+01
3.400811e+04
3.268213e+00
3.153163e-04
1.671824e-02
1.413025e-01
1.754826e-01
1.559321e+06
6.721027e-03
1.087137e+03
2.752303e-01
1.546777e+04
9.495770e+00
5.283853e-01
9.948771e-03
2.791021e-02
1.130477e+01
5.667606e+02
5.917003e+00
1.379053e+01
4.769346e-01
7.962250e+03
2.407762e+01
1.590600e+01
2.020519e-01
1.366125e+02
1.476474e+00
1.835405e-03
3.032423e-03
9.619647e-05
1.055814e+01
1.330010e+04
7.331366e-04
1.808584e+02
2.134200e+00
3.073293e-02
3.042712e-01
1.441973e-01
2.701212e-01
5.453290e+03
2.450519e-02
2.230442e+03
5.020200e-02
2.601901e-02
3.688890e-03
2.539576e+01
8.319769e-01
9.353641e-01
1.004074e+01
1.432206e+02
1.736178e-02
3.397560e+00
1.624758e+00
5.437843e-01
1.994229e+00
1.807368e-04
3.297653e-03
6.570620e-04
5.555212e-05
9.880818e-02
4.780659e-01
1.142138e-04
4.184411e-03
2.589970e+00
4.180366e+02
