1.381868e-01
1.896804e+02
1.453785e+01
2.851733e+01
1.256149e+01
1.335621e+02
1.875445e+00
2.363305e-04
2.651660e-03
2.224309e-03
2.823591e+00
3.297066e+04
1.944904e+00
1.103090e-03
3.050179e-02
6.717178e-02
3.196889e-01
6.966001e+05
6.112711e-03
3.000726e+02
4.525268e-01
5.152922e+04
7.953705e+00
4.379263e-01
3.597600e-02
1.893485e-01
2.370787e+01
1.928247e+02
8.883942e+00
1.329490e+01
3.788250e-01
7.906912e+03
1.015100e+01
7.212225e+00
1.000701e+00
1.669312e+02
1.639626e+00
2.001680e-03
1.413285e-03
1.417151e-04
3.818634e+00
5.602102e+03
5.311530e-04
3.218325e+02
1.391186e+00
4.853169e-02
9.354289e-01
8.815051e-02
1.629913e+00
1.673986e+03
2.825828e-02
7.015065e+02
2.047053e-01
5.892082e-02
1.215695e-03
4.071229e+01
8.241131e-01
3.244480e-01
7.651692e-01
1.112786e+01
3.728950e-03
9.322187e+00
2.779011e+00
4.596438e-01
1.678996e+00
3.268259e-04
1.311344e-03
1.198100e-03
1.989701e-05
2.794714e-02
1.359929e-01
4.404089e-05
1.426983e-02
2.070729e+00
1.733992e+02
