7.909356e-02
5.899128e+02
2.807321e+01
2.822474e+01
1.346623e+01
1.848306e+02
1.398416e+00
1.385730e-04
1.555295e-03
2.889358e-03
1.830557e+01
5.871185e+04
2.727837e+00
3.914720e-04
7.421690e-03
4.832704e-02
8.782836e-02
2.142741e+06
1.245848e-02
8.044888e+01
8.454499e-01
7.383040e+04
7.751832e+00
1.228735e+00
1.858435e-02
1.441885e-01
1.306155e+01
5.491332e+02
2.957776e+00
2.234222e+01
1.362713e-01
1.367514e+04
1.234872e+01
5.831726e+00
5.649521e-01
1.645746e+02
1.515110e+00
1.661843e-03
8.533858e-04
4.581197e-05
7.612977e+00
8.095488e+03
1.928641e-04
4.033344e+02
5.476649e-01
6.450390e-02
1.830752e+00
1.009747e-01
8.805202e-01
2.109797e+03
1.573744e-02
3.935392e+02
4.067315e-02
1.222985e-01
2.246599e-03
9.791614e+01
1.941190e-01
2.547798e-01
8.302541e-01
5.908761e+01
1.056607e-02
6.042593e+00
8.534435e-01
4.116139e-01
1.945495e+00
7.241723e-04
2.301904e-03
9.267697e-04
1.020377e-05
7.653580e-02
5.682028e-01
2.379188e-05
1.060260e-02
2.003543e+00
4.244777e+02
