8.578420e-02
1.180647e+02
4.532839e+01
4.458661e+01
1.499133e+01
9.745985e+01
2.164588e+00
8.133000e-05
2.086857e-03
3.281024e-03
1.200998e+01
5.588818e+03
2.195269e+00
8.153908e-04
5.650347e-02
1.399580e-02
1.518955e-01
1.681744e+06
1.561003e-03
2.499788e+02
2.468897e-01
8.097594e+04
6.291811e+00
1.473309e+00
1.436419e-01
9.986109e-02
1.259956e+01
3.933085e+02
1.470376e+01
2.793532e+01
9.177855e-01
9.546122e+03
4.954181e+01
3.924783e+00
5.270820e-01
2.584054e+02
1.232108e+00
2.197250e-03
1.050812e-03
2.768812e-04
1.095651e+00
1.350543e+03
4.270730e-04
1.608138e+02
4.686344e-01
1.107275e-02
5.239595e-01
1.024299e-01
3.947181e-01
3.376190e+03
5.760037e-02
5.157243e+02
4.145034e-02
1.337064e-02
1.521406e-03
1.174181e+01
3.143116e-01
7.027855e-02
1.950952e+00
3.085843e+01
3.369142e-03
3.105485e+00
1.210679e+00
4.729222e-01
1.525085e+00
2.954096e-04
2.215499e-03
2.317608e-03
3.354450e-05
6.790568e-02
3.317761e-01
6.799739e-05
5.357399e-03
2.321707e+00
2.930054e+02
