8.143898e-02
5.301099e+02
2.312884e+01
2.738352e+01
1.021483e+01
2.125037e+02
1.404718e+00
1.357438e-04
1.975740e-03
3.365395e-03
1.897227e+01
5.351329e+04
3.042155e+00
3.950229e-04
9.917196e-03
4.672476e-02
5.898410e-02
1.735427e+06
1.265071e-02
6.043113e+01
9.510298e-01
7.763803e+04
8.360724e+00
1.345784e+00
1.992829e-02
1.583356e-01
1.331160e+01
5.077160e+02
2.836103e+00
1.688044e+01
1.011436e-01
1.135568e+04
1.296819e+01
7.624859e+00
4.399485e-01
1.839846e+02
1.597387e+00
1.838976e-03
7.778347e-04
4.538068e-05
8.062560e+00
6.868241e+03
2.543319e-04
3.656443e+02
6.380291e-01
5.801158e-02
1.981334e+00
1.395475e-01
9.308438e-01
1.613947e+03
2.013964e-02
4.337142e+02
3.852129e-02
1.256258e-01
2.246330e-03
1.298197e+02
2.437922e-01
3.572235e-01
8.168938e-01
6.026775e+01
1.097694e-02
7.793890e+00
9.217423e-01
3.359756e-01
1.929109e+00
5.294370e-04
1.550691e-03
9.822122e-04
8.318927e-06
9.133618e-02
5.019501e-01
2.671620e-05
1.102183e-02
1.972837e+00
3.673104e+02
