1.873079e-01
3.886002e+02
2.660862e+01
3.426688e+01
6.204652e+01
1.042233e+02
1.569951e+00
5.384548e-05
2.474028e-03
1.560980e-03
2.635600e+00
5.316869e+04
3.545550e+00
7.700136e-04
2.157280e-02
5.479601e-02
5.821484e-02
7.175100e+05
5.931198e-03
2.966479e+02
5.015594e-01
3.552440e+04
1.190419e+01
9.491496e-01
3.336705e-02
7.911248e-02
1.002242e+01
4.181764e+02
3.921194e+00
8.180994e+00
2.618100e-01
7.446427e+03
4.833720e+00
6.002793e+00
8.337572e-01
9.950262e+01
1.520616e+00
1.708978e-03
1.249345e-03
8.990347e-05
3.971527e+00
9.266175e+03
9.801030e-04
6.341527e+02
1.162924e+00
6.028429e-02
2.726333e-01
6.607591e-02
5.817260e-01
1.206056e+03
1.131293e-01
8.735258e+02
7.825540e-02
4.615494e-02
2.130977e-03
3.240726e+01
1.148894e+00
2.629086e-01
1.136367e+00
1.990291e+01
1.731138e-02
1.795230e+01
1.217637e+00
7.523865e-01
2.356660e+00
3.057320e-04
1.237584e-03
1.734230e-03
4.745568e-05
1.204218e-02
3.911829e-01
4.825318e-05
5.108340e-03
1.524716e+00
2.337209e+02
