3.448765e-01
1.852205e+03
2.014375e+01
2.308764e+02
1.584991e+01
1.134874e+03
2.082607e+00
7.974253e-05
1.607886e-03
2.270163e-03
5.563624e+00
2.569577e+05
1.000897e+01
1.457881e-04
4.179914e-03
5.136883e-02
2.553884e-02
1.539845e+05
9.118152e-03
2.176917e+02
3.067552e+00
2.711656e+05
1.140155e+01
3.749301e+00
1.981229e-02
1.051026e-01
3.765086e+01
2.177451e+02
2.446455e+01
4.097614e+01
1.755665e-01
5.124721e+03
6.657794e+01
8.388484e+00
7.854328e-02
8.483691e+02
1.068562e+00
1.217462e-03
3.430622e-03
2.598885e-05
2.000754e+01
2.241690e+04
5.713903e-03
1.579370e+03
8.006070e-01
1.278735e-02
1.027345e-01
4.238581e-01
7.697817e+00
2.175412e+03
4.350623e-01
5.015651e+02
5.785600e-02
5.312872e-02
1.152463e-02
1.486779e+01
3.428596e+00
2.101919e+00
3.243450e+00
4.184388e+01
1.183239e-01
2.286167e+01
4.285592e-01
1.165002e+00
1.720070e+00
2.198917e-04
5.356044e-04
1.307130e-02
5.545078e-05
2.387155e-03
9.792165e-02
1.108492e-05
5.413780e-02
1.148606e+00
2.095376e+02
