4.145473e-01
2.679002e+03
2.120459e+01
2.832526e+02
1.407056e+01
5.307010e+02
2.254303e+00
7.099395e-05
3.803266e-03
2.817608e-03
1.027148e+01
2.968440e+05
1.314962e+01
1.679813e-04
3.760562e-03
4.602378e-02
3.386580e-02
1.903248e+05
4.638001e-03
2.923856e+02
2.820973e+00
2.951607e+05
9.831361e+00
2.337622e+00
3.485904e-02
8.378798e-02
4.034196e+01
1.259861e+02
4.439057e+01
5.015959e+01
9.339390e-02
4.090970e+03
4.120233e+01
1.194538e+01
1.144412e-01
6.600530e+02
1.254671e+00
1.495240e-03
2.426388e-03
3.207422e-05
2.818607e+01
1.801176e+04
5.973150e-03
2.185918e+03
9.613590e-01
7.074782e-03
1.057382e-01
4.281217e-01
6.176109e+00
1.801547e+03
5.771803e-01
3.804172e+02
6.269082e-02
5.225327e-02
5.474568e-03
8.113694e+00
2.652846e+00
1.547125e+00
4.543466e+00
6.208475e+01
1.646825e-01
1.941845e+01
7.390029e-01
1.631066e+00
1.836911e+00
1.635669e-04
1.377098e-03
1.978072e-02
4.868996e-05
3.341497e-03
4.212573e-02
1.300196e-05
4.064726e-02
1.068677e+00
2.583172e+02
