1.566990e-01
4.328568e+02
1.992615e+01
3.629857e+01
2.659856e+01
1.516244e+02
1.557430e+00
1.837003e-04
2.809679e-03
6.086741e-04
3.216052e+00
6.312081e+03
2.045604e+00
6.122735e-04
3.339015e-02
4.719900e-02
9.170283e-02
8.570027e+05
3.768356e-03
5.233846e+02
1.971986e-01
1.926996e+04
1.892062e+01
1.316071e+00
1.813271e-02
6.970099e-02
1.454255e+01
2.177511e+02
2.289373e+00
6.525206e+00
1.600651e-01
1.485975e+04
4.932421e+00
2.386527e+01
2.693922e-01
8.924126e+01
1.258683e+00
2.675034e-03
9.572369e-04
3.946337e-05
7.266454e+00
3.743512e+03
2.350147e-04
2.158011e+02
7.343652e-01
6.846468e-02
1.376941e+00
6.763565e-02
4.365336e-01
6.398141e+02
2.686301e-02
2.740932e+02
4.831384e-02
4.739423e-02
1.489984e-03
9.341002e+00
8.322140e-01
2.429573e-01
2.173699e+00
1.295300e+01
1.749286e-02
1.251380e+01
8.633769e-01
7.465454e-01
1.660252e+00
1.495638e-04
3.090531e-04
1.881779e-03
1.260825e-05
1.965236e-02
4.032818e-01
1.736660e-05
6.513519e-03
1.622528e+00
2.161095e+02
