1.681355e-01
1.271405e+03
2.114383e+01
2.385141e+02
1.166330e+01
1.359067e+03
1.603924e+00
7.439875e-05
1.214392e-03
3.462395e-03
4.683745e+00
1.838574e+05
1.231703e+01
3.052036e-04
5.360929e-03
5.122312e-02
3.512836e-02
1.631030e+05
7.665041e-03
7.778018e+01
2.543477e+00
2.820769e+05
4.814468e+00
2.654228e+00
2.367912e-02
1.873560e-01
2.497284e+01
2.002230e+02
2.527399e+01
6.743394e+01
1.435083e-01
5.902131e+03
1.379479e+02
8.237687e+00
8.746021e-02
8.076687e+02
1.145704e+00
8.111717e-04
5.359988e-03
2.980881e-05
2.703328e+01
2.882013e+04
3.033314e-03
3.091590e+03
8.685357e-01
1.266855e-02
8.214164e-02
3.677133e-01
7.352886e+00
1.206159e+03
5.369574e-01
6.658365e+02
4.016052e-02
4.057285e-02
1.670815e-02
1.567588e+01
2.329603e+00
3.144705e+00
2.827429e+00
4.168283e+01
1.646825e-01
2.357009e+01
3.105735e-01
1.276036e+00
1.479130e+00
1.757303e-04
3.804137e-04
2.047484e-02
5.944415e-05
3.841964e-03
6.579299e-02
8.019190e-06
2.951803e-02
1.006996e+00
3.342857e+02
