1.206436e-01
8.655854e+01
3.933373e+01
1.946700e+02
1.095207e+01
2.561117e+02
1.118004e+00
8.015054e-04
1.588396e-03
8.233431e-04
1.761441e+01
1.022570e+05
8.589041e+00
1.030201e-02
1.667588e-02
7.428278e-02
9.631767e-01
1.709991e+06
5.648117e-02
2.933777e+03
5.415827e-01
7.587117e+04
2.064437e+00
8.888754e-01
2.794926e-02
1.298040e+00
1.923118e+00
1.020768e+03
3.040136e+01
3.213149e+00
2.315403e+00
1.454975e+04
9.644213e+00
6.947833e+01
2.312677e-01
8.012704e+01
1.772159e+00
8.694961e-03
8.139929e-04
4.887686e-05
3.549737e+01
3.489643e+03
2.135479e-04
1.528729e+03
1.764523e+00
3.064096e-02
8.796951e-01
7.666279e-02
2.922986e-01
2.819395e+03
9.892862e-02
2.817050e+02
1.349860e-02
1.657425e-01
2.469314e-04
5.648687e+01
4.880488e+00
9.910745e-02
3.269340e+00
1.138020e+01
1.684659e-02
1.194439e+01
1.040588e+00
1.606187e+00
1.257508e+00
6.109350e-04
1.443889e-04
7.738217e-03
1.581956e-05
6.564391e-02
1.594203e+00
3.947174e-04
2.144280e-02
4.000000e+00
2.673171e+02
