2.203819e-01
1.147347e+03
2.249242e+01
2.375845e+02
1.427889e+01
1.232655e+03
1.769497e+00
6.352352e-05
1.276260e-03
2.507262e-03
3.864665e+00
1.634890e+05
1.039498e+01
1.726645e-04
4.377346e-03
4.653585e-02
2.446615e-02
1.346534e+05
7.589559e-03
1.609231e+02
2.525213e+00
2.160687e+05
7.617606e+00
2.460663e+00
1.900287e-02
1.141855e-01
2.910535e+01
1.966584e+02
2.450602e+01
4.358547e+01
1.584673e-01
5.029213e+03
8.852922e+01
1.063866e+01
6.830149e-02
8.336309e+02
1.267712e+00
1.107920e-03
3.705455e-03
2.252729e-05
2.203081e+01
1.740988e+04
3.715419e-03
1.950606e+03
6.709726e-01
1.172656e-02
8.529053e-02
3.809804e-01
8.369134e+00
1.063222e+03
2.056619e-01
5.564809e+02
4.636191e-02
3.364018e-02
1.310308e-02
1.163840e+01
2.780508e+00
1.987028e+00
3.399845e+00
4.820780e+01
1.051002e-01
1.882141e+01
3.387228e-01
1.553768e+00
1.589307e+00
1.992120e-04
3.386516e-04
1.518137e-02
5.810639e-05
3.391007e-03
1.182928e-01
7.974941e-06
3.291211e-02
1.017271e+00
2.496903e+02
