2.205722e-01
7.186287e+02
1.721258e+01
6.968972e+00
1.485701e+01
9.370439e+01
1.723522e+00
1.356342e-04
5.196432e-03
1.611227e-03
7.954151e+00
4.605413e+04
7.907342e+00
3.157017e-03
3.367778e-02
6.300615e-02
9.761051e-02
4.030427e+05
4.840736e-03
6.037801e+02
3.244136e-01
2.880597e+04
1.223394e+01
1.927309e+00
1.455900e-02
1.398836e-01
3.695090e+01
3.572032e+02
6.646963e+00
1.549558e+01
2.604315e-01
1.456491e+04
1.081025e+01
1.459498e+01
1.870654e+00
2.549984e+02
1.769892e+00
2.267488e-03
1.106976e-03
3.074852e-05
4.338380e+00
3.644549e+03
4.197387e-04
8.895470e+02
5.100360e+00
1.276323e-01
2.665657e-01
7.965893e-01
4.575119e-01
4.927762e+03
5.928537e-02
1.704434e+03
9.597746e-02
1.924547e-02
2.566601e-03
7.664727e+00
2.863102e-01
2.993943e-01
9.213219e-01
2.407096e+01
9.994616e-03
4.790934e+00
9.020470e-01
1.912321e-01
1.854605e+00
3.028716e-04
2.568627e-03
1.619675e-03
2.048098e-05
7.309903e-03
6.009475e-01
1.963250e-05
7.657532e-03
2.356035e+00
1.848619e+02
