2.976115e-01
1.419185e+03
1.674098e+01
8.063153e+00
3.660802e+01
1.759897e+02
2.868104e+00
9.332722e-05
2.155129e-02
8.280895e-04
2.650725e+00
1.246521e+04
2.994678e-01
4.841738e-03
3.859417e-02
7.901056e-02
7.124314e-01
5.028661e+05
3.048874e-03
2.021314e+02
1.125858e+00
1.205767e+04
7.940436e+01
1.433167e+00
9.628816e-02
1.218175e-01
4.342891e+00
1.072203e+02
1.088594e+01
8.364684e+01
1.404028e-01
2.590401e+04
7.828937e+01
4.133490e+00
2.825182e+00
6.488065e+02
1.489546e+00
2.493835e-03
1.206176e-03
6.592871e-04
1.989992e+01
6.685545e+03
3.289181e-03
8.117333e+02
6.547158e-01
2.135561e-01
4.420667e+00
6.065258e-01
5.131542e+00
2.146666e+04
5.314342e-01
7.234061e+03
3.989549e-01
2.066723e-01
7.949987e-04
1.746265e+00
1.772490e+00
2.855023e+00
1.382868e+01
1.519040e+01
5.524511e-02
1.390577e+00
2.169378e+00
2.447061e+00
2.831110e+00
1.874005e-03
1.236044e-02
1.171286e-02
1.009808e-04
1.262858e-02
2.139051e-01
1.819945e-04
4.110538e-02
3.262456e+00
2.567854e+02
