2.556386e-01
5.829416e+02
1.745475e+01
6.179464e+00
1.419041e+01
9.614082e+01
1.538974e+00
1.172677e-04
4.912187e-03
1.446055e-03
5.936622e+00
3.620545e+04
9.003956e+00
2.159736e-03
3.200886e-02
4.596855e-02
9.970142e-02
5.411291e+05
3.956834e-03
4.078620e+02
3.391548e-01
3.200725e+04
1.055819e+01
1.934589e+00
1.309762e-02
1.581840e-01
2.561792e+01
3.304595e+02
4.550014e+00
1.598551e+01
3.138564e-01
1.291714e+04
8.973374e+00
1.656929e+01
1.354651e+00
2.741378e+02
1.871793e+00
2.204829e-03
1.105185e-03
3.705983e-05
4.017632e+00
4.017501e+03
4.413158e-04
9.196193e+02
4.818992e+00
1.397623e-01
2.367074e-01
8.348445e-01
4.307945e-01
6.661286e+03
7.929110e-02
1.495430e+03
9.762249e-02
1.550488e-02
2.671216e-03
9.130914e+00
2.242977e-01
2.643251e-01
8.668352e-01
2.882008e+01
9.773564e-03
4.230339e+00
9.669289e-01
1.236765e-01
1.663147e+00
2.441831e-04
2.239081e-03
1.417284e-03
2.319130e-05
6.697584e-03
8.268886e-01
2.720346e-05
5.766527e-03
2.327049e+00
1.562194e+02
