5.490596e-02
9.282320e+02
1.827965e+02
1.033883e+02
1.053770e+02
1.392456e+02
1.846268e+00
9.102709e-04
3.868223e-03
1.104843e-02
2.059156e+00
6.421578e+03
3.265976e-01
2.065983e-04
7.115419e-02
3.693736e-02
5.707254e-01
5.751311e+06
5.881012e-03
1.283401e+03
6.235126e-02
1.874596e+05
6.778169e+01
3.083706e-01
1.992260e-02
2.977454e-02
8.084717e+01
1.329879e+03
2.392973e+00
1.797058e+01
9.097083e-01
9.408391e+03
3.328819e+00
1.362646e+02
1.252550e+00
1.652195e+02
1.007349e+00
8.932724e-04
3.075677e-03
7.437924e-04
9.117214e-01
2.779901e+03
8.293497e-04
4.617790e+02
5.897653e-01
3.760005e-02
4.367076e-01
4.988292e-02
1.126365e-01
1.431472e+03
1.682653e-01
2.226316e+02
5.868761e-02
4.792151e-01
9.317383e-04
1.677730e+00
1.665024e-01
4.988923e-01
5.672642e+00
3.421241e+00
1.570420e-02
2.158497e+01
2.499613e-01
2.864305e-01
1.657575e+00
1.609633e-04
3.163965e-04
1.335808e-02
1.994961e-05
8.679082e-02
1.142789e-01
6.943712e-05
7.613423e-03
1.123741e+00
1.044711e+03
