4.545864e-01
7.803619e+02
2.047573e+01
8.621096e+00
5.639932e+01
3.378907e+01
1.368685e+00
2.210636e-04
1.800298e-03
1.934542e-04
9.968220e-01
1.383828e+04
5.059950e+00
1.104202e-03
9.085177e-02
1.798262e-02
7.196132e-01
2.389290e+05
6.390868e-04
1.465703e+02
5.117464e-01
1.394591e+05
1.009064e+02
9.139399e+00
1.677248e-02
1.451718e-01
3.855521e+01
1.924442e+02
1.036237e+00
7.943795e+00
5.185298e-02
1.044764e+05
3.548874e+00
7.940297e+01
1.416491e+00
3.373480e+02
3.423051e+00
1.388223e-03
7.704907e-04
1.777751e-04
1.994304e+00
8.562744e+02
3.400715e-04
2.013740e+02
1.002213e+01
3.330445e-01
4.706966e-01
7.054516e-02
7.051908e+00
1.678596e+03
1.463842e-02
5.361638e+02
1.514331e-02
2.167300e-01
6.695683e-04
1.025830e+01
5.346096e+00
2.232751e+00
2.886595e+00
2.659483e+00
1.887567e-02
9.335612e+01
1.098237e+00
6.184435e-01
1.637467e+00
3.326790e-05
1.789720e-04
1.091497e-03
1.492378e-04
2.607124e-02
4.978665e-02
1.521583e-05
2.242090e-03
2.232615e+00
1.603158e+02
