1.369604e-01
4.978669e+02
2.068669e+01
4.193292e+01
6.608430e+01
1.065964e+02
1.448685e+00
2.033075e-04
1.078917e-02
7.057408e-04
7.554439e+00
8.352535e+04
8.218589e+00
9.890464e-04
2.593165e-02
1.266550e-01
1.898041e-01
1.355839e+06
2.066570e-03
4.392509e+02
3.983168e-01
3.643174e+04
9.575308e+00
3.068091e+00
1.977516e-02
6.002763e-01
2.140135e+01
5.571886e+02
3.033355e+00
4.289690e+01
1.310446e+00
1.573263e+04
6.589012e+01
1.703735e+01
5.871891e-01
2.049857e+02
1.551838e+00
4.284554e-03
5.411996e-04
1.959423e-04
1.100669e+01
1.329075e+04
3.136101e-04
7.290689e+02
7.763971e-01
3.765265e-02
2.120676e+00
1.904036e-01
8.212936e-01
4.656678e+03
6.154310e-02
1.972132e+03
1.306064e-01
4.277809e-01
1.570599e-03
1.104789e+01
1.742181e+00
3.461131e-01
1.958992e+00
1.718604e+01
1.609202e-02
4.190659e+00
6.886094e-01
2.039531e+00
2.135634e+00
1.938732e-04
3.991520e-03
5.950818e-03
5.923245e-05
2.595419e-02
1.458441e+00
9.574433e-05
1.560697e-02
2.713351e+00
2.168228e+02
