1.482386e-01
2.736822e+02
2.457950e+01
2.299220e+01
1.793451e+01
1.358916e+02
1.801783e+00
9.808175e-05
6.650422e-03
2.945608e-03
1.057330e+00
1.183940e+05
6.390320e+00
3.622246e-04
1.881566e-02
1.011521e-01
8.675525e-02
6.071286e+05
2.488438e-03
4.404898e+02
4.058225e-01
2.221027e+04
1.642254e+01
1.310520e+00
8.977650e-03
1.075678e-01
3.948142e+01
1.056881e+03
3.123862e+00
2.184633e+01
3.532122e-01
4.105748e+04
6.413056e+00
1.996846e+01
6.041209e-01
1.981650e+02
1.386584e+00
3.412243e-03
8.978299e-04
5.604871e-05
2.423561e+01
2.186686e+04
2.766495e-04
2.120687e+03
2.198369e+00
1.107621e-01
1.177100e+00
7.749250e-02
1.189024e-01
2.663137e+03
8.550821e-02
2.183984e+03
1.464474e-02
7.162347e-02
2.608616e-03
4.193361e+01
1.836997e-01
1.933743e-01
2.211062e+00
2.803708e+01
1.654733e-02
3.137628e+00
6.859592e-01
4.315071e-01
2.775811e+00
3.424406e-04
1.528113e-03
8.741847e-04
6.891656e-06
1.135147e-02
1.136675e+00
2.500566e-05
3.823390e-03
2.898008e+00
2.176363e+02
