2.789004e-01
6.947436e+02
2.219532e+01
1.410478e+01
1.228640e+02
7.820745e+01
1.634735e+00
7.638356e-05
1.837830e-02
2.330531e-03
2.856359e+00
3.399646e+04
1.582319e+00
9.587142e-04
6.787596e-03
1.132937e-01
2.050810e-01
1.253294e+06
1.007909e-03
1.031499e+02
2.281646e-01
1.504436e+04
1.753481e+01
8.600964e-01
1.207888e-02
8.995764e-02
1.802142e+01
4.269129e+02
2.024400e+00
1.775146e+01
3.361473e-01
9.195594e+03
1.606550e+01
1.809185e+01
4.161633e-01
1.004235e+02
2.412239e+00
2.510720e-03
1.042880e-03
1.274969e-04
4.349845e+00
1.064671e+04
6.521545e-04
5.408242e+02
6.306509e-01
5.938776e-02
8.549428e-01
1.987274e-01
2.945641e-01
2.482759e+03
4.082961e-02
1.842198e+03
4.837312e-02
8.223368e-02
1.447604e-03
1.623151e+01
1.408587e-01
1.168175e-01
6.935388e-01
2.029763e+01
1.532161e-02
3.068675e+00
2.578126e-01
1.492715e-01
1.898541e+00
3.498077e-05
1.401943e-03
2.490933e-03
1.998960e-05
3.334543e-02
6.307914e-01
5.448765e-05
1.100954e-02
1.697259e+00
2.023482e+02
