1.933171e+00
2.809970e+03
6.808095e+00
5.252085e+01
1.507226e+02
9.690148e+01
1.341101e+00
2.888198e-04
3.469795e-02
7.872799e-04
1.569380e+00
5.973703e+03
3.467211e+00
7.318510e-03
3.029923e-02
2.554566e-02
8.638814e-01
1.772467e+06
2.099428e-02
2.369715e+03
1.322080e-01
4.534936e+03
4.009510e+01
1.783724e-01
5.954981e-03
4.914778e-01
5.616448e+00
1.632951e+02
2.157047e+00
1.709354e+01
2.461748e+00
2.281642e+03
1.666589e+01
1.814505e+01
2.714330e-01
1.766346e+02
1.590512e+00
1.984404e-03
1.126199e-03
6.431549e-05
1.181457e+01
1.739761e+03
2.481053e-03
2.994641e+02
4.951288e-01
5.520673e-02
1.685043e-01
2.187489e-02
6.883969e+00
1.237228e+03
2.092397e-02
8.202182e+02
1.009674e-02
3.373064e-02
4.279819e-03
1.094755e+01
2.321490e+00
1.210750e-01
9.507643e-01
5.393942e+00
7.128728e-02
2.715588e+01
2.185053e+00
6.821610e-02
2.985414e+00
6.670866e-04
4.698028e-03
2.452170e-04
2.044541e-04
1.900446e-02
7.099687e-02
1.908641e-04
2.024993e-03
2.268900e+00
7.640918e+01
