1.989182e-01
4.067394e+02
3.114113e+01
4.396862e+01
1.140671e+01
1.229566e+02
1.974116e+00
6.959377e-05
2.323054e-03
1.467895e-03
3.501548e+00
4.152924e+04
4.750197e+00
4.071219e-04
3.231078e-02
3.737134e-02
1.740182e-01
8.533735e+05
2.447044e-03
6.094040e+02
3.190362e-01
8.729298e+04
6.200924e+00
1.720102e+00
2.750033e-02
7.748965e-02
1.994484e+01
6.190214e+02
5.383858e+00
8.513290e+00
1.078205e+00
3.045206e+04
2.540675e+01
2.733436e+01
5.454485e-01
8.751850e+01
1.706816e+00
3.270990e-03
9.429828e-04
1.342676e-04
1.201406e+01
1.133803e+04
7.332015e-04
7.856012e+02
8.998375e+00
1.810990e-01
1.046228e+00
2.323792e-01
9.072172e-01
4.301519e+03
1.116136e-01
1.305751e+03
1.850898e-02
6.603234e-02
1.546914e-03
1.559541e+01
5.487241e-01
2.200631e-01
3.163829e+00
4.263022e+01
2.287502e-02
3.437661e+00
6.497612e-01
1.018270e+00
1.988784e+00
1.907114e-04
4.346334e-03
2.419199e-03
2.380277e-05
1.090550e-02
5.719106e-01
9.606364e-05
2.179405e-02
2.835759e+00
1.984811e+02
