3.329027e-01
8.253641e+02
2.435226e+01
1.480721e+01
1.234609e+02
6.339024e+01
1.599679e+00
9.144832e-05
2.507546e-02
2.716361e-03
2.405021e+00
2.932754e+04
1.694573e+00
1.114000e-03
6.108719e-03
1.305193e-01
2.159402e-01
1.144206e+06
1.009809e-03
1.167089e+02
2.377783e-01
1.907009e+04
1.860055e+01
1.135846e+00
1.271589e-02
8.964036e-02
1.996142e+01
3.797071e+02
1.883265e+00
1.952557e+01
3.539730e-01
1.002750e+04
2.123320e+01
1.751851e+01
5.111550e-01
1.086043e+02
2.628436e+00
2.300100e-03
1.111112e-03
1.145859e-04
4.366787e+00
1.179470e+04
6.275026e-04
5.224282e+02
6.274741e-01
6.595213e-02
9.223766e-01
1.875634e-01
3.174769e-01
2.413403e+03
3.183167e-02
1.939720e+03
5.245498e-02
7.601043e-02
1.637887e-03
1.584526e+01
1.121101e-01
1.019047e-01
8.122170e-01
1.913524e+01
1.630250e-02
3.211426e+00
2.787132e-01
1.644192e-01
1.952295e+00
3.726626e-05
1.652152e-03
2.639528e-03
1.989301e-05
4.558402e-02
8.355705e-01
4.792438e-05
9.695641e-03
1.691594e+00
2.141202e+02
