1.868227e-01
3.096220e+02
2.484236e+01
2.043883e+01
1.448808e+01
1.226729e+02
1.873937e+00
8.906525e-05
7.836040e-03
3.797426e-03
1.358363e+00
9.845999e+04
6.365607e+00
3.647337e-04
1.721228e-02
1.009551e-01
8.575987e-02
7.491043e+05
2.082224e-03
4.406412e+02
3.444516e-01
2.581069e+04
1.296199e+01
1.260592e+00
8.380283e-03
8.682934e-02
3.223607e+01
7.325561e+02
3.002466e+00
2.042700e+01
2.607863e-01
3.402961e+04
6.976054e+00
2.320138e+01
6.178559e-01
1.905482e+02
1.473342e+00
3.341147e-03
9.195545e-04
7.319111e-05
2.332818e+01
2.525705e+04
3.354446e-04
1.569041e+03
1.620057e+00
7.622684e-02
1.092377e+00
1.166705e-01
1.078003e-01
1.963889e+03
7.610308e-02
2.646151e+03
1.790416e-02
6.714134e-02
1.992144e-03
3.551654e+01
1.536007e-01
2.356976e-01
2.072402e+00
2.657307e+01
1.496371e-02
2.627252e+00
7.994696e-01
5.292339e-01
2.665744e+00
3.155243e-04
1.308131e-03
1.096798e-03
6.879685e-06
9.692537e-03
1.010965e+00
2.676408e-05
4.320512e-03
2.686597e+00
2.055386e+02
