1.423263e+00
3.070415e+03
3.661619e+00
2.448792e+01
2.924109e+02
3.528597e+01
1.242163e+00
2.165175e-04
3.395435e-02
5.316789e-04
2.212886e+00
1.391155e+04
4.800961e+00
8.507219e-03
1.931166e-02
3.973557e-02
6.337179e-01
4.268431e+06
2.680407e-02
2.734652e+03
1.052868e-01
4.683678e+03
3.398508e+01
9.139399e-02
1.403509e-02
5.342956e-01
4.159166e+00
4.479032e+02
2.969216e+00
2.372495e+01
2.200873e+00
2.131269e+03
2.466852e+01
1.098976e+01
1.377098e-01
3.868435e+02
1.444405e+00
2.495988e-03
1.702501e-03
2.199155e-05
2.033529e+01
2.569174e+03
9.420096e-04
4.940943e+02
7.515254e-01
1.027132e-01
4.006004e-01
2.640701e-02
9.099687e+00
2.540102e+03
9.197935e-03
2.921622e+03
7.834431e-03
3.934851e-02
9.614325e-03
2.616134e+01
1.486149e+00
1.620790e-01
1.408963e+00
3.711597e+00
4.875825e-02
4.436876e+01
1.488098e+00
6.374901e-02
3.576446e+00
9.436876e-04
1.443889e-02
2.448164e-04
1.200149e-04
4.354826e-02
3.969506e-02
7.623204e-05
2.072818e-03
2.019331e+00
8.786162e+01
