1.901929e-01
5.107807e+02
2.065073e+01
4.326369e+01
6.541199e+01
1.448540e+02
1.553628e+00
1.804969e-04
8.986318e-03
7.784372e-04
7.484274e+00
5.133093e+04
9.756410e+00
1.128406e-03
2.649273e-02
1.062394e-01
1.511520e-01
1.059665e+06
1.972010e-03
4.724853e+02
3.781512e-01
3.783829e+04
8.371849e+00
2.767463e+00
1.994154e-02
3.188082e-01
1.533253e+01
5.692891e+02
3.299658e+00
2.889224e+01
1.350114e+00
1.472465e+04
6.733313e+01
1.156494e+01
5.318145e-01
2.632237e+02
1.594283e+00
4.006577e-03
4.750049e-04
2.129944e-04
1.204264e+01
1.423264e+04
2.549698e-04
8.573125e+02
8.464746e-01
3.117413e-02
1.794269e+00
1.946856e-01
8.380985e-01
3.395184e+03
3.976767e-02
1.879159e+03
8.580616e-02
3.016327e-01
1.471700e-03
1.157579e+01
1.136608e+00
3.175869e-01
2.171808e+00
1.714269e+01
1.392938e-02
4.498915e+00
6.766843e-01
1.787698e+00
2.121849e+00
1.933508e-04
4.950004e-03
3.931608e-03
5.302412e-05
2.917936e-02
1.225756e+00
6.469485e-05
1.291397e-02
2.791465e+00
2.005424e+02
