1.326560e-01
5.485955e+02
2.114640e+01
1.660325e+01
1.507421e+01
1.600416e+02
2.358153e+00
9.731245e-05
7.870672e-03
1.922286e-03
9.589642e+00
3.547921e+04
5.168283e+00
1.675662e-03
4.002863e-02
9.256033e-02
2.148854e-01
1.552398e+06
2.457301e-03
2.295541e+02
3.388571e-01
6.473248e+04
9.796211e+00
1.402212e+00
2.171585e-02
1.178430e-01
2.793580e+01
4.741228e+02
2.749944e+00
1.156851e+01
2.107359e-01
2.439831e+04
2.090593e+01
2.465548e+01
7.727719e-01
2.182577e+02
1.750722e+00
3.124378e-03
8.461289e-04
2.022972e-04
1.128543e+01
1.506032e+04
4.544102e-04
4.520641e+02
1.047685e+00
3.492232e-02
1.136695e+00
1.979848e-01
5.085209e-01
2.405482e+03
6.819500e-02
1.209857e+03
2.649194e-02
1.084957e-01
1.317293e-03
1.800599e+01
3.317962e-01
3.341644e-01
1.435501e+00
3.780761e+01
1.950834e-02
2.810863e+00
6.336420e-01
4.542219e-01
1.808168e+00
2.367031e-04
2.628123e-03
2.591535e-03
3.264846e-05
1.260484e-02
1.200412e+00
3.241549e-05
3.437425e-02
1.861261e+00
3.402594e+02
