2.513118e-01
4.311622e+02
2.552531e+01
1.554009e+01
1.010311e+02
6.518003e+01
1.770363e+00
7.142377e-05
1.348288e-02
2.178143e-03
2.530198e+00
2.427842e+04
1.871778e+00
1.186084e-03
7.108793e-03
9.007073e-02
2.111957e-01
8.572179e+05
1.240281e-03
1.510058e+02
2.168474e-01
1.085193e+04
1.943995e+01
8.670983e-01
1.063487e-02
8.727307e-02
1.386069e+01
2.909515e+02
1.934106e+00
1.430565e+01
3.511210e-01
6.739090e+03
1.505142e+01
1.430946e+01
4.949465e-01
8.392461e+01
2.357829e+00
2.200158e-03
9.473740e-04
8.349325e-05
4.848680e+00
1.072273e+04
7.088227e-04
2.771370e+02
5.995662e-01
4.790509e-02
5.857884e-01
1.494460e-01
2.798502e-01
1.816276e+03
3.717452e-02
1.791951e+03
5.154041e-02
9.755607e-02
1.544215e-03
1.313620e+01
1.717927e-01
1.565632e-01
7.003790e-01
1.459182e+01
1.376636e-02
3.519094e+00
3.218820e-01
1.608888e-01
1.905010e+00
4.446513e-05
9.311417e-04
1.843611e-03
2.309049e-05
2.831813e-02
5.113568e-01
3.983428e-05
1.047836e-02
1.726839e+00
1.660356e+02
