9.458635e-02
1.186061e+03
1.388034e+01
2.850431e+02
7.071897e+01
1.939415e+02
2.548776e+00
2.318334e-04
3.769035e-02
5.842895e-04
2.007246e+00
1.084701e+04
4.794540e+00
2.727058e-03
2.481144e-02
1.257323e-01
8.869840e-01
3.228527e+06
8.539493e-03
1.875170e+03
2.656437e+00
2.571300e+05
9.286468e+00
7.818973e-01
1.253636e-02
3.495110e-01
3.930878e+01
1.959368e+02
3.794483e+01
1.377144e+02
8.789713e-02
9.674361e+04
1.125316e+02
3.065671e+00
5.883704e-01
1.304191e+03
1.283643e+00
2.986779e-02
1.600246e-03
2.016922e-05
4.626956e+01
1.163736e+04
7.764295e-04
5.285524e+01
2.212837e+00
8.362420e-03
2.401274e-01
1.141206e+00
5.417064e+00
1.018868e+04
6.701297e-02
1.220611e+02
7.834430e-01
3.310898e-02
6.195037e-03
5.181417e+00
2.052033e-01
8.508783e-02
5.841317e-01
9.784287e+00
1.066342e-01
4.971695e+00
4.916430e+00
2.724932e-01
2.365662e+00
3.049222e-04
3.737735e-03
2.448164e-02
3.209897e-04
3.484749e-03
8.496331e-01
8.213429e-05
1.258444e-02
1.617610e+00
3.111028e+02
