4.487000e-02
7.826824e+02
7.107238e+01
2.994074e+02
2.672017e+02
9.576788e+02
2.156517e+00
4.642017e-04
2.365911e-03
4.758932e-04
6.435832e+00
2.357887e+05
1.677194e+01
3.641869e-04
2.426976e-01
3.288122e-01
7.433033e-01
1.155589e+06
8.766819e-04
2.660881e+03
4.643334e+00
2.708546e+04
1.009064e+02
3.409732e+00
1.110715e-01
1.298040e+00
7.165780e+01
4.415834e+03
8.565175e+00
8.654780e+00
5.185298e+00
4.151841e+04
1.107371e+01
1.504397e+02
8.487573e-01
1.571464e+03
2.388066e+00
3.284434e-02
1.617123e-03
1.007809e-04
8.252892e+01
2.042998e+04
3.029542e-03
3.791014e+03
1.745848e+01
7.037924e-01
9.201245e-01
7.746824e-02
5.726747e-01
3.992061e+04
1.110490e-01
2.969260e+02
2.193743e-02
7.470279e-02
9.199483e-03
1.580784e+02
6.041413e+00
5.257566e-01
4.380473e+00
1.144024e+01
1.646825e-01
3.597861e+00
1.412597e+00
2.805835e+00
2.233810e+00
3.656067e-04
1.673665e-03
1.047190e-02
3.500000e-04
9.658496e-02
3.360902e+00
4.130000e-04
9.594671e-02
4.000000e+00
6.855538e+02
