2.164673e-01
1.234996e+03
6.738981e+00
2.325786e+01
1.587806e+01
6.868597e+01
2.059876e+00
1.862885e-04
3.642101e-03
9.345719e-04
1.055795e+00
3.418048e+05
2.992347e+01
3.674299e-04
1.858473e-02
6.061619e-02
4.102917e-02
9.714468e+05
2.343578e-03
3.878377e+03
5.828668e-02
3.330068e+04
2.926012e+00
7.094435e-01
1.213055e-02
2.651727e-01
1.757939e+02
1.126440e+03
6.574760e+01
1.192256e+02
4.536492e-01
1.269818e+05
4.977275e+00
1.187083e+02
2.581299e+00
1.945934e+02
2.097826e+00
2.422315e-03
8.804135e-04
4.205452e-05
4.076440e+01
5.939249e+04
8.167553e-04
9.530546e+02
4.514879e-01
7.037924e-03
1.434616e+00
5.382935e-02
3.015727e+00
1.155033e+03
1.399353e-02
1.051730e+04
6.300361e-02
9.245763e-02
1.670815e-02
5.245069e+01
1.502328e+00
3.144705e+00
2.335459e+01
1.018238e+02
6.577615e-03
2.860803e+00
7.408929e-01
7.563915e-01
3.263400e+00
1.598187e-03
1.443889e-02
6.320348e-03
1.434976e-05
3.597875e-03
1.125752e+00
1.617956e-05
3.925858e-02
2.523668e+00
1.839949e+02
