1.489373e-01
2.562709e+02
2.373155e+01
2.086449e+01
1.887972e+01
1.166322e+02
1.695464e+00
9.046612e-05
5.945590e-03
2.709028e-03
9.510751e-01
1.055179e+05
5.140542e+00
3.159175e-04
1.601001e-02
8.232816e-02
7.371200e-02
6.297503e+05
2.018716e-03
4.637810e+02
3.074346e-01
1.687537e+04
1.468515e+01
1.005301e+00
8.625016e-03
8.467641e-02
2.544494e+01
7.112206e+02
2.751001e+00
1.810178e+01
3.579574e-01
3.477391e+04
5.030751e+00
1.714672e+01
4.980505e-01
1.701242e+02
1.401147e+00
2.571374e-03
9.122243e-04
4.263063e-05
2.117683e+01
1.893270e+04
2.234153e-04
2.498758e+03
1.973614e+00
1.203839e-01
1.150551e+00
6.133452e-02
1.128642e-01
2.382104e+03
7.823893e-02
2.228777e+03
1.794223e-02
6.185224e-02
2.552769e-03
4.265526e+01
1.681626e-01
2.213380e-01
1.929563e+00
1.941134e+01
1.388533e-02
2.702024e+00
6.522162e-01
3.848858e-01
2.879683e+00
3.768341e-04
1.368068e-03
6.560795e-04
5.390819e-06
9.935100e-03
9.348646e-01
1.940628e-05
2.241780e-03
2.910710e+00
1.985326e+02
