2.007616e-01
1.038969e+03
2.125593e+01
2.607658e+01
8.397822e+01
1.382990e+02
2.034989e+00
6.391130e-05
9.623472e-03
8.246925e-04
1.022554e+00
8.881545e+03
1.155947e+00
2.041540e-04
4.170928e-02
1.693778e-01
4.195020e-02
7.290434e+05
8.165197e-03
8.752001e+02
3.437356e-01
2.359223e+04
1.102933e+01
1.349068e+00
1.757217e-02
1.468601e-01
3.291156e+01
1.864210e+02
6.730032e+00
2.067377e+01
4.259513e-01
2.177520e+04
3.229049e+01
5.918397e+01
5.972181e-01
2.239324e+02
1.616050e+00
2.004508e-03
1.068164e-03
1.200159e-04
3.384926e+00
3.830929e+03
1.577092e-03
4.260191e+02
8.198936e-01
1.159698e-01
3.780818e-01
6.073017e-02
1.161856e+00
2.849653e+03
1.410911e-01
1.805090e+03
1.005214e-01
6.548851e-02
2.437006e-03
1.368026e+01
3.634293e-01
2.425173e-01
1.173102e+00
1.364754e+02
1.764966e-02
9.809040e+00
6.473268e-01
3.218200e-01
2.060137e+00
2.316985e-04
1.584929e-03
1.251531e-03
4.819827e-05
2.074518e-02
3.162404e-01
4.892475e-05
2.850793e-03
1.944451e+00
2.416159e+02
