2.609401e-01
2.883124e+02
1.953516e+01
3.969862e+01
2.350005e+01
2.190066e+02
1.807565e+00
1.075897e-04
1.867685e-02
5.473787e-03
9.976930e+00
2.413864e+04
4.070281e+00
9.344878e-04
3.863368e-02
1.122576e-01
1.986126e-01
8.772920e+05
4.609935e-03
6.026232e+02
3.218658e-01
3.570522e+04
7.851501e+00
1.769632e+00
1.009727e-02
1.286731e-01
3.208479e+01
8.379925e+01
1.186882e+01
1.583594e+01
4.559251e-01
2.803306e+04
9.829456e+00
1.508278e+01
1.031015e+00
5.839818e+02
1.470462e+00
9.253064e-04
1.596235e-03
2.303187e-05
2.963520e+00
9.559360e+03
5.706673e-04
3.646457e+02
1.979586e+00
1.572272e-02
1.009875e-01
2.072118e-01
3.875053e-01
1.829090e+03
6.040794e-02
9.441608e+02
1.562499e-01
3.275167e-02
6.502193e-04
5.591979e+00
3.352582e-01
2.156714e-01
2.391504e+00
1.528446e+01
2.595524e-02
8.537612e+00
1.560406e-01
4.546574e-01
1.687092e+00
2.198461e-04
4.747491e-04
1.096216e-03
7.251414e-06
3.687335e-02
2.222512e+00
1.301619e-05
4.928350e-02
2.495247e+00
1.557626e+02
