3.428484e-02
1.480850e+02
2.072810e+01
1.197921e+01
1.899681e+01
1.690474e+03
1.492247e+00
4.301264e-05
3.237736e-03
8.155676e-04
4.225214e+01
3.422235e+04
1.773163e+01
2.411325e-03
1.698544e-01
1.122052e-02
5.396479e-01
6.768487e+05
9.912761e-03
6.335209e+01
5.503461e+00
1.340877e+05
1.009064e+02
5.383987e+00
5.351008e-03
6.652671e-02
1.115033e+02
4.415834e+03
4.899651e+00
1.163449e+02
1.045799e+00
1.920641e+04
1.777673e+01
7.057326e+00
1.239263e+00
6.419801e+02
2.249007e+00
9.119654e-04
6.012340e-03
1.322786e-05
9.453262e+00
5.411459e+03
4.264026e-03
2.763902e+03
5.452929e+00
1.228560e-01
4.016956e-01
4.286273e-01
8.558116e+00
6.989654e+03
2.578422e-01
1.608920e+03
7.834431e-03
5.116820e-01
1.128298e-02
1.322378e+01
3.936346e-01
2.399941e-01
1.031525e+01
3.528626e+01
1.646825e-01
2.688739e+01
6.928711e-01
1.971812e-01
1.893589e+00
2.105823e-03
1.244962e-03
1.966606e-03
7.206783e-05
1.989880e-01
2.307668e-01
9.384672e-05
1.254077e-02
3.260552e+00
3.255742e+02
