2.273059e-01
6.134028e+02
2.366940e+01
2.633251e+01
2.971143e+01
1.293193e+02
1.826220e+00
1.014291e-04
8.807666e-03
2.997744e-03
6.881029e+00
9.534636e+04
1.478721e+00
2.984138e-04
2.393976e-02
5.544347e-02
6.121080e-02
1.786408e+05
2.682775e-03
1.352964e+02
1.170046e+00
7.043128e+04
5.809181e+00
1.656087e+00
2.903347e-02
4.929361e-01
1.235882e+01
3.210559e+02
9.973324e+00
9.237040e+00
9.484249e-02
3.236101e+04
5.685395e+00
3.173680e+01
7.963552e-01
2.445649e+02
1.975464e+00
1.624382e-03
1.048287e-03
7.322359e-05
3.374601e+00
7.676258e+03
1.844317e-04
5.357465e+02
1.884280e+00
1.884574e-01
2.349771e-01
1.035931e-01
4.555993e-01
3.762647e+03
6.005793e-02
9.573352e+02
1.126077e-02
2.776184e-02
1.059277e-03
2.002511e+01
3.826936e-01
2.306497e-01
1.896564e+00
3.372076e+01
5.361804e-03
4.041690e+00
2.669822e-01
8.551126e-01
2.373981e+00
1.403987e-03
2.275820e-04
1.217758e-03
2.935660e-05
7.092497e-03
1.667374e-01
1.658632e-05
1.213239e-02
1.642778e+00
2.132903e+02
