1.676490e-01
3.630464e+02
3.358613e+01
7.248182e+01
6.524950e+01
1.905095e+02
1.618901e+00
5.334986e-04
2.044702e-03
1.124940e-02
7.210024e+00
9.153653e+03
3.273596e-01
1.441908e-03
2.856413e-02
1.645494e-01
4.917070e-01
4.435185e+05
8.780559e-04
1.468214e+02
1.318386e+00
7.958619e+04
1.426411e+01
5.163103e+00
2.619052e-02
7.327957e-02
6.833296e+00
5.156353e+02
5.718328e+01
4.057353e+00
3.434918e-01
7.249714e+04
8.873980e+00
4.854390e+01
2.339126e-01
9.376699e+01
1.023723e+00
1.451939e-03
4.771245e-03
3.062305e-05
5.020075e+01
7.719926e+04
2.341040e-04
4.252339e+03
5.605854e-01
3.289025e-02
4.289485e-01
8.804602e-01
4.502794e+00
2.405515e+04
5.207501e-01
3.879287e+03
5.957789e-02
7.305315e-02
2.100361e-04
1.957970e+01
1.494801e-01
5.334880e-02
5.368803e-01
1.010085e+02
4.037248e-03
6.740534e+01
2.306911e-01
5.668749e-01
1.293409e+00
1.496882e-04
1.762865e-03
1.123676e-03
2.672794e-04
7.968224e-02
2.129262e+00
8.842845e-05
4.565293e-03
2.695155e+00
2.923245e+02
