6.092077e-01
2.942263e+02
4.622190e+01
2.774381e+02
7.785084e+01
8.290868e+01
4.000000e+00
3.414939e-04
5.621397e-03
3.524869e-03
8.459462e-01
3.418048e+05
1.333253e+01
2.628323e-03
5.419935e-03
1.239923e-01
3.629350e-01
8.136316e+05
3.860414e-03
3.878377e+03
4.847092e-01
1.393543e+05
4.131947e+00
2.410042e+00
3.345535e-02
1.111456e-01
5.129500e+00
1.601536e+03
2.658135e+01
1.499181e+02
3.879062e+00
7.411940e+03
1.379479e+02
7.077002e+00
5.250551e-01
5.120047e+01
2.132938e+00
2.349260e-02
6.814537e-04
6.324965e-04
3.136997e+01
3.134852e+04
5.973150e-03
2.852071e+03
7.552167e+00
3.641098e-02
2.767809e+00
3.801875e-02
6.287291e-01
3.992061e+04
3.276592e-02
2.318333e+02
1.691644e-01
1.215273e-01
3.845969e-04
3.870664e+01
2.287345e-01
2.132940e+00
4.633687e-01
6.558164e+00
2.833530e-03
3.514601e+00
1.223971e+00
4.336860e+00
1.328026e+00
1.333326e-04
3.135185e-03
5.933472e-03
1.806664e-04
1.989880e-01
3.038893e+00
2.700920e-04
7.076347e-02
4.000000e+00
1.380291e+02
