9.146242e-02
2.211067e+02
2.323347e+01
1.130921e+01
2.658533e+01
2.163428e+01
1.717015e+00
2.293088e-04
3.040637e-03
2.648048e-04
5.603478e+00
3.538215e+04
2.235750e+00
7.536196e-04
1.472154e-02
1.721835e-02
2.807456e-02
6.437208e+05
1.211429e-03
2.202006e+02
1.822682e-01
6.011820e+03
1.770001e+01
3.893805e-01
8.085177e-03
6.227923e-02
1.343226e+01
2.088714e+02
2.329870e+00
3.631298e+00
4.620622e-01
4.776359e+03
8.089384e+00
1.514373e+00
3.545282e-01
2.530235e+01
2.123856e+00
4.439451e-03
7.895486e-04
5.253659e-05
7.965901e+00
2.194782e+03
1.149355e-03
7.490445e+02
6.062880e-01
7.706691e-02
4.469254e-01
4.718862e-02
5.103348e-01
2.023818e+03
1.011002e-01
3.119878e+02
2.968725e-02
7.934028e-03
1.862057e-03
7.782060e+01
4.392377e-01
2.223403e-01
1.388882e+00
3.157786e+00
7.530671e-03
2.692148e+00
8.440243e-01
3.840877e-01
1.396711e+00
3.199171e-05
8.664910e-04
1.693015e-03
9.841457e-05
7.809510e-03
7.866605e-01
1.016610e-05
2.063632e-03
2.314042e+00
2.433616e+02
