2.531953e-01
1.149700e+03
1.746285e+01
3.207605e+01
9.924483e+01
1.851053e+02
2.109433e+00
7.977367e-05
7.553586e-03
1.199196e-03
8.755761e-01
5.012113e+03
1.599682e+00
2.301888e-04
3.267088e-02
1.536199e-01
4.742336e-02
6.584422e+05
1.037996e-02
9.055535e+02
4.556677e-01
3.359952e+04
1.214213e+01
1.089397e+00
2.168258e-02
2.390840e-01
3.807725e+01
3.282318e+02
4.791844e+00
1.978363e+01
6.599364e-01
3.499694e+04
3.949360e+01
7.395484e+01
5.869112e-01
2.327992e+02
1.668898e+00
1.501326e-03
1.381990e-03
2.018934e-04
4.516729e+00
6.387174e+03
1.463660e-03
6.116187e+02
6.027936e-01
1.506070e-01
3.173963e-01
7.880278e-02
8.508325e-01
3.678642e+03
1.498931e-01
1.538322e+03
9.195390e-02
8.593871e-02
2.421220e-03
1.615819e+01
4.152748e-01
2.237546e-01
1.124766e+00
1.706744e+02
1.802997e-02
1.258078e+01
7.288888e-01
4.132108e-01
2.267919e+00
2.924645e-04
2.244835e-03
2.420368e-03
6.222313e-05
1.904001e-02
3.818541e-01
3.785329e-05
3.264249e-03
1.658470e+00
2.535574e+02
