3.225868e-01
4.477585e+02
2.321580e+01
4.419799e+01
3.024517e+01
9.887423e+01
2.585830e+00
1.344444e-04
2.898978e-03
1.641918e-03
4.425802e+00
2.266872e+04
2.303102e+00
4.180518e-04
9.136854e-03
1.518552e-02
1.449799e-01
1.037715e+06
2.527321e-02
1.032729e+03
2.432328e-01
5.473945e+04
7.810750e+00
1.559415e+00
9.938446e-02
8.865537e-02
8.174174e+00
3.597958e+02
6.595010e+00
1.107566e+01
1.010242e+00
3.573465e+04
7.198009e+00
1.678874e+00
2.951919e-01
1.081497e+02
1.201557e+00
1.891122e-03
1.200972e-03
2.460531e-04
6.020096e+00
4.554597e+03
1.819042e-03
3.520452e+02
2.320405e+00
1.490299e-01
1.775789e+00
6.706721e-02
2.313393e-01
1.273530e+04
1.801119e-01
7.944795e+02
1.033360e-02
6.877755e-02
1.479305e-03
1.859327e+01
1.962464e-01
8.619060e-01
2.644476e+00
1.264626e+01
5.578934e-03
1.024340e+01
9.826825e-01
1.009570e+00
1.843441e+00
2.273180e-04
5.225588e-04
5.159687e-04
1.072534e-04
9.458750e-02
1.476049e+00
9.843980e-05
8.021503e-03
2.573228e+00
1.394980e+02
