2.090432e-01
9.403245e+02
2.036520e+01
2.775358e+01
1.074478e+02
1.598392e+02
1.934774e+00
6.743786e-05
7.783861e-03
9.898409e-04
8.224395e-01
8.521313e+03
1.294820e+00
2.522185e-04
3.700976e-02
1.579366e-01
4.227436e-02
7.206493e+05
9.749766e-03
9.421890e+02
4.028588e-01
3.124576e+04
1.173535e+01
1.151441e+00
1.974923e-02
1.791083e-01
2.857571e+01
2.265322e+02
5.743532e+00
1.858225e+01
5.772494e-01
2.970514e+04
3.242908e+01
6.284140e+01
6.098125e-01
2.391673e+02
1.659330e+00
1.796856e-03
1.077920e-03
1.380739e-04
4.104761e+00
5.007474e+03
1.691085e-03
4.692555e+02
6.444309e-01
1.069039e-01
3.003655e-01
7.599309e-02
1.007450e+00
3.772421e+03
1.240071e-01
1.440343e+03
8.889835e-02
8.216670e-02
2.240653e-03
1.533929e+01
3.588938e-01
2.474294e-01
1.217305e+00
1.457086e+02
1.692818e-02
1.079246e+01
7.496593e-01
3.331088e-01
2.007016e+00
2.250947e-04
1.749476e-03
1.801839e-03
6.020744e-05
1.767191e-02
3.826180e-01
4.399241e-05
2.448836e-03
1.845775e+00
2.512719e+02
