1.086798e-01
4.140274e+02
4.738604e+01
1.298708e+02
5.148112e+01
9.795163e+01
3.171439e+00
9.201563e-05
2.639591e-02
3.774743e-04
3.330289e+00
2.477516e+05
1.185165e+00
7.241604e-03
1.407111e-01
4.715779e-01
8.941158e-01
1.150886e+06
1.021938e-02
5.919777e+01
4.557501e-01
1.085590e+05
2.511976e+01
1.848423e+00
5.287637e-03
2.368619e-01
5.913184e+01
7.229835e+01
2.427367e+00
1.995955e+01
4.015653e+00
9.734003e+03
1.634131e+01
1.288758e+01
2.865075e+00
2.654667e+02
1.519539e+00
2.559129e-03
1.807955e-03
2.829875e-04
2.169602e+00
1.031105e+03
6.113322e-04
8.142477e+01
4.653851e-01
7.817387e-02
4.921428e+00
8.970282e-02
3.145971e-01
1.701890e+04
1.584320e-01
1.248403e+03
1.870494e-02
5.914244e-03
4.087151e-04
7.438676e+00
7.210608e-01
8.384533e-01
7.403835e-01
1.150563e+02
2.265276e-02
5.807710e+00
4.829396e-01
2.194817e-01
2.119860e+00
8.513990e-05
3.180356e-04
7.095896e-03
5.130361e-05
4.383093e-02
6.388493e-01
1.555336e-05
6.862885e-02
3.249109e+00
1.451485e+02
