5.374493e-01
5.962280e+02
9.569164e+00
1.064030e+01
9.726035e+00
1.124860e+03
3.704133e+00
1.651439e-04
4.141479e-03
4.483310e-03
3.022135e+00
6.351617e+03
7.371653e+00
4.344641e-03
2.426976e-01
5.841336e-01
2.021361e-02
3.427979e+06
4.976522e-02
9.448360e+02
6.210501e-02
7.866989e+04
1.009064e+00
1.541776e+00
1.139452e-01
9.965670e-02
1.923118e+00
6.683383e+01
1.946337e+00
1.565659e+01
5.185298e+00
3.728026e+04
1.379479e+02
4.682102e+01
6.552142e+00
1.896769e+02
1.128797e+00
4.471305e-03
1.079590e-03
7.539320e-05
2.548301e+00
8.562744e+04
4.920584e-04
5.414607e+01
1.745848e+01
7.070964e-02
5.739647e-02
7.649051e-02
3.214269e-01
8.926878e+03
1.211691e-02
1.126844e+04
2.041837e-01
5.044402e-02
1.670815e-04
1.580784e+00
2.283911e-01
2.491065e-01
4.192653e-01
6.327887e+01
6.120698e-02
4.387734e+01
4.639474e-01
6.374901e-02
1.074630e+00
2.704880e-05
4.512979e-04
2.321250e-03
1.265236e-04
1.989880e-01
1.625761e+00
5.297307e-05
5.009761e-03
2.101252e+00
8.726258e+01
