7.500111e-01
1.267282e+03
2.071027e+01
1.421458e+02
5.448821e+00
4.315163e+01
3.549391e+00
4.977268e-04
4.421475e-03
9.803510e-04
2.862914e+01
2.859922e+04
9.189263e+00
1.339505e-03
1.463193e-01
2.907686e-02
7.318436e-02
4.055241e+06
3.572750e-02
5.278007e+02
2.561722e-01
2.059904e+04
8.301178e+01
5.055233e+00
5.314817e-02
5.293394e-02
4.188165e+01
7.249788e+02
1.606425e+01
4.907679e+01
1.375049e-01
5.436896e+03
5.612994e+00
2.066014e+00
4.357988e-01
7.029495e+02
1.967423e+00
2.059569e-02
7.011668e-04
9.752341e-05
2.198262e+00
1.029860e+04
4.341028e-03
2.032844e+02
2.225608e-01
3.070155e-02
2.003644e-01
1.655698e-02
5.220038e-01
7.176973e+03
1.236013e-01
2.608788e+02
1.371883e-02
1.344566e-01
1.052774e-02
9.951596e+01
1.579637e+00
5.242633e-01
2.278429e+00
6.407894e+00
4.231116e-02
2.205842e+01
5.626659e-01
6.372113e+00
1.061751e+00
2.512717e-03
1.982464e-03
2.050294e-03
1.061269e-05
5.465402e-02
2.195182e-01
8.125245e-06
1.138176e-01
1.950981e+00
9.929784e+01
