1.084134e-01
2.626598e+02
1.610102e+01
2.980482e+01
3.715567e+01
7.026252e+01
2.150831e+00
2.466335e-04
5.590748e-03
1.749960e-03
4.599725e+00
6.862809e+04
5.075369e+00
3.535982e-03
1.688093e-02
9.606275e-02
1.640819e-01
2.490222e+05
2.084316e-03
2.421272e+02
3.734716e-01
3.363935e+04
1.637217e+01
1.941144e+00
1.160055e-02
3.690821e-02
3.393681e+01
6.600751e+02
9.172678e+00
2.682982e+01
4.247468e-01
9.730558e+03
1.275545e+01
2.022072e+01
1.607819e+00
7.959563e+01
1.357894e+00
5.363628e-03
8.087282e-04
3.793428e-05
1.093064e+01
1.078031e+04
1.704832e-03
7.217707e+02
1.108662e+00
1.597599e-01
2.105645e-01
7.788419e-02
5.142861e-01
4.603111e+03
2.265479e-02
4.517305e+02
1.594202e-02
4.520302e-02
9.801928e-04
9.635118e+00
3.971534e-01
4.142976e-01
5.131681e+00
2.488887e+01
1.881714e-02
2.975098e+01
1.548090e+00
1.644772e+00
1.661570e+00
3.452167e-04
7.219484e-04
1.512445e-03
4.355872e-05
6.460889e-02
5.085345e-01
2.489896e-05
1.593141e-02
2.278673e+00
2.336915e+02
