6.044170e-01
5.613225e+02
2.427841e+01
3.939946e+01
3.559388e+01
1.330205e+02
1.534785e+00
1.423694e-04
3.452473e-03
8.867042e-04
1.341946e+00
3.800030e+04
1.452460e+00
2.954953e-04
1.819384e-02
2.226763e-01
1.072219e-01
8.285632e+05
3.827212e-03
2.983951e+02
1.242305e-01
1.163614e+05
2.908485e+00
3.006418e-01
3.306350e-02
9.205575e-02
6.240833e+00
2.364445e+02
5.036053e+00
3.710876e+00
3.984600e-01
1.489125e+04
1.631951e+01
4.978808e+01
8.815818e-01
6.092486e+01
1.587916e+00
8.976331e-04
9.025671e-04
1.091513e-04
1.801405e+00
4.408409e+03
4.950448e-04
1.208217e+02
1.291169e+00
1.237735e-02
6.566173e-01
2.537220e-02
2.826787e-01
1.221485e+03
2.766303e-02
3.235468e+02
1.088528e-01
3.556870e-02
1.664003e-03
8.521452e+00
3.615469e-01
1.120488e-01
1.070173e+00
1.944467e+01
1.036427e-02
2.531456e+00
4.083489e-01
4.492435e-01
2.193964e+00
7.612372e-05
1.963420e-03
1.655215e-03
1.600474e-05
1.446597e-02
2.469009e-01
4.255759e-05
1.932808e-02
1.431482e+00
1.209813e+02
