1.898696e-01
8.142695e+02
3.702644e+01
2.131544e+02
1.572660e+01
1.197173e+02
2.493357e+00
8.613943e-05
2.707736e-03
2.525812e-03
1.588491e+00
1.559399e+04
1.112074e+00
5.218017e-03
7.443447e-03
1.939196e-02
2.281581e-01
2.531651e+05
2.332278e-03
5.893048e+02
6.576843e-01
1.627046e+05
6.360335e+00
9.598361e-01
9.279563e-03
5.907681e-02
5.518286e+00
1.673021e+03
2.874727e+00
1.450146e+01
1.774224e-01
2.818188e+04
1.905015e+00
1.269099e+01
1.560554e-01
3.750065e+01
1.716031e+00
3.846678e-03
8.289603e-04
9.315543e-05
3.052736e+00
1.853904e+03
8.961169e-04
1.724258e+02
7.364905e-01
4.909409e-01
5.523664e-01
9.206383e-02
4.647146e-01
8.945969e+03
3.622283e-02
3.993495e+02
3.438317e-02
3.648218e-02
1.067327e-02
1.008560e+01
1.769285e-01
4.981521e-02
1.800056e+00
2.783517e+01
2.206887e-02
1.025243e+01
7.314049e-01
4.314900e-01
2.049434e+00
3.309999e-04
1.171230e-03
2.368817e-03
7.764613e-05
9.407568e-03
1.302618e-01
1.123497e-05
5.517219e-03
2.271678e+00
2.272877e+02
