4.120106e-01
6.181477e+02
2.018108e+01
4.479374e+01
2.629594e+01
1.310659e+02
2.683350e+00
8.218175e-05
3.889675e-03
2.199135e-03
4.969332e+00
4.259931e+04
2.168728e+00
6.799921e-04
1.667045e-02
2.103205e-02
1.673003e-01
1.090180e+06
2.366001e-02
1.120966e+03
3.199291e-01
4.397427e+04
1.177309e+01
9.677949e-01
1.214822e-01
8.051420e-02
1.530372e+01
3.377614e+02
1.192557e+01
1.038222e+01
1.285937e+00
3.186311e+04
7.852131e+00
2.922626e+00
4.480112e-01
9.105518e+01
1.390863e+00
3.293006e-03
7.647544e-04
2.020071e-04
1.033750e+01
3.631177e+03
3.581724e-03
6.417258e+02
3.915737e+00
1.662630e-01
3.211107e+00
6.202845e-02
4.620632e-01
1.292779e+04
1.409921e-01
5.289411e+02
2.578729e-02
6.292344e-02
2.081625e-03
3.133517e+01
2.850797e-01
1.346223e+00
5.908926e+00
1.376690e+01
7.944486e-03
9.286547e+00
2.098511e+00
8.907645e-01
1.940579e+00
2.291120e-04
6.334665e-04
4.890562e-04
1.457924e-04
9.500239e-02
1.084304e+00
9.743214e-05
5.892003e-03
2.680265e+00
1.259719e+02
