2.042375e-01
7.083292e+02
2.620060e+01
6.031918e+01
4.360556e+01
1.168320e+02
1.811819e+00
2.653066e-04
1.241033e-03
5.186163e-03
8.095604e+00
1.664056e+04
3.752934e-01
9.756039e-04
3.234554e-02
1.458300e-01
3.358202e-01
6.051896e+05
1.061974e-03
6.283365e+01
1.000683e+00
5.931802e+04
7.010981e+00
3.688641e+00
1.148064e-02
9.520961e-02
6.241586e+00
3.000591e+02
2.265872e+01
2.951129e+00
2.447462e-01
4.370061e+04
9.335137e+00
6.562860e+01
4.753589e-01
6.434717e+01
1.137012e+00
1.675043e-03
3.325094e-03
7.147679e-05
3.231525e+01
6.373395e+04
1.994319e-04
3.540074e+03
6.776087e-01
1.147760e-01
3.480503e-01
5.683583e-01
2.473421e+00
1.473598e+04
3.826695e-01
1.324804e+03
3.455050e-02
5.838243e-02
2.440803e-04
2.927417e+01
1.455052e-01
3.694990e-02
4.293060e-01
1.502166e+02
5.503611e-03
9.519332e+01
4.703023e-01
6.757363e-01
1.008579e+00
1.874083e-04
6.976609e-04
1.107779e-03
2.636230e-04
3.348977e-02
1.743778e+00
1.218086e-04
8.565410e-03
2.360006e+00
2.958161e+02
