9.366751e-02
6.587472e+02
1.646722e+01
5.463843e+01
9.367339e+01
2.839054e+02
2.202170e+00
9.612391e-05
2.092229e-02
1.819138e-03
2.260853e+00
1.908158e+04
7.124524e+00
2.094691e-03
4.033741e-02
1.481939e-01
9.514417e-02
6.164418e+05
7.334148e-03
7.578151e+02
3.520550e-01
6.694851e+04
9.809466e+00
1.069277e+00
6.019064e-02
4.377070e-02
1.186716e+01
1.390896e+02
8.798088e+00
1.148285e+01
1.497566e+00
7.416396e+04
5.038391e+01
5.696531e+01
2.692873e+00
1.099079e+02
1.687814e+00
1.526419e-03
1.571683e-03
8.515224e-05
9.076446e+00
3.389967e+04
5.903746e-04
9.587321e+02
1.911592e+00
9.145871e-02
2.669166e-01
5.517332e-02
5.202924e-01
1.925369e+03
4.307568e-02
1.408950e+03
8.594839e-02
4.447650e-02
1.500043e-03
6.745636e+00
2.062118e-01
8.008976e-01
1.647820e+00
2.421137e+01
3.012345e-02
1.109163e+01
7.996440e-01
2.006298e-01
2.697615e+00
2.326189e-04
2.074080e-03
1.355630e-03
4.606924e-05
2.617005e-02
5.793607e-01
7.133336e-05
1.202370e-02
2.454027e+00
3.701345e+02
