2.382385e-01
1.433388e+03
1.560611e+01
1.459159e+01
5.283735e+01
6.600759e+01
2.392832e+00
8.908028e-05
9.196140e-03
9.880417e-04
4.664217e+00
4.183601e+04
2.539680e+00
7.018589e-04
2.563555e-02
2.901270e-02
4.629436e-01
9.413974e+05
4.606622e-03
9.246455e+01
1.071489e+00
7.462689e+04
1.561077e+01
1.060760e+00
9.187259e-02
1.011082e-01
1.035743e+01
7.963818e+02
5.603110e+00
3.457865e+01
3.213329e+00
2.476926e+04
2.946639e+01
9.701596e+00
7.968743e-01
1.962225e+02
1.738608e+00
4.279875e-03
6.232590e-04
1.008524e-04
8.612620e+00
1.338415e+04
1.188970e-03
8.049012e+02
3.797137e-01
8.329301e-02
7.524955e-01
7.707935e-02
4.974438e-01
2.105922e+03
4.994759e-02
1.701622e+03
1.044662e-01
1.738803e-01
2.248627e-03
1.114925e+01
1.244913e+00
1.147825e+00
6.424900e+00
3.348523e+01
1.204925e-02
6.050548e+00
1.836241e+00
7.575942e-01
1.687534e+00
3.431059e-04
2.863908e-03
1.633418e-02
6.761003e-05
1.757545e-02
1.458250e+00
3.713103e-05
8.452271e-03
2.366123e+00
2.882875e+02
