6.182602e-02
6.212381e+02
1.696476e+01
8.816031e+01
2.193326e+02
1.342932e+02
2.563144e+00
1.365487e-04
2.414022e-02
1.570269e-03
2.252317e+01
1.311094e+04
1.699632e+00
1.523898e-04
2.426976e-03
2.055145e-02
5.066499e-01
4.819310e+06
1.448782e-02
2.994213e+03
2.507501e-01
6.512008e+04
6.810260e+00
1.626638e-01
5.848040e-02
7.711097e-02
7.194603e+01
2.622771e+02
7.500946e+00
1.351939e+01
3.043897e+00
2.131269e+05
3.221866e+01
2.585666e+01
3.629503e-01
1.859761e+01
3.391164e+00
5.841713e-03
1.816246e-03
6.631307e-05
3.729106e+00
2.501636e+03
5.439948e-04
3.127056e+03
7.828512e+00
1.757322e-02
8.636912e-02
1.039041e+00
1.253255e+00
1.084978e+04
1.162993e-01
3.518305e+03
1.094600e-01
7.831852e-02
2.541494e-03
3.924999e+01
1.107055e+00
7.748110e-02
2.302336e+00
1.222030e+02
1.806934e-02
1.898017e+01
8.797761e-01
1.372352e+00
3.943407e+00
3.226054e-04
1.707148e-04
1.540947e-02
8.450856e-06
9.705238e-02
2.401033e+00
1.284660e-05
3.494502e-03
1.545825e+00
4.502776e+02
