4.540814e-02
5.250784e+02
2.363664e+01
7.783059e+01
2.264900e+02
1.120142e+02
2.684308e+00
1.972841e-04
2.899400e-02
1.540891e-03
2.684796e+01
1.707501e+04
2.093174e+00
1.780305e-04
3.002336e-03
1.867816e-02
6.819589e-01
3.803926e+06
1.644328e-02
3.527406e+03
1.985494e-01
1.113948e+05
5.708818e+00
2.044119e-01
9.863746e-02
6.009957e-02
4.556615e+01
3.249107e+02
6.802342e+00
1.594407e+01
3.605264e+00
2.022102e+05
3.779150e+01
2.270685e+01
3.546619e-01
1.859761e+01
3.419801e+00
3.600840e-03
1.395303e-03
7.732499e-05
5.446016e+00
2.342193e+03
1.408916e-03
3.167776e+03
5.124928e+00
1.430587e-02
6.990606e-02
7.045198e-01
1.554534e+00
1.397859e+04
1.246122e-01
2.246391e+03
7.708747e-02
4.277105e-02
2.989113e-03
4.693860e+01
9.843429e-01
7.833817e-02
3.719634e+00
1.768949e+02
2.090170e-02
2.070654e+01
1.219031e+00
2.551824e+00
4.000000e+00
3.651447e-04
2.335600e-04
1.471363e-02
1.422717e-05
4.713315e-02
2.557151e+00
8.079723e-06
3.823104e-03
1.352539e+00
5.324819e+02
