3.837649e-02
4.035703e+02
2.590047e+01
1.792995e+02
9.148383e+01
4.181573e+02
2.041843e+00
1.094270e-04
4.337003e-02
3.245159e-03
1.461701e+01
3.228722e+04
3.346700e+00
3.718427e-04
1.168861e-02
1.347274e-01
6.209120e-02
1.592643e+05
4.807831e-03
5.343340e+01
7.113975e-02
2.494024e+04
8.177951e+00
2.303249e+00
5.739007e-03
4.331287e-02
1.136349e+01
1.180083e+02
1.311565e+00
2.220151e+00
3.334721e-01
8.093575e+03
9.241416e+01
1.522150e+00
1.562311e+00
3.430457e+01
1.889479e+00
1.540278e-03
1.385977e-03
1.366617e-04
1.445026e+01
2.531932e+03
2.688635e-04
1.218001e+02
9.487893e-01
1.634744e-01
3.444003e+00
4.655773e-02
9.375507e-01
1.200050e+04
1.095581e-02
2.467320e+02
1.456049e-01
5.353413e-02
5.854454e-04
1.309856e+01
9.418415e-02
2.729746e-01
4.346405e-01
3.302458e+00
2.547706e-02
1.545907e+00
1.075275e+00
4.195282e-01
1.536697e+00
1.659922e-03
1.350610e-03
8.796087e-03
8.258228e-05
7.340625e-03
2.319258e-01
2.970633e-04
1.996966e-03
2.572315e+00
6.228459e+02
