9.353486e-01
1.479308e+03
4.034972e+01
2.994074e+02
1.590090e+01
7.564151e+01
1.949637e+00
2.816531e-05
2.942466e-03
6.171634e-03
1.381518e+01
5.346176e+04
3.714605e-01
6.412515e-03
2.111640e-02
7.376617e-02
5.819233e-01
5.477605e+06
4.287900e-02
3.878377e+03
2.665761e-01
1.018489e+05
8.831284e+01
4.692861e+00
1.402736e-02
1.042616e-01
1.923118e+02
1.031817e+03
2.420221e+00
3.399087e+00
1.541559e-01
3.656814e+04
4.641049e+01
3.159918e+01
7.028106e-01
1.859761e+03
4.000000e+00
1.098031e-03
2.289060e-03
4.044797e-04
1.412079e+00
6.430098e+03
2.037650e-03
3.542339e+02
1.986292e+00
1.125620e-01
3.428406e-01
6.988354e-01
8.256434e-01
1.850398e+04
1.319475e-01
3.184934e+02
6.170650e-01
5.634144e-02
4.811078e-04
1.062100e+01
7.334113e-01
5.031859e-01
1.295854e+00
5.584381e+00
4.520855e-02
3.069157e+01
1.026835e+01
3.951159e-01
3.572285e+00
9.816491e-04
2.690021e-04
3.052468e-04
1.364033e-04
1.533393e-02
1.148841e-01
1.954712e-05
7.934182e-03
1.940125e+00
1.134898e+02
