2.072859e-01
9.075726e+02
1.950081e+01
3.032108e+01
2.939776e+01
6.409781e+01
1.657757e+00
1.865575e-04
8.199822e-03
1.004707e-03
3.095322e+00
1.594178e+04
8.365888e+00
5.483797e-04
4.589219e-02
4.334530e-02
1.373870e-01
4.178606e+05
1.072339e-02
1.398514e+02
3.702525e-01
3.889960e+04
1.136056e+01
9.040769e-01
3.364184e-02
8.582098e-02
3.985556e+01
2.228328e+03
4.703218e+00
1.589351e+01
1.074824e+00
1.841095e+04
3.510759e+01
1.012448e+01
5.233926e-01
8.256085e+01
1.700192e+00
2.056635e-03
9.563636e-04
2.254033e-05
6.215477e+00
6.597314e+03
6.584357e-04
3.135124e+02
7.363573e-01
1.491729e-01
2.560984e-01
1.003544e-01
7.568882e-01
3.950524e+03
4.532984e-02
1.771139e+03
6.084518e-02
1.547424e-01
8.831291e-04
2.503323e+00
7.645619e-01
2.135272e-01
1.657073e+00
1.539246e+01
4.053611e-03
3.989887e+00
1.032882e+00
8.969958e-01
1.508479e+00
2.168642e-04
3.577740e-03
2.873238e-03
3.501213e-05
9.688456e-03
1.147717e-01
4.841949e-05
4.846370e-03
1.802038e+00
2.273980e+02
