2.098572e-01
7.903715e+02
2.011290e+01
3.410021e+01
3.818691e+01
6.771914e+01
1.724234e+00
1.590009e-04
8.383449e-03
9.513763e-04
2.909369e+00
1.455647e+04
1.019422e+01
5.074300e-04
4.209382e-02
4.673458e-02
1.347267e-01
4.464258e+05
1.246696e-02
1.185094e+02
3.267573e-01
4.817126e+04
9.620523e+00
9.497819e-01
3.638867e-02
8.031204e-02
3.868713e+01
2.181721e+03
4.046000e+00
1.437284e+01
9.701657e-01
1.822622e+04
3.835661e+01
9.406931e+00
4.743105e-01
7.865826e+01
1.601879e+00
1.930971e-03
9.843484e-04
2.342657e-05
5.182832e+00
5.513557e+03
5.689704e-04
3.364877e+02
6.446386e-01
1.236873e-01
3.012244e-01
1.143838e-01
7.588660e-01
4.544325e+03
4.791244e-02
2.013957e+03
6.266281e-02
1.595370e-01
1.010785e-03
2.509198e+00
8.681801e-01
2.262215e-01
1.604174e+00
1.637290e+01
3.711224e-03
3.346230e+00
1.094844e+00
9.391901e-01
1.581825e+00
2.237292e-04
3.200689e-03
3.706208e-03
3.612486e-05
9.806538e-03
1.218165e-01
5.493761e-05
4.879651e-03
1.741516e+00
2.175187e+02
