2.096849e-01
1.398548e+03
1.535161e+01
1.632018e+01
4.451473e+01
5.438173e+01
2.377399e+00
1.103148e-04
7.546076e-03
9.408147e-04
4.518375e+00
3.622296e+04
2.354674e+00
7.747210e-04
2.560861e-02
2.550175e-02
5.050627e-01
8.281099e+05
4.535673e-03
1.061496e+02
9.204042e-01
6.090014e+04
1.527009e+01
9.371486e-01
7.016673e-02
1.034752e-01
9.674581e+00
7.745533e+02
4.879322e+00
4.310378e+01
2.822639e+00
2.805221e+04
2.665815e+01
7.526502e+00
6.316563e-01
2.135311e+02
1.692840e+00
3.245994e-03
6.046458e-04
9.047000e-05
8.564210e+00
8.352813e+03
8.760954e-04
9.902537e+02
5.060502e-01
8.012809e-02
4.811298e-01
8.051491e-02
5.358750e-01
3.194302e+03
4.059305e-02
1.509055e+03
9.406445e-02
1.840735e-01
2.620574e-03
1.146826e+01
1.117550e+00
9.370743e-01
5.571900e+00
2.541481e+01
9.295484e-03
6.283672e+00
2.170536e+00
6.655683e-01
1.547975e+00
4.269491e-04
3.218257e-03
1.458414e-02
6.154055e-05
2.031242e-02
9.204836e-01
4.425621e-05
7.989255e-03
2.354696e+00
2.922987e+02
