4.222777e-02
4.476231e+02
2.291351e+01
4.024914e+01
2.907574e+02
1.070322e+02
2.396668e+00
1.651773e-04
2.426393e-02
1.292675e-03
1.966367e+01
8.644885e+03
2.041829e+00
1.614183e-04
3.493112e-03
2.360320e-02
4.839033e-01
2.247014e+06
1.944981e-02
2.112483e+03
8.933684e-02
7.567511e+04
3.149297e+00
2.123089e-01
6.671024e-02
4.845318e-02
3.919863e+01
3.514735e+02
5.326837e+00
9.000625e+00
1.966727e+00
1.753412e+05
3.105494e+01
1.926635e+01
3.338651e-01
1.993853e+01
2.913138e+00
1.452855e-03
1.109104e-03
3.559922e-05
2.823933e+00
1.099796e+03
9.688417e-04
3.009370e+03
3.697198e+00
1.367730e-02
6.533635e-02
3.636855e-01
2.073078e+00
1.187050e+04
1.534586e-01
2.281326e+03
4.501459e-02
4.200597e-02
1.681094e-03
3.781552e+01
7.165167e-01
4.822063e-02
4.743563e+00
1.629046e+02
1.430550e-02
1.469041e+01
9.625100e-01
1.369236e+00
3.793473e+00
2.484517e-04
2.974641e-04
6.893161e-03
9.605942e-06
4.039865e-02
2.090942e+00
8.070216e-06
1.958368e-03
1.109109e+00
6.777738e+02
