4.456693e-02
3.070415e+03
4.573328e+00
7.574512e+01
4.836119e+01
1.277713e+02
2.781133e+00
1.548556e-04
3.905947e-02
2.243722e-03
1.839691e+01
5.625099e+04
2.992347e+01
1.172165e-04
8.505597e-03
7.046790e-03
1.516952e-01
4.783533e+05
4.135066e-03
1.373501e+02
1.540362e-01
4.667540e+03
1.840339e+01
4.120240e+00
6.425617e-03
6.892299e-02
1.923118e+00
2.030690e+02
2.789806e+01
7.984776e+00
5.912134e-01
1.460067e+04
4.614714e+01
1.452347e+01
9.421977e-02
6.289450e+02
1.606182e+00
2.683381e-03
6.414914e-04
2.280208e-05
4.394514e+01
6.343801e+04
2.792921e-03
1.233571e+03
1.508576e+00
7.037924e-01
1.108695e-01
1.638340e-02
9.221680e-01
1.421299e+04
4.630923e-02
7.716852e+03
8.775923e-02
3.265281e-01
3.644478e-03
9.191109e+00
3.114000e-01
2.219249e+00
1.973939e+00
2.513222e+01
7.283704e-03
4.947150e+01
1.416488e+00
8.833936e-01
1.017718e+00
2.704880e-03
6.669494e-04
5.332899e-03
6.907430e-06
6.255157e-02
2.507573e-01
6.674262e-05
7.249003e-03
2.685525e+00
1.347125e+03
