3.428484e-02
3.866518e+02
2.084319e+01
4.337621e+01
2.122786e+02
9.858357e+01
2.293980e+00
1.618369e-04
2.323791e-02
1.580323e-03
2.195515e+01
1.070834e+04
1.597099e+00
1.304527e-04
3.489388e-03
1.872383e-02
4.176019e-01
1.725253e+06
1.896281e-02
2.380325e+03
9.838536e-02
6.875056e+04
3.337772e+00
1.546141e-01
6.032364e-02
4.587656e-02
3.375742e+01
2.604345e+02
4.713838e+00
7.821422e+00
1.624014e+00
1.702002e+05
2.278644e+01
2.116505e+01
3.401073e-01
1.859761e+01
2.924263e+00
1.667341e-03
8.846365e-04
3.942191e-05
4.240225e+00
1.165317e+03
7.341847e-04
2.655645e+03
4.457556e+00
1.169968e-02
5.452852e-02
4.850552e-01
2.399937e+00
1.057358e+04
1.328396e-01
1.761193e+03
4.206401e-02
2.565983e-02
1.615351e-03
3.751331e+01
7.152878e-01
4.123943e-02
3.510307e+00
1.510696e+02
1.421804e-02
1.385499e+01
1.015230e+00
1.268213e+00
3.847549e+00
2.067638e-04
2.740199e-04
5.549969e-03
9.187019e-06
3.802748e-02
1.789730e+00
6.009107e-06
1.915216e-03
1.171370e+00
6.474382e+02
