3.428484e-02
3.638319e+02
1.949027e+01
5.184622e+01
1.763304e+02
8.834593e+01
2.521815e+00
1.624482e-04
2.782520e-02
1.435083e-03
3.014572e+01
1.465752e+04
1.884726e+00
1.403776e-04
3.783504e-03
1.297607e-02
5.565908e-01
1.834972e+06
1.972949e-02
2.176851e+03
1.402252e-01
7.467089e+04
4.149057e+00
1.429959e-01
6.370115e-02
5.066700e-02
3.630430e+01
3.067771e+02
6.877526e+00
8.646524e+00
2.144122e+00
2.131269e+05
2.681939e+01
1.853335e+01
3.193719e-01
1.859761e+01
3.068736e+00
2.294340e-03
8.415783e-04
3.938193e-05
8.386299e+00
1.432025e+03
9.179316e-04
3.247783e+03
3.681010e+00
9.713235e-03
6.651321e-02
4.816107e-01
2.119977e+00
1.374214e+04
9.800589e-02
1.774792e+03
4.754029e-02
2.775744e-02
2.974823e-03
4.775187e+01
9.211104e-01
6.099980e-02
4.989773e+00
1.944861e+02
1.565684e-02
1.469216e+01
9.178552e-01
1.412872e+00
3.978370e+00
2.326973e-04
2.253278e-04
1.019278e-02
1.160895e-05
3.495586e-02
1.888054e+00
4.130000e-06
2.088305e-03
1.167811e+00
5.485689e+02
