1.878635e+00
3.070415e+03
2.280930e+01
8.877090e+01
2.924109e+02
1.137510e+02
4.000000e+00
5.869339e-05
9.886904e-03
5.688785e-03
1.792152e+01
6.447422e+04
1.105213e+00
9.964961e-04
1.867536e-01
7.046790e-01
4.461093e-01
6.356539e+05
3.828552e-03
7.328585e+02
7.011570e-02
8.226560e+03
3.663214e+00
6.869523e+00
1.523873e-02
6.293872e-02
3.404851e+00
1.156763e+02
3.822497e+01
1.008485e+01
1.396325e+00
1.684992e+05
2.856023e+01
2.748174e+01
4.429077e-01
2.190364e+02
1.988925e+00
8.163170e-03
6.475821e-04
7.650000e-06
1.405512e+00
8.562744e+02
3.775164e-04
2.956973e+02
2.174552e-01
2.709666e-02
3.960616e+00
6.044167e-02
7.206087e-01
5.666372e+02
1.081129e-01
1.390847e+02
4.724146e-02
6.314703e-03
1.227278e-03
4.863844e+01
1.627691e-01
3.685891e-01
1.402227e+01
2.189389e+01
7.856255e-03
4.688861e+01
4.239943e-01
1.253040e+00
1.751531e+00
9.625659e-04
6.155137e-03
5.260459e-03
1.221766e-05
6.290368e-02
3.106336e-01
3.335786e-04
4.017529e-03
2.056946e+00
1.147102e+02
