1.075121e+00
1.556597e+03
4.381838e+01
1.636129e+02
1.154357e+01
5.905959e+01
3.602241e+00
2.696717e-04
1.314773e-03
3.859527e-04
4.035113e+01
1.145307e+04
1.408549e+00
2.915308e-03
1.840076e-01
1.829720e-01
1.573349e-01
4.314161e+05
6.928808e-04
3.088749e+03
4.950503e-01
3.306493e+03
8.595613e+01
7.115015e-01
1.693669e-02
5.912798e-02
4.253384e+01
1.425722e+03
3.172439e+01
1.098240e+01
1.314924e+00
1.379341e+05
3.923415e+00
9.952874e+00
5.749590e+00
2.468417e+01
1.449693e+00
2.034692e-03
9.779526e-04
2.365626e-04
2.227810e+01
9.971807e+02
2.204380e-03
4.643197e+03
6.053752e-01
1.560754e-01
2.196851e+00
4.205192e-02
6.433645e+00
6.999251e+03
5.106171e-02
7.878117e+02
6.238373e-02
2.219197e-01
3.791353e-03
2.554391e+01
4.623995e-01
6.617842e-01
4.572497e+00
5.893454e+00
1.023001e-02
5.447839e+01
1.625802e+00
3.637866e-01
2.692762e+00
9.142103e-04
5.502436e-03
1.507625e-02
4.520352e-05
4.813536e-02
1.079074e-01
1.934116e-05
5.819731e-03
1.072138e+00
9.371210e+01
