1.380245e-01
1.108427e+03
1.811537e+01
1.988444e+01
5.068158e+01
9.695143e+01
1.414794e+00
2.537003e-04
4.719019e-03
4.327174e-04
5.299191e+00
1.544378e+04
1.280512e+01
8.441496e-04
7.132928e-03
4.714770e-02
2.405866e-01
1.838008e+06
4.202870e-03
1.439233e+02
2.637795e-01
2.633591e+04
7.087168e+00
1.747664e+00
1.188246e-02
4.035755e-02
3.571766e+01
1.478007e+03
2.493171e+01
6.558817e+00
5.329620e-01
3.438599e+04
7.232659e+00
6.351690e+00
5.627020e-01
6.052821e+01
1.805004e+00
1.617361e-03
8.608274e-04
3.392665e-05
7.934826e+00
3.093051e+03
1.057111e-04
1.779786e+02
1.041395e+00
1.121976e-01
3.485453e-01
8.385020e-02
6.243418e-01
2.687976e+03
4.163990e-02
2.334737e+03
2.171027e-02
1.104378e-02
1.077413e-03
7.810034e+00
5.320130e-01
5.794843e-01
2.101896e+00
4.163166e+01
1.276193e-02
4.153983e+00
7.119440e-01
6.964789e-01
1.419284e+00
9.827503e-05
1.703493e-03
1.792236e-03
2.223690e-05
4.893643e-02
5.346187e-01
6.624492e-05
9.958191e-03
2.112459e+00
3.420123e+02
