1.446035e-01
9.956736e+02
1.774483e+01
2.970656e+01
6.352599e+01
5.681685e+01
2.174069e+00
1.906292e-04
9.059734e-03
5.197521e-04
4.200900e+00
1.095030e+04
3.591289e+00
6.148525e-04
2.201846e-02
1.424041e-02
1.943006e-01
1.241526e+06
8.028375e-03
9.685265e+01
2.419357e-01
1.678864e+04
1.217156e+01
1.527556e+00
1.665441e-02
2.991257e-01
1.672092e+01
5.158970e+02
2.942197e+01
3.139583e+01
9.738104e-01
3.932115e+04
9.573531e+00
9.764642e+00
9.620913e-01
7.305329e+01
1.733215e+00
6.456122e-03
4.751437e-04
5.841743e-05
8.961448e+00
5.319964e+03
6.723396e-04
1.509013e+02
3.430513e+00
2.960125e-01
1.783999e-01
1.114016e-01
7.502750e-01
2.101965e+03
3.011147e-02
6.968938e+03
3.346842e-02
5.723931e-02
1.243710e-03
3.378671e+01
3.737554e-01
1.414290e-01
2.131504e+00
3.149497e+01
1.170760e-02
1.009228e+01
4.757896e-01
7.612565e-01
1.532776e+00
6.657793e-05
9.565027e-04
3.825991e-03
1.278142e-05
2.108612e-02
3.029310e-01
9.562459e-05
1.397310e-02
1.904898e+00
2.840598e+02
