1.717170e-01
1.018050e+03
1.895134e+01
2.607154e+01
4.456287e+01
5.963554e+01
2.022313e+00
2.189485e-04
7.637338e-03
3.864595e-04
4.283865e+00
6.393057e+03
3.703449e+00
7.615740e-04
1.713347e-02
1.236038e-02
1.624108e-01
1.259044e+06
7.974758e-03
6.907563e+01
2.578574e-01
1.402391e+04
1.016701e+01
1.323090e+00
1.520181e-02
3.932227e-01
2.399286e+01
8.105800e+02
3.483315e+01
3.104950e+01
1.219670e+00
4.105542e+04
1.014609e+01
8.924908e+00
9.584357e-01
7.484219e+01
1.673936e+00
6.007461e-03
4.855120e-04
4.505496e-05
8.283862e+00
3.776600e+03
5.096606e-04
9.091024e+01
3.228632e+00
3.885221e-01
3.097888e-01
9.766987e-02
5.589083e-01
1.982621e+03
3.693027e-02
7.436036e+03
3.592735e-02
4.304405e-02
1.681264e-03
2.922671e+01
5.115122e-01
1.592235e-01
2.145460e+00
3.740244e+01
1.991443e-02
8.797752e+00
4.600314e-01
9.143895e-01
1.577788e+00
4.825477e-05
1.002026e-03
3.960056e-03
2.172821e-05
2.760632e-02
3.437681e-01
9.255364e-05
1.200969e-02
1.977115e+00
3.096676e+02
