1.468678e-01
1.344591e+03
2.039844e+01
3.244880e+01
4.575390e+01
9.380846e+01
1.571863e+00
3.074341e-04
5.266261e-03
5.352778e-04
9.400496e+00
1.485439e+04
1.090040e+01
1.179719e-03
8.729167e-03
4.955615e-02
2.508103e-01
1.741340e+06
6.973762e-03
2.217002e+02
2.939122e-01
2.657292e+04
8.034481e+00
1.761381e+00
1.799052e-02
4.967640e-02
3.864525e+01
1.479964e+03
2.764664e+01
1.078648e+01
6.694680e-01
3.759202e+04
8.830424e+00
7.047473e+00
6.434865e-01
6.622072e+01
1.847807e+00
2.668538e-03
7.157312e-04
3.865954e-05
8.170345e+00
3.282980e+03
1.295855e-04
2.081687e+02
1.613854e+00
1.405690e-01
3.193033e-01
9.566982e-02
8.572139e-01
2.396663e+03
4.047271e-02
1.909053e+03
2.925028e-02
1.190016e-02
1.496376e-03
9.684874e+00
5.951977e-01
3.939549e-01
2.376363e+00
4.092372e+01
1.433255e-02
5.357808e+00
1.219493e+00
8.866243e-01
1.491151e+00
1.289762e-04
1.848750e-03
1.530038e-03
2.692340e-05
5.092652e-02
6.550350e-01
7.276057e-05
1.257458e-02
2.204689e+00
4.169595e+02
