8.147214e-01
2.492201e+03
3.911863e+01
9.666590e+01
2.821457e+02
5.660131e+01
3.494683e+00
1.604828e-05
1.667782e-02
3.492842e-03
4.240733e+01
8.601920e+04
3.946055e-01
1.385378e-03
8.008361e-02
1.964410e-01
4.196513e-02
2.839233e+05
1.533500e-02
9.504304e+01
6.117230e-02
3.748834e+03
9.353632e+00
1.515092e+00
1.787262e-02
8.258204e-02
4.353247e+01
1.217817e+02
1.897315e+01
5.314820e+00
2.249193e+00
6.794908e+04
1.876073e+00
2.379852e+00
1.007214e+00
9.644971e+01
1.528825e+00
1.009857e-03
9.855494e-04
5.990279e-04
3.265167e+01
3.059341e+03
4.405346e-03
1.062940e+03
7.230158e-01
1.429428e-02
1.050661e+00
2.343520e-02
7.809584e-01
1.876182e+03
4.190957e-02
6.009121e+03
3.768950e-02
4.720467e-02
1.452049e-02
3.570526e+01
3.027828e-01
6.017112e-01
5.911766e+00
6.932287e+00
2.459614e-02
1.591922e+01
1.199074e+00
5.166792e-01
2.279563e+00
8.809159e-04
7.923580e-04
1.618305e-03
6.213723e-05
1.075519e-01
8.377599e-01
2.530777e-05
4.222299e-02
2.266815e+00
8.425013e+01
