1.264850e-01
1.175089e+03
1.976368e+01
1.765251e+01
5.227848e+01
9.203668e+01
1.476463e+00
2.908907e-04
5.166337e-03
4.227957e-04
6.880841e+00
2.381134e+04
1.471844e+01
9.567141e-04
6.746654e-03
4.231784e-02
2.959192e-01
1.522311e+06
4.343489e-03
1.467631e+02
3.172471e-01
2.872442e+04
5.921835e+00
2.384148e+00
1.217250e-02
4.691217e-02
4.090791e+01
1.496521e+03
2.672054e+01
6.143080e+00
6.351182e-01
3.350398e+04
8.141882e+00
5.909645e+00
5.013565e-01
7.442289e+01
1.795328e+00
1.542953e-03
1.007245e-03
3.881076e-05
7.399559e+00
2.562048e+03
7.626491e-05
1.696639e+02
8.744796e-01
1.157285e-01
4.299353e-01
8.085428e-02
6.701814e-01
3.028069e+03
4.333647e-02
3.177827e+03
1.754507e-02
1.058583e-02
1.160013e-03
7.966540e+00
7.202383e-01
7.551167e-01
2.064336e+00
4.096895e+01
1.385680e-02
5.443236e+00
8.322186e-01
9.845998e-01
1.562665e+00
1.370224e-04
2.393966e-03
1.558222e-03
1.715605e-05
4.753004e-02
6.641558e-01
5.887279e-05
1.461256e-02
2.129514e+00
3.789524e+02
