1.242345e-01
1.511109e+03
1.848892e+01
3.099539e+01
4.073714e+01
1.177748e+02
1.463244e+00
3.030873e-04
5.886907e-03
5.593472e-04
9.335854e+00
1.749468e+04
9.230740e+00
8.717241e-04
1.078425e-02
3.860685e-02
2.418105e-01
1.366945e+06
1.017932e-02
3.236493e+02
3.485111e-01
3.105533e+04
8.565609e+00
1.515615e+00
2.163961e-02
4.774172e-02
4.210454e+01
1.011141e+03
3.317208e+01
8.245311e+00
7.784683e-01
4.346233e+04
9.624218e+00
8.476924e+00
8.697883e-01
8.802642e+01
1.838829e+00
2.264202e-03
7.387912e-04
3.388868e-05
7.607216e+00
3.256501e+03
2.226531e-04
1.939138e+02
2.024055e+00
1.637821e-01
3.345001e-01
1.104431e-01
8.492380e-01
3.012014e+03
4.540201e-02
1.961793e+03
2.802822e-02
1.441805e-02
1.236846e-03
1.324985e+01
6.186874e-01
3.857444e-01
1.900393e+00
5.105483e+01
1.417468e-02
4.681741e+00
1.215222e+00
9.120503e-01
1.516971e+00
1.347902e-04
1.903921e-03
1.700420e-03
2.453045e-05
4.275808e-02
5.563392e-01
8.360972e-05
1.820032e-02
1.998348e+00
4.281557e+02
