2.085002e-01
7.391568e+02
2.103405e+01
2.925198e+01
3.182154e+01
1.679940e+02
1.611651e+00
1.259092e-04
6.661110e-03
2.173651e-03
1.263159e+01
3.019275e+04
5.056943e+00
1.447162e-03
4.036039e-02
1.583861e-01
2.856377e-01
1.140188e+06
2.750898e-03
5.686070e+02
2.068135e-01
2.400000e+04
8.931957e+00
2.945933e+00
3.573130e-02
8.428965e-02
9.895515e+00
6.498126e+02
7.838732e+00
2.643172e+01
2.089070e-01
7.163640e+03
1.882825e+01
1.404870e+01
6.588323e-01
4.698187e+01
1.668632e+00
1.417707e-03
1.528109e-03
3.738511e-05
6.197511e+00
5.933288e+03
5.909827e-04
7.923207e+02
1.013328e+00
2.911358e-02
5.717772e-01
8.396813e-02
1.694651e+00
1.078654e+03
1.678880e-01
1.289896e+03
3.511756e-02
4.179830e-02
2.665933e-03
6.906097e+00
3.057513e-01
7.465489e-01
1.167121e+00
2.287631e+01
1.167038e-02
4.536451e+00
1.341368e+00
2.970215e-01
1.425935e+00
5.028409e-04
1.804521e-03
1.439678e-03
1.147423e-05
1.861557e-02
4.394401e-01
9.180523e-05
9.896248e-03
1.876379e+00
2.224248e+02
