2.084772e-01
7.830298e+02
1.961786e+01
3.251749e+01
3.087415e+01
1.797023e+02
1.687434e+00
1.126667e-04
6.180031e-03
2.090192e-03
1.267732e+01
2.731930e+04
3.931366e+00
1.653863e-03
3.641011e-02
1.249984e-01
2.867902e-01
1.283321e+06
2.733968e-03
5.572865e+02
2.022335e-01
2.479178e+04
8.679748e+00
2.596402e+00
3.716239e-02
8.741693e-02
9.018506e+00
5.904825e+02
7.109616e+00
2.668173e+01
2.426800e-01
7.487776e+03
2.084198e+01
1.370090e+01
6.489950e-01
4.726027e+01
1.644147e+00
1.664158e-03
1.252588e-03
3.743590e-05
5.789984e+00
6.581386e+03
7.697213e-04
8.548252e+02
1.094535e+00
2.684235e-02
5.926275e-01
7.194010e-02
1.739787e+00
1.036298e+03
1.374820e-01
1.131479e+03
3.407256e-02
5.395324e-02
2.111606e-03
7.783825e+00
3.591257e-01
5.931943e-01
1.282237e+00
2.006521e+01
1.175646e-02
4.681193e+00
1.464481e+00
2.825331e-01
1.410999e+00
4.278742e-04
1.739617e-03
1.208772e-03
1.114510e-05
1.966165e-02
3.785713e-01
9.350885e-05
1.110718e-02
1.859351e+00
2.039920e+02
