7.648262e-02
2.499211e+02
5.080812e+01
2.994074e+02
2.351138e+02
1.527017e+03
2.075751e+00
1.262108e-04
4.952374e-03
6.026891e-04
5.636949e+01
1.979725e+04
3.823451e+00
4.943991e-03
1.180600e-02
1.243637e-02
2.793886e-01
7.355987e+06
1.096110e-03
2.262336e+02
1.042165e+00
8.542428e+04
9.407417e+00
9.109822e-01
7.603532e-02
1.298040e+00
1.923118e+02
4.415834e+03
2.438769e+00
2.795199e+01
1.963917e+00
3.364541e+04
1.379479e+02
3.116065e+00
1.537050e+00
1.711902e+02
1.567734e+00
3.284434e-02
3.889073e-04
5.360964e-05
1.018777e+01
9.527280e+03
7.771490e-04
3.053488e+02
2.096158e+00
3.728086e-01
9.414731e-01
8.408938e-01
7.571120e+00
4.429621e+03
6.306371e-01
1.157116e+04
5.917340e-01
7.267182e-02
1.238728e-02
1.175100e+01
4.589919e+00
8.519251e-02
1.222016e+01
1.100726e+02
1.353973e-01
4.899978e+01
4.456024e+00
5.002270e+00
1.618616e+00
1.696063e-03
1.171761e-02
2.529862e-03
8.257620e-06
1.989880e-01
1.150104e-01
1.322136e-04
1.972983e-03
4.000000e+00
2.938958e+02
