9.274716e-01
2.596687e+03
7.374148e+01
1.078824e+02
2.924109e+02
4.705319e+01
3.642034e+00
1.598055e-05
1.681756e-02
1.009199e-02
5.636949e+01
8.363741e+04
2.992347e-01
1.714164e-03
1.213066e-01
1.769528e-01
2.791503e-02
1.718043e+05
3.075144e-02
1.081731e+02
5.503461e-02
4.100649e+03
8.920168e+00
6.508186e-01
2.962291e-02
5.637086e-02
3.546713e+01
2.494699e+02
1.607498e+01
7.494807e+00
1.558719e+00
1.025889e+05
1.379479e+00
2.925509e+00
1.867811e+00
1.153101e+02
1.494860e+00
2.204866e-03
1.541055e-03
4.275498e-04
3.547884e+01
3.714776e+03
5.973150e-03
8.290691e+02
1.126457e+00
1.634938e-02
1.696238e+00
1.829985e-02
1.079363e+00
3.560791e+03
4.082735e-02
4.893893e+03
1.537053e-02
5.652845e-02
1.212380e-02
4.326360e+01
5.079942e-01
3.588926e-01
8.407717e+00
5.143898e+00
1.663258e-02
1.844835e+01
1.106759e+00
2.848442e-01
2.254077e+00
6.910374e-04
6.513033e-04
1.680475e-03
8.670269e-05
1.578353e-01
1.589470e+00
4.290963e-05
7.530790e-02
2.051314e+00
1.210629e+02
