1.616005e-01
3.493342e+02
2.355234e+01
3.307618e+00
1.958802e+01
5.030579e+01
1.761284e+00
6.295142e-05
2.332193e-03
1.309199e-03
2.602801e+00
4.059349e+04
1.087420e+00
2.234816e-03
1.094922e-02
2.922422e-02
6.903564e-02
8.336812e+05
7.756204e-03
2.038036e+02
4.414516e-01
2.452713e+04
9.174668e+00
3.350940e-01
6.428484e-02
4.931152e-02
2.341166e+01
4.605665e+02
3.810867e+01
1.892634e+01
4.897861e-01
8.309217e+03
7.376398e+00
2.108575e+01
6.345055e-01
5.419172e+01
1.716647e+00
8.940640e-03
1.340091e-03
1.871754e-05
1.610227e+01
2.314767e+03
8.390834e-04
2.392816e+02
1.696902e+00
5.108358e-02
7.820813e-01
9.868526e-02
1.179487e+00
1.005966e+04
3.746474e-02
7.304061e+02
3.507393e-02
2.278929e-02
3.110096e-03
1.829490e+01
9.543456e-01
1.411578e-01
1.074139e+00
3.137842e+01
1.228029e-02
5.474520e+00
3.296763e-01
4.038735e-01
1.844589e+00
9.062165e-05
3.072992e-04
3.509366e-03
1.226256e-05
1.468491e-02
4.312908e-01
7.099771e-06
9.134755e-03
1.547935e+00
2.680147e+02
