2.615497e-01
5.421677e+01
2.820283e+01
7.545773e+00
1.816676e+02
1.375077e+02
1.994911e+00
3.028514e-05
1.666159e-02
1.082673e-03
1.977195e+00
2.000297e+05
7.929638e+00
5.008457e-04
1.231398e-01
6.148290e-02
3.137847e-01
1.280379e+05
3.172486e-03
1.558499e+02
1.701009e-01
5.239667e+04
3.705276e+00
3.045965e-01
3.362604e-03
1.959634e-02
2.044395e+01
1.626987e+02
1.802477e+00
8.433950e+00
2.068147e-01
2.040105e+04
2.172970e+00
1.382558e+01
2.353050e-01
1.859761e+01
2.193909e+00
2.381312e-03
2.131541e-03
1.936308e-04
2.512099e+00
1.711714e+04
1.277906e-04
8.815515e+02
1.167401e+00
2.296480e-01
1.107029e+00
2.449001e-01
3.807968e-01
1.854092e+04
7.089293e-01
3.712511e+02
4.295544e-02
1.162221e-02
3.958884e-04
3.468252e+00
5.662742e-01
3.457421e-02
1.444141e+01
2.659483e+00
1.291647e-02
2.180917e+00
2.294441e-01
6.405305e-02
1.823391e+00
1.134230e-04
1.023868e-03
2.565879e-03
1.424072e-05
1.798555e-02
3.508388e-01
2.256572e-05
5.514697e-03
1.375625e+00
1.243205e+02
