1.880219e-01
1.442861e+02
6.424725e+00
4.322192e+00
2.357391e+01
8.672642e+01
2.048947e+00
2.546078e-04
1.199954e-02
1.614262e-03
6.728234e+00
2.212601e+04
1.003694e+00
5.646821e-04
1.780747e-02
3.859436e-02
2.994962e-02
1.272704e+06
6.266280e-04
1.803563e+02
5.753994e-01
4.543359e+04
4.194163e+00
5.172096e-01
8.919852e-03
1.236882e-01
1.913856e+01
3.032806e+02
5.626820e+00
1.624462e+01
2.804907e-01
4.839244e+04
8.539003e+00
4.127863e+00
1.767284e+00
7.444600e+02
1.311372e+00
8.034315e-03
5.416493e-04
1.829482e-04
2.110393e+00
5.821781e+03
8.445644e-05
9.077283e+01
7.173095e+00
6.432748e-02
2.160245e-01
1.513320e-02
4.067806e-01
2.315368e+03
1.024991e-02
1.683750e+03
8.244107e-02
1.857632e-02
2.960649e-04
2.418091e+00
4.664320e-01
2.853978e-01
3.286120e-01
4.068427e+00
1.314834e-02
1.069020e+01
2.342243e+00
4.459980e-01
1.677763e+00
4.455870e-05
1.706160e-03
8.110596e-04
1.153801e-05
1.249699e-02
4.703751e-02
9.775856e-06
4.414213e-03
1.718506e+00
1.297361e+02
