2.750342e-01
1.717625e+02
2.456921e+01
5.046170e+01
3.267215e+01
9.249640e+01
2.743522e+00
3.642473e-04
3.159821e-02
6.642613e-04
6.690471e+00
4.754085e+04
1.121269e+00
8.362737e-04
3.958328e-02
3.423510e-02
1.096237e-01
2.073911e+06
1.230060e-02
1.228181e+02
1.119075e+00
7.076683e+04
1.369722e+01
1.473609e+00
1.200733e-02
1.138218e-01
2.105606e+01
2.478712e+03
2.492117e+00
6.870217e+00
2.725922e-01
4.153838e+04
5.157823e+00
1.625818e+01
6.133627e-01
6.979728e+01
2.352033e+00
1.284777e-03
1.361434e-03
3.935030e-05
2.755666e+01
2.850433e+04
5.675888e-04
9.280526e+02
1.537426e+00
8.874778e-02
3.651517e+00
8.221686e-02
2.148457e+00
4.117083e+03
4.364442e-02
2.894483e+03
1.228530e-01
4.891104e-02
8.837436e-04
2.376390e+01
7.772558e-01
1.068710e-01
4.201136e+00
3.856379e+01
1.380861e-02
5.990160e+00
1.199652e+00
4.125869e-01
1.912198e+00
1.888167e-04
1.902239e-03
2.106761e-03
5.629061e-05
8.324421e-03
3.249983e-01
4.255195e-05
5.381332e-03
1.581954e+00
1.454680e+02
