1.327378e+00
1.383575e+03
1.655335e+01
6.656068e+01
3.596193e+01
7.825506e+01
1.499768e+00
4.391033e-04
6.950403e-02
2.437142e-03
2.571199e+01
6.377287e+03
2.846468e+00
3.452686e-03
1.408578e-01
1.023302e-01
3.632919e-01
5.538089e+06
2.595027e-02
2.021827e+02
6.629784e-02
5.935286e+03
4.879097e+00
6.614020e-01
1.239838e-01
5.525550e-01
1.093454e+01
2.062711e+02
2.272022e+01
1.306391e+01
7.756920e-02
2.264943e+03
8.052771e+00
1.530613e+01
1.458291e+00
3.380825e+02
3.246294e+00
1.239004e-02
2.232990e-04
4.046568e-05
1.504138e+00
3.087276e+04
3.968430e-04
2.668101e+03
1.010735e+00
2.685055e-02
1.091243e-01
1.848198e-01
1.615191e+00
1.139376e+04
6.133050e-01
6.869309e+03
2.385632e-02
6.268843e-02
6.180097e-03
8.167896e+00
3.870622e-01
1.825161e+00
3.235529e+00
7.940759e+01
8.081255e-03
8.097476e+00
7.530124e+00
4.169420e-01
1.452524e+00
3.004957e-05
7.677836e-03
2.188493e-02
2.040893e-05
5.674238e-03
1.794806e-01
5.320654e-06
3.525947e-02
1.851129e+00
1.387491e+02
