1.836891e-01
2.412668e+03
1.033846e+01
1.202064e+02
6.119287e+01
9.358477e+02
2.304868e+00
3.541897e-04
7.875765e-02
2.583448e-03
3.421846e+00
3.418048e+05
1.073765e+00
9.638932e-04
1.021577e-02
1.733535e-01
4.485182e-01
2.240904e+06
3.013746e-02
3.878377e+03
6.750057e-02
5.813151e+03
4.275760e+01
8.629774e+00
1.607094e-01
2.129845e-01
7.977245e+00
9.257813e+02
6.641986e+00
1.633398e+00
7.029403e-02
1.011994e+05
1.212843e+02
6.067228e+01
1.150851e-01
7.600496e+01
1.169039e+00
4.288821e-03
2.830138e-03
2.518790e-04
1.900443e+01
6.905900e+03
8.359234e-04
2.296895e+03
2.211209e+00
4.193452e-01
5.452852e+00
2.980531e-01
2.162892e+00
4.872538e+03
2.174493e-02
1.835346e+02
1.412538e-02
1.859241e-02
3.470873e-04
7.020193e+00
1.749440e-01
7.211470e-01
7.315794e-01
5.525496e+00
1.646825e-03
1.269254e+01
1.194711e-01
8.579625e-01
1.678793e+00
1.832703e-03
1.741055e-04
8.943501e-03
1.107575e-05
1.183796e-02
5.528840e-01
2.718328e-04
4.278741e-03
1.847058e+00
3.653813e+02
