5.164891e-01
8.360633e+02
1.134710e+01
3.106265e+01
2.351608e+01
2.564609e+02
1.870135e+00
2.220827e-04
3.884281e-03
1.473432e-03
6.518257e+00
1.532662e+04
1.945100e+00
2.408207e-03
5.106622e-02
2.142071e-01
1.940184e-01
1.140780e+06
7.343831e-03
3.940661e+02
3.863195e-01
1.205608e+05
8.820180e+00
1.688852e+00
2.234869e-02
1.802245e-01
4.383749e+01
4.585438e+02
5.631245e+00
4.910730e+00
6.349956e-01
9.764089e+03
1.086282e+01
7.049051e+00
1.049286e+00
9.179930e+01
1.835541e+00
2.830114e-03
1.051379e-03
4.429843e-05
1.634035e+01
8.570968e+03
5.329191e-04
7.804830e+02
1.333488e+00
7.547455e-02
5.937288e-01
7.490417e-02
1.104008e+00
1.207863e+03
3.842390e-01
8.789924e+02
4.428612e-02
4.166532e-02
1.707733e-03
4.159090e+01
9.285038e-01
3.445160e-01
5.904546e+00
1.193019e+01
8.025506e-03
1.056092e+01
1.376425e+00
3.212091e-01
1.741500e+00
3.513585e-04
1.499023e-03
1.948859e-03
2.470863e-05
2.091585e-02
4.953391e-01
7.216695e-05
1.479981e-02
2.577370e+00
1.091727e+02
