1.552150e-01
1.298491e+03
9.008758e+00
1.669606e+01
1.028408e+02
1.708864e+02
2.850405e+00
7.932720e-05
4.883131e-02
1.125998e-03
2.965858e+00
2.156305e+04
3.863370e+00
2.587192e-04
1.020512e-01
1.332307e-01
3.047418e-02
4.676786e+05
9.015548e-04
8.056596e+01
4.490428e+00
2.806911e+05
8.303649e+01
4.783625e+00
1.785904e-01
4.364308e-02
3.510205e+00
1.921716e+02
1.231513e+01
1.572437e+01
7.464302e-02
7.755349e+03
1.986110e+01
1.743318e+01
2.653739e-01
3.172525e+01
1.698087e+00
2.291498e-03
1.389398e-03
5.855741e-05
4.730001e+01
2.474586e+04
1.165949e-04
2.728826e+03
1.142006e+00
2.331510e-01
3.169895e-01
6.664610e-02
9.609412e-01
1.950894e+03
2.697823e-01
1.068857e+04
1.698543e-02
4.612021e-01
1.370382e-02
6.447371e+01
2.006741e+00
8.964611e-01
8.505214e+00
4.169771e+01
1.463685e-02
4.467447e+00
2.719065e+00
4.728288e-01
3.817982e+00
2.848361e-04
9.997895e-03
3.307831e-04
8.590474e-06
4.071219e-02
8.011323e-01
1.075621e-04
3.639198e-03
1.718978e+00
3.125797e+02
