5.108753e-01
8.606594e+02
1.175435e+01
2.892530e+01
2.037595e+01
1.483019e+02
1.922002e+00
2.485438e-04
3.166888e-03
1.070174e-03
5.484297e+00
1.607453e+04
1.707081e+00
2.161996e-03
5.168469e-02
2.248343e-01
1.472951e-01
1.247521e+06
3.716814e-03
3.274729e+02
3.566299e-01
1.111204e+05
6.760177e+00
1.548864e+00
2.308392e-02
2.248781e-01
5.310728e+01
3.873930e+02
3.958514e+00
6.395087e+00
4.852375e-01
1.056267e+04
1.069941e+01
7.443364e+00
9.509286e-01
1.010262e+02
1.680399e+00
1.623100e-03
1.488311e-03
3.777507e-05
1.568902e+01
1.215444e+04
5.829454e-04
6.685656e+02
1.649895e+00
8.596904e-02
5.831277e-01
1.050255e-01
1.434774e+00
1.619247e+03
4.805643e-01
1.522655e+03
3.671693e-02
2.228213e-02
2.168127e-03
1.994835e+01
4.220004e-01
3.070288e-01
8.861097e+00
7.626744e+00
7.996329e-03
8.985292e+00
9.925535e-01
3.903584e-01
1.579517e+00
3.771062e-04
1.308959e-03
2.720191e-03
1.601825e-05
1.617054e-02
3.224146e-01
5.697323e-05
1.632274e-02
2.468663e+00
1.178646e+02
