1.739054e-01
1.454742e+03
2.057416e+01
4.754579e+01
1.599888e+01
1.409900e+02
1.959171e+00
2.808182e-04
4.311079e-03
2.512517e-04
5.163316e+00
1.063235e+04
1.047640e+01
1.252025e-04
3.476023e-02
8.038848e-03
4.600099e-01
2.278439e+06
4.303735e-03
1.495102e+02
7.233434e-01
1.414258e+05
3.702768e+00
4.304497e+00
1.980589e-01
2.081783e-01
1.068630e+01
9.203602e+02
4.454122e+01
6.961242e+00
8.227230e-01
5.203657e+04
2.027240e+01
5.350479e+00
1.588968e+00
4.908948e+01
1.221313e+00
1.037659e-03
1.529483e-03
1.198035e-05
8.938574e-01
8.931538e+03
6.742110e-05
4.692771e+03
5.160613e-01
3.846000e-01
1.027172e-01
2.624306e-02
7.998886e-01
5.622705e+02
4.357211e-02
2.305883e+02
4.009693e-01
4.656279e-01
7.503790e-04
8.303192e+00
2.206058e+00
1.497848e+00
1.290885e+00
4.072422e+00
5.432653e-02
2.194426e+01
9.237179e+00
1.822269e+00
2.851870e+00
3.601174e-04
8.353931e-03
9.150322e-03
1.066945e-04
3.587940e-02
2.733878e-01
1.115998e-04
5.997828e-02
3.424936e+00
4.238668e+02
