5.199055e-01
4.391925e+02
1.927788e+01
1.304045e+02
1.532545e+01
1.056926e+02
2.609522e+00
5.370441e-04
1.033514e-02
3.145372e-04
1.082600e+01
1.569347e+04
4.069946e-01
2.782463e-04
1.315277e-02
2.184461e-02
1.576787e+00
2.411108e+06
3.470386e-02
7.210039e+02
1.291583e-01
1.919035e+05
1.453210e+01
4.700135e+00
3.149309e-02
8.723411e-01
2.384108e+01
8.554310e+02
3.401126e+00
6.283850e+00
1.325419e+00
3.155640e+04
1.041448e+01
1.301862e+01
1.444153e-01
2.921993e+02
1.335224e+00
1.217036e-02
6.656978e-04
2.170347e-04
1.891491e+01
1.808123e+04
1.943754e-04
2.932111e+03
7.867981e+00
6.795400e-02
9.319674e-01
3.021252e-02
9.099687e+00
5.203504e+02
9.637159e-02
1.682224e+02
2.829898e-01
1.476138e-01
1.670815e-04
1.786813e+01
5.115812e-01
8.817493e-02
3.846472e+00
9.169346e+00
5.771595e-02
1.515933e+00
7.641687e-01
2.311859e-01
2.113152e+00
1.919544e-04
1.822350e-04
7.131349e-04
4.335689e-06
1.716457e-02
1.324849e-01
7.018922e-06
2.587082e-03
1.416499e+00
1.015516e+02
