5.060511e-01
7.800047e+02
1.335017e+01
3.433262e+01
2.521234e+01
1.867062e+02
1.938648e+00
2.608638e-04
3.525235e-03
1.002629e-03
6.560129e+00
2.070020e+04
2.018524e+00
2.239149e-03
6.875608e-02
2.145036e-01
1.935738e-01
1.602264e+06
4.647506e-03
4.469539e+02
4.018764e-01
1.541486e+05
6.379260e+00
1.800763e+00
1.956034e-02
2.054176e-01
5.399298e+01
4.155915e+02
4.404621e+00
6.964807e+00
6.500650e-01
1.019165e+04
1.635970e+01
9.205857e+00
1.297432e+00
1.070532e+02
1.936403e+00
2.443086e-03
1.329968e-03
5.094891e-05
1.986367e+01
1.147889e+04
5.912935e-04
6.574497e+02
1.906866e+00
8.979866e-02
5.406684e-01
9.913342e-02
1.403600e+00
1.709999e+03
4.329603e-01
1.795638e+03
4.830960e-02
2.806817e-02
2.011379e-03
2.729768e+01
5.408534e-01
2.809318e-01
9.834202e+00
1.338611e+01
6.707532e-03
9.475691e+00
1.057554e+00
3.410820e-01
1.525478e+00
4.875714e-04
1.466746e-03
2.235380e-03
1.752979e-05
2.018297e-02
3.685738e-01
6.986010e-05
1.834131e-02
2.500510e+00
1.162823e+02
