1.289152e-01
1.397373e+02
2.138625e+01
3.255354e+01
1.503223e+01
2.335077e+02
1.728882e+00
2.253132e-04
1.847360e-03
9.370356e-04
3.348001e+00
2.769106e+04
7.345059e-01
9.823980e-04
2.279750e-02
3.432454e-02
9.588540e-02
1.275077e+06
1.036595e-02
1.928889e+02
2.668714e-01
3.890726e+04
2.190572e+01
2.609592e-01
3.117224e-02
8.064272e-02
5.701941e+00
3.186084e+02
3.176791e+00
2.173163e+01
2.329294e+00
1.710904e+04
1.611708e+01
6.944251e+00
1.548041e-01
6.897208e+01
1.051168e+00
2.151081e-03
7.481778e-04
5.660945e-05
1.554153e+01
1.058575e+04
2.799202e-04
1.604291e+02
5.077788e-01
2.256882e-02
1.079709e+00
1.471325e-01
5.350803e-01
7.934627e+02
4.189727e-02
1.032940e+03
5.668034e-02
5.430748e-03
9.098565e-04
3.635450e+01
1.734804e-01
2.043492e-01
1.098620e+00
1.822694e+01
1.258339e-02
4.889146e+00
1.488799e+00
3.699877e-01
2.193243e+00
2.187746e-04
3.894936e-04
4.589554e-03
8.901097e-06
2.177629e-02
2.395825e-01
7.969476e-05
5.539772e-03
2.013957e+00
1.660588e+02
