2.216641e-01
6.864973e+02
2.403193e+01
6.162865e+01
3.341124e+01
1.425604e+02
1.767037e+00
2.574879e-04
4.401530e-03
7.567524e-04
1.356966e+01
1.463726e+04
3.777213e+00
8.315967e-04
2.752681e-02
1.094086e-01
1.739282e-01
1.031321e+06
5.259792e-03
2.599706e+02
5.343413e-01
7.559028e+04
1.972710e+01
2.003729e+00
2.113750e-02
8.232355e-02
2.700131e+01
2.959220e+02
5.356395e+00
8.261921e+00
8.955953e-01
1.490098e+04
7.636560e+00
1.042129e+01
1.180703e+00
2.368867e+02
1.553380e+00
5.916908e-03
8.371750e-04
3.223859e-05
1.005767e+01
6.519320e+03
6.327969e-04
3.255225e+02
8.631946e-01
4.207187e-02
2.323186e+00
1.767148e-01
1.467951e+00
1.398246e+03
1.813442e-01
9.239525e+02
4.399174e-02
7.024037e-02
1.028410e-03
2.826072e+01
1.645250e+00
2.461104e-01
6.184746e+00
2.488462e+01
3.281907e-02
1.217312e+01
2.559367e+00
2.483553e-01
1.924844e+00
3.811286e-04
1.570529e-03
2.284658e-03
4.340238e-05
2.371770e-02
7.601420e-01
2.635897e-05
1.901886e-02
1.964608e+00
1.895262e+02
