5.420379e-01
1.126117e+03
1.259543e+01
2.721916e+01
1.885091e+01
1.297075e+02
1.929443e+00
2.977250e-04
4.590297e-03
9.237407e-04
3.674014e+00
1.369094e+04
1.526842e+00
2.090724e-03
3.958720e-02
1.942395e-01
1.760834e-01
1.120067e+06
3.182448e-03
3.753134e+02
4.168198e-01
9.027341e+04
7.865012e+00
1.568753e+00
2.251121e-02
2.070773e-01
6.539654e+01
3.061673e+02
5.620398e+00
7.093069e+00
4.978689e-01
1.206877e+04
1.436229e+01
7.016992e+00
9.017333e-01
1.447339e+02
1.788903e+00
1.695368e-03
1.701658e-03
3.524926e-05
1.740136e+01
1.167732e+04
8.008206e-04
7.068523e+02
1.733243e+00
7.585715e-02
5.262388e-01
1.100444e-01
1.518396e+00
1.878281e+03
6.863636e-01
1.281191e+03
4.231457e-02
3.063668e-02
3.180344e-03
1.799400e+01
3.883361e-01
3.581306e-01
6.547620e+00
1.156130e+01
7.222625e-03
6.671560e+00
1.113353e+00
4.721681e-01
1.632293e+00
3.439313e-04
1.104342e-03
2.431199e-03
1.345883e-05
2.313809e-02
2.951196e-01
5.920744e-05
1.146352e-02
2.540149e+00
1.288175e+02
