2.490290e-01
5.606124e+01
1.131966e+01
4.170877e+01
1.481024e+02
1.690474e+01
1.000000e+00
8.748221e-04
4.050334e-02
3.465516e-04
5.132491e+01
3.418048e+05
2.138877e+00
1.172165e-04
4.814759e-02
4.309662e-02
3.751940e-01
4.021129e+06
3.355658e-02
8.579094e+01
1.196222e-01
1.310729e+05
1.039954e+01
2.832519e+00
2.083410e-02
2.678122e-01
1.923118e+02
1.442834e+02
7.051857e+00
1.636343e+00
1.189736e+00
6.966117e+04
7.586934e+00
3.289621e+00
5.307835e+00
3.044322e+02
2.279682e+00
1.099761e-03
9.962247e-04
1.445614e-04
2.640339e+01
3.171643e+04
3.009473e-03
2.368785e+03
2.107066e-01
7.037924e-03
3.490032e+00
7.404437e-02
1.545690e-01
7.423042e+02
5.325503e-01
8.709703e+02
1.138905e-01
5.047786e-02
2.437561e-03
4.251787e+01
4.103323e+00
3.645780e-02
2.961126e+00
2.400409e+02
1.143872e-02
1.059364e+01
1.155189e+00
2.039720e+00
2.195286e+00
7.487517e-05
7.813227e-04
6.713745e-04
1.162494e-05
7.173494e-02
3.969506e+00
3.337202e-04
4.320784e-03
1.511573e+00
1.152445e+02
