6.550312e-01
7.401679e+02
2.320255e+01
1.386083e+02
1.500879e+01
2.384778e+02
2.535694e+00
2.206411e-04
7.365395e-03
1.016812e-03
6.863889e+00
6.776089e+04
5.833635e+00
3.267590e-04
4.664304e-02
5.918014e-02
1.012403e-01
2.870546e+06
2.141940e-03
1.746608e+02
1.214782e+00
1.028144e+05
1.137349e+01
6.635336e-01
1.021504e-02
1.755669e-01
5.583791e+01
1.549197e+02
5.170171e+00
1.195201e+01
8.946751e-01
7.504019e+03
1.245703e+02
2.554650e+01
9.601612e-01
7.394705e+01
2.836162e+00
6.937587e-03
5.667795e-04
2.425275e-05
1.594637e+01
5.895772e+03
7.460674e-04
3.815106e+02
2.059603e+00
4.719128e-02
4.089087e-01
3.457576e-02
7.558317e-01
8.376462e+03
2.072559e-01
1.770446e+03
5.909263e-02
9.182823e-02
1.779697e-03
3.464983e+01
6.226221e-01
3.660231e-01
1.437711e+01
9.124640e+01
2.403479e-02
2.644002e+00
9.453228e+00
7.671081e-01
2.051387e+00
2.686509e-04
7.858547e-04
3.312991e-04
3.076092e-05
1.704099e-02
9.372720e-02
2.907672e-05
5.467933e-03
2.355780e+00
1.389823e+02
