3.702453e-01
6.391764e+02
6.217323e+01
1.486039e+02
3.938645e+01
4.048396e+02
2.622081e+00
1.810689e-04
1.441357e-03
4.448022e-03
2.887290e+01
6.112591e+03
3.133424e+00
2.455859e-04
8.085482e-02
5.536089e-02
9.060769e-02
6.390082e+05
5.437602e-03
5.611402e+01
1.798769e-01
3.197705e+04
1.326622e+00
1.396498e-01
1.797279e-02
6.414938e-02
2.805241e+01
3.852917e+03
3.652011e+00
6.137832e+00
1.925136e-01
6.989372e+03
1.150977e+02
1.890968e+01
3.335787e-01
1.695136e+02
3.192117e+00
2.183533e-03
1.290777e-03
1.853424e-05
6.970017e+01
4.940996e+03
4.419971e-03
1.077109e+03
2.225628e-01
3.064364e-02
1.554952e-01
2.159469e-02
2.759052e-01
7.281213e+03
1.959304e-01
4.208749e+03
6.678264e-01
1.567021e-01
6.092346e-04
3.485899e+01
3.522647e-01
1.819980e+00
2.010948e+01
1.203248e+02
1.207642e-02
6.228878e+00
6.375010e+00
2.350872e+00
1.342578e+00
1.992188e-03
4.977821e-04
6.172434e-04
1.053257e-04
5.796698e-03
1.250150e-01
8.004701e-05
8.165522e-03
3.087202e+00
2.034724e+02
