4.537331e-01
6.169482e+02
4.803493e+01
2.102018e+02
5.899249e+01
5.657123e+02
3.197477e+00
1.688505e-04
1.075090e-03
3.987681e-03
4.495691e+01
5.674047e+03
5.307301e+00
3.271103e-04
1.080237e-01
5.881246e-02
1.634560e-01
8.462714e+05
6.675729e-03
4.762794e+01
1.463968e-01
4.258239e+04
1.541019e+00
1.256774e-01
2.565869e-02
8.759247e-02
2.878123e+01
3.094993e+03
2.835033e+00
6.555188e+00
1.021470e-01
5.864680e+03
6.830596e+01
1.478050e+01
5.421812e-01
3.101812e+02
3.312684e+00
2.235060e-03
1.167292e-03
1.372170e-05
6.838310e+01
6.087242e+03
2.801408e-03
2.600400e+03
3.254196e-01
2.409366e-02
1.193855e-01
2.110422e-02
2.550902e-01
8.178450e+03
1.564140e-01
5.433350e+03
7.120205e-01
2.504460e-01
7.325641e-04
4.301495e+01
2.926673e-01
1.925830e+00
2.122533e+01
1.184639e+02
1.615638e-02
7.745032e+00
9.525436e+00
3.330672e+00
1.360282e+00
2.196999e-03
6.608783e-04
6.019538e-04
1.513247e-04
4.051401e-03
2.392455e-01
6.701449e-05
9.345440e-03
3.732260e+00
1.933770e+02
