2.011967e-01
5.025375e+02
3.382620e+01
4.838740e+01
7.288601e+00
3.645375e+02
1.485265e+00
1.458377e-04
1.233796e-03
2.672513e-03
1.045569e+01
5.683968e+03
1.959872e+00
4.180497e-04
1.907732e-02
4.192938e-02
1.429673e-01
3.792649e+05
3.373255e-03
2.084982e+02
3.576555e-01
3.898753e+04
7.175308e+00
6.289488e-01
2.857363e-02
1.104472e-01
2.712348e+01
1.338211e+03
4.064164e+00
2.523896e+00
3.475888e-01
1.273334e+04
1.971246e+01
2.681835e+01
5.362175e-01
4.068657e+01
1.230615e+00
2.022297e-03
6.062095e-04
3.424844e-04
4.009705e+00
2.046446e+03
8.423798e-04
7.021877e+02
4.568120e+00
2.288562e-02
5.381330e-01
8.910453e-02
1.084900e+00
1.172966e+03
3.378780e-02
4.320326e+02
7.314198e-02
9.301743e-02
1.168485e-03
1.534791e+01
4.300867e-01
1.339009e-01
1.008683e+00
1.267983e+01
1.603515e-02
1.980362e+00
1.427393e+00
2.843990e-01
1.485585e+00
3.577589e-04
4.091161e-04
2.497750e-03
3.404832e-05
8.883798e-03
3.254721e-01
8.523216e-05
1.160070e-02
3.323301e+00
1.829001e+02
