1.990894e-01
6.871184e+02
1.127620e+01
3.602388e+01
2.925116e+01
8.199500e+01
3.722829e+00
6.235275e-05
4.703448e-03
4.368061e-03
4.040832e+00
1.379621e+04
4.787712e+00
2.253292e-03
1.838036e-02
1.066962e-02
3.026469e-01
3.377956e+06
1.610455e-03
3.378559e+02
1.546109e+00
5.213254e+04
3.031029e+01
1.055688e-01
1.226078e-01
7.443894e-01
9.108263e+01
9.930793e+02
2.158708e+00
2.917761e+00
4.771896e-01
7.129838e+04
8.109826e+01
5.136113e+00
7.974135e-01
9.200441e+01
1.424535e+00
8.394358e-03
5.802161e-04
2.996355e-04
5.634503e+00
3.284693e+03
4.740582e-03
2.539997e+02
1.108453e+00
4.027679e-02
9.344248e-01
4.546676e-01
1.332808e+00
1.385987e+03
2.687895e-01
1.717229e+03
9.539995e-02
3.447761e-01
1.066053e-02
1.431004e+02
4.655273e-01
3.781940e-01
7.633289e-01
9.734551e+01
3.048764e-03
5.172608e+01
5.284487e+00
4.205924e-01
1.453063e+00
6.229904e-04
8.800604e-03
3.407244e-04
5.827112e-06
8.070266e-02
3.432667e-01
6.263640e-05
8.624193e-03
1.241601e+00
1.659064e+02
