6.942970e-02
2.441274e+02
1.869140e+01
3.970661e+01
2.836478e+01
1.792926e+02
1.532441e+00
9.661278e-05
2.279333e-02
3.747584e-03
4.740123e+00
3.273227e+04
2.995755e+00
2.084296e-03
3.576595e-02
2.936317e-02
7.883265e-02
5.516265e+05
2.720317e-03
6.906307e+02
9.857657e-01
4.164538e+04
1.352503e+01
1.507044e+00
1.170812e-02
1.283532e-01
2.330303e+01
2.313337e+02
9.786963e+00
3.732917e+00
4.594109e-01
4.141896e+04
2.630994e+01
6.399550e+00
1.400813e+00
3.763527e+02
1.666171e+00
3.090706e-03
7.346034e-04
6.454512e-05
2.336444e+00
8.163297e+03
5.731477e-04
6.083913e+02
1.982892e+00
8.132077e-02
2.409198e-01
1.715806e-01
9.170030e-01
2.701967e+03
9.394919e-02
1.546439e+03
8.754772e-02
4.243149e-02
1.297524e-03
6.791520e+00
8.080690e-01
2.189787e-01
1.455742e+01
3.569739e+01
1.832270e-02
5.935030e+00
5.722085e-01
6.005599e-01
1.558222e+00
1.092829e-04
6.560031e-04
1.806703e-03
3.857444e-05
2.228965e-02
2.881645e-01
8.615040e-06
5.521262e-03
1.308973e+00
3.200586e+02
