2.297716e-01
3.070415e+03
8.055013e+00
3.033189e+01
6.807773e+01
2.240310e+01
2.924734e+00
5.351314e-04
3.987272e-03
3.948334e-03
7.027427e-01
3.900351e+03
1.865138e+00
1.317490e-03
2.426976e-03
1.161200e-01
2.914372e-01
1.973819e+06
7.218736e-03
5.341631e+02
2.923444e+00
1.386919e+05
1.306788e+01
4.608772e-01
8.531972e-03
2.693494e-02
6.516180e+00
1.811292e+02
5.929357e+00
2.502938e+01
3.267577e+00
8.496581e+04
6.351683e+00
4.063761e+01
1.877605e+00
2.554704e+02
1.000000e+00
6.895603e-03
1.074169e-03
7.650000e-06
3.572769e+00
3.141117e+04
1.007967e-03
4.290382e+02
8.027000e+00
1.305382e-01
6.368797e-02
3.011433e-02
4.667317e+00
2.706167e+03
6.484579e-02
1.534143e+02
3.010928e-02
5.748519e-03
3.512027e-04
2.430660e+00
2.386260e+00
1.045561e+00
6.165651e+00
6.443536e+01
9.046242e-03
8.061089e+01
1.135788e-01
2.742542e+00
1.432287e+00
9.995964e-05
2.029939e-04
1.516131e-03
7.048215e-05
9.126521e-03
8.762647e-01
6.500703e-06
8.183501e-02
1.656504e+00
3.792546e+02
