1.613621e-01
1.054523e+02
1.370075e+01
3.654874e+01
3.153089e+01
4.988794e+02
1.480455e+00
8.998544e-05
3.120075e-03
1.573822e-03
8.071321e+00
2.031380e+04
1.745582e+00
4.382021e-04
2.956734e-02
6.400832e-02
1.134448e-01
6.191080e+05
4.344622e-03
1.190494e+02
8.309971e-01
1.067356e+05
9.142346e+00
5.770945e-01
4.608040e-02
9.442745e-02
3.567231e+01
7.334174e+02
7.936767e+00
1.032018e+01
1.374102e-01
1.449055e+04
1.747406e+01
2.383104e+01
4.527396e-01
8.393738e+01
1.523029e+00
8.391359e-04
3.883618e-03
8.266873e-05
1.335292e+01
5.443642e+03
9.327744e-04
9.364182e+02
1.906731e+00
2.551093e-02
7.821900e-02
3.616294e-02
1.759378e+00
1.652488e+03
6.604593e-01
1.271964e+03
1.862574e-01
7.958205e-02
7.434304e-04
1.058445e+01
2.011993e+00
7.103978e-02
8.267312e-01
1.782186e+01
6.672145e-03
7.576274e+00
1.616627e+00
1.560853e+00
2.074091e+00
2.063930e-04
8.150435e-04
1.363868e-03
1.776842e-05
4.288417e-02
2.701031e-01
1.433305e-05
2.110768e-02
2.529727e+00
1.410227e+02
