2.614465e-01
6.845090e+02
4.386324e+01
5.077565e+01
1.703191e+01
1.649620e+02
1.946830e+00
8.020763e-05
2.144107e-03
7.561788e-03
4.059492e+00
2.021535e+04
9.978347e-01
4.061784e-04
1.364963e-02
1.444666e-01
4.280491e-01
4.637421e+05
3.933371e-03
6.044255e+01
3.158640e-01
1.876434e+05
3.361101e+00
4.849566e-01
3.952920e-02
5.231243e-02
3.169146e+01
3.744262e+02
4.400703e+00
2.456315e+01
3.112328e-01
8.338571e+03
1.567710e+01
6.964847e+00
5.010042e-01
8.832420e+01
1.235446e+00
3.931569e-03
8.660777e-04
1.915957e-05
1.187345e+01
6.014462e+03
6.556333e-04
8.855570e+02
2.418170e+00
2.925339e-02
6.534579e-01
7.427669e-02
2.478906e-01
1.320470e+03
8.876021e-02
8.845940e+02
3.480755e-02
9.784213e-02
9.511367e-04
2.307164e+01
3.267711e-01
1.953953e-01
1.333020e+00
3.199087e+01
2.418665e-02
3.712247e+00
6.068120e-01
1.510201e-01
1.591547e+00
1.378790e-04
1.351464e-03
2.813504e-03
1.058676e-05
3.690721e-02
3.489246e-01
2.940867e-05
1.238478e-02
2.269739e+00
1.866264e+02
