4.527933e-01
9.799543e+02
1.826611e+01
1.599284e+01
3.704297e+01
1.781010e+02
1.782171e+00
4.265459e-05
5.608729e-03
2.252802e-03
2.671806e+00
1.856489e+04
4.583370e+00
6.705855e-04
2.139440e-02
3.144184e-02
6.255840e-02
3.863189e+05
6.806300e-04
6.862790e+01
2.769711e-01
2.621082e+04
2.069081e+01
8.763007e-01
1.031777e-01
5.509669e-02
9.744980e+00
7.632847e+02
4.230976e+00
4.044412e+01
2.494267e-01
2.788545e+04
2.059221e+01
4.084191e+01
7.558550e-01
1.631561e+02
1.569231e+00
3.229698e-03
9.116583e-04
9.501625e-05
1.246566e+00
1.461594e+04
7.730471e-04
1.044880e+02
1.782985e+00
7.439711e-02
1.593969e-01
3.447890e-02
7.084556e-01
9.065389e+02
9.468345e-02
7.382739e+02
9.608177e-02
3.554246e-02
8.936210e-04
7.414343e+00
1.136718e+00
3.781613e-01
4.187084e+00
5.013938e+01
1.952150e-02
7.580257e+00
1.636859e+00
7.673672e-01
1.854897e+00
3.731620e-04
3.704300e-03
6.224686e-03
1.367465e-05
1.916525e-02
1.802316e+00
8.577048e-05
2.271144e-02
2.262628e+00
1.849610e+02
