1.031670e-01
4.548842e+02
1.699218e+01
2.426124e+01
2.918143e+01
1.554070e+02
1.666217e+00
2.541849e-04
1.326897e-02
5.561252e-04
2.151952e+00
8.773703e+03
2.488994e+00
4.813788e-04
1.590637e-02
2.221469e-02
8.566648e-02
4.724786e+05
2.548037e-03
1.624804e+02
1.018860e-01
3.282003e+04
4.739495e+00
9.003543e-01
2.500633e-02
6.546159e-02
1.190402e+01
2.237645e+02
2.686265e+00
4.866477e+00
9.382532e-02
9.400037e+03
2.509210e+01
5.252575e+00
2.236516e-01
2.526717e+01
1.168166e+00
3.296159e-03
6.966351e-04
9.226704e-05
4.085325e+00
5.062770e+03
3.986448e-04
6.706759e+01
2.595891e+00
5.798782e-02
1.941915e-01
1.243320e-01
2.423345e+00
1.566275e+03
1.283551e-02
2.370169e+02
5.258681e-02
3.388446e-02
3.406980e-04
4.560091e+00
3.942228e-01
2.659167e-01
6.094917e-01
4.619396e+00
8.526486e-03
1.418994e+00
1.311159e-01
7.380579e-01
1.429868e+00
1.130109e-04
1.872800e-04
2.206020e-03
3.230881e-05
9.161307e-03
6.650736e-02
4.410669e-05
6.516808e-03
1.696306e+00
3.025545e+02
