2.016316e-01
5.162769e+02
4.275385e+01
5.853606e+01
7.741305e+00
2.763073e+02
1.374914e+00
2.321008e-04
1.401813e-03
1.586866e-03
1.589420e+01
6.861668e+03
2.479434e+00
5.592328e-04
1.777893e-02
3.615592e-02
1.107813e-01
2.903558e+05
1.942513e-03
3.709699e+02
4.231158e-01
2.604050e+04
1.074643e+01
6.584913e-01
2.212889e-02
1.285394e-01
4.254289e+01
1.007302e+03
5.371731e+00
2.198320e+00
3.498491e-01
1.246341e+04
1.443641e+01
2.238891e+01
6.325547e-01
5.765262e+01
1.297369e+00
1.909152e-03
7.384971e-04
3.552164e-04
3.265354e+00
2.990027e+03
1.511685e-03
4.058607e+02
5.732844e+00
2.239722e-02
4.123590e-01
1.144631e-01
1.423505e+00
1.772528e+03
2.849488e-02
4.026270e+02
1.188149e-01
7.341442e-02
5.832348e-04
1.348620e+01
3.445476e-01
1.247740e-01
1.115042e+00
1.950868e+01
1.600913e-02
1.511200e+00
1.599881e+00
5.150754e-01
1.680288e+00
4.132182e-04
3.477222e-04
4.020505e-03
4.461876e-05
9.233826e-03
2.926664e-01
9.051545e-05
9.859814e-03
3.913731e+00
2.237734e+02
