1.211552e-01
1.053762e+02
3.064736e+01
2.241883e+01
1.331549e+01
3.465197e+01
1.978827e+00
1.381429e-04
1.476430e-02
4.835497e-03
3.543682e+00
1.387063e+04
2.794422e+00
8.222053e-03
1.342643e-01
2.113031e-02
3.706251e-02
4.854749e+05
3.432691e-03
2.872016e+02
4.253999e-01
5.053401e+04
8.114573e+00
1.760761e+00
2.054268e-02
8.398571e-02
1.791058e+01
2.580436e+03
5.051287e+00
2.248975e+00
2.165423e-01
7.263573e+03
2.930999e+01
1.065058e+01
3.234271e-01
5.243941e+01
1.512555e+00
1.546322e-03
9.879021e-04
1.515470e-04
1.191231e+00
1.600475e+04
1.329744e-04
6.207046e+02
1.401950e+00
4.331242e-02
3.054603e-01
9.384220e-02
4.816437e+00
1.122572e+03
3.079262e-02
5.138883e+02
1.282645e-01
4.321678e-02
3.642219e-04
9.817285e+00
4.160148e-01
3.577284e-01
1.058021e+01
1.848945e+01
1.743669e-02
8.489030e+00
1.317847e+00
1.831374e+00
2.165009e+00
1.077213e-03
8.107483e-04
1.419975e-03
2.115882e-04
8.053622e-03
1.627905e-01
3.060183e-04
1.886493e-02
1.770394e+00
1.946092e+02
