2.107240e-01
4.095819e+02
2.901480e+01
2.970196e+01
4.419176e+01
7.470016e+01
2.199202e+00
1.458034e-04
1.322801e-02
1.262880e-03
3.543003e+00
2.988529e+04
1.816029e+00
1.658269e-03
1.600622e-02
5.301503e-02
6.716101e-02
3.322031e+06
2.878619e-03
1.370875e+02
4.004262e-01
3.003598e+04
1.278755e+01
1.929453e+00
3.954105e-02
1.302942e-01
1.864315e+01
4.945700e+02
9.311646e+00
1.157642e+01
5.850119e-01
8.631560e+03
2.403273e+01
9.919822e+00
3.754208e-01
1.069977e+02
1.542406e+00
1.668594e-03
1.120757e-03
8.293955e-05
1.854135e+00
1.602505e+04
1.242645e-04
5.617952e+02
2.063184e+00
6.118414e-02
3.305940e-01
2.849884e-01
5.713565e-01
8.595483e+02
8.701697e-02
6.292038e+02
5.721599e-02
6.699326e-02
1.525583e-03
2.095796e+01
5.120852e-01
1.022387e-01
1.670439e+00
1.357686e+01
1.070439e-02
3.431754e+00
1.086809e+00
5.774164e-01
1.821829e+00
2.477197e-04
6.818023e-04
2.903797e-03
2.238198e-05
1.104362e-02
2.544678e-01
4.563007e-05
1.059115e-02
2.217330e+00
2.210012e+02
