1.442510e-01
2.193249e+02
1.810663e+01
1.112826e+01
3.704433e+01
1.160543e+02
1.614837e+00
2.744731e-04
1.498344e-02
5.957628e-04
1.387216e+00
1.347769e+04
4.188025e+00
1.148119e-03
2.512048e-02
1.464263e-02
5.729378e-02
5.427309e+05
1.413889e-03
4.201182e+02
2.122742e-01
4.602552e+04
8.303119e+00
1.035701e+00
1.532543e-02
1.005072e-01
1.954005e+01
1.232449e+02
2.746395e+00
9.903757e+00
1.224400e-01
1.234055e+04
1.288385e+01
7.006689e+00
2.550731e-01
5.033787e+01
1.418892e+00
3.697697e-03
6.179166e-04
9.338276e-05
3.539544e+00
6.366853e+03
5.498527e-04
1.158872e+02
2.259321e+00
8.597004e-02
1.613917e-01
1.572726e-01
2.902000e+00
2.265863e+03
1.709982e-02
4.082676e+02
4.677878e-02
2.476560e-02
1.749344e-04
5.715046e+00
6.273428e-01
2.334490e-01
5.125568e-01
6.836944e+00
5.171712e-03
2.315029e+00
1.239944e-01
1.028428e+00
1.323921e+00
1.157020e-04
4.559749e-04
1.867405e-03
4.676373e-05
1.837587e-02
1.116490e-01
5.644195e-05
4.534506e-03
1.676311e+00
2.098832e+02
