6.088728e-01
9.328709e+01
5.016882e+01
4.249517e+01
9.969001e+01
2.782995e+01
2.922655e+00
4.981813e-04
2.807541e-02
2.687090e-04
6.618984e-01
8.014435e+04
1.648749e+01
1.853195e-03
2.320885e-01
1.024841e-02
1.498698e-01
1.860046e+05
3.363017e-03
7.287834e+02
4.278783e+00
5.066715e+04
3.645802e+01
8.368593e-01
1.037698e-01
1.597195e-01
1.430824e+01
4.822015e+01
5.910581e+01
1.446466e+01
8.122050e-01
8.715336e+03
1.781239e+00
6.490427e+01
7.057478e-01
6.529492e+02
2.238314e+00
2.344804e-03
5.538853e-03
4.662286e-04
2.498518e+00
6.159963e+04
1.436225e-03
5.692212e+02
3.235204e+00
1.941447e-01
3.678696e-01
2.569034e-02
1.119644e+00
1.207499e+04
8.255427e-03
1.563495e+02
4.283758e-02
4.618798e-02
5.863503e-04
3.614694e+00
1.923141e+00
1.207278e+00
1.402930e+01
4.060905e+00
1.368396e-01
2.748863e+00
9.896022e+00
1.816638e+00
2.685028e+00
3.931919e-05
3.019179e-04
1.855163e-02
3.312698e-04
3.451575e-03
3.652495e-01
3.565718e-05
2.817755e-02
2.320445e+00
1.029328e+02
