6.306673e-01
8.479769e+02
9.127252e+00
8.901591e+00
3.076316e+01
6.823465e+01
3.090132e+00
1.365970e-04
5.879807e-03
5.279210e-03
5.390270e+01
7.976704e+04
4.379228e-01
9.944558e-04
3.799974e-03
5.191634e-02
6.779475e-02
3.761623e+06
1.101161e-02
1.821422e+03
3.213948e-01
8.500184e+03
8.408218e+01
2.427746e+00
2.554443e-01
7.954771e-01
2.219429e+01
1.623827e+03
3.583522e+01
3.507025e+01
1.037129e+00
1.563716e+05
1.045588e+01
1.170674e+02
7.676604e-02
2.981938e+01
2.432485e+00
2.557934e-03
7.303676e-04
1.408506e-04
3.674273e+00
1.345438e+03
9.620695e-05
1.645587e+03
2.323051e+00
1.050938e-02
1.548688e+00
5.618328e-01
5.649257e+00
1.172656e+04
4.986954e-01
1.229969e+03
6.282511e-01
9.095766e-03
6.577080e-04
2.928035e+00
1.843436e+00
1.789320e-01
1.023944e+01
1.354431e+02
2.920726e-02
5.661599e+01
1.976927e-01
1.505166e-01
3.556741e+00
6.415052e-04
2.940593e-03
1.054215e-03
8.187152e-05
1.365263e-02
7.068296e-01
3.215065e-04
2.947256e-02
1.340750e+00
8.084841e+01
