2.145359e-01
4.371364e+02
3.881985e+01
5.067524e+01
7.563175e+00
3.302537e+02
1.367976e+00
1.878781e-04
1.265630e-03
1.869693e-03
1.547131e+01
6.493822e+03
1.616695e+00
4.808919e-04
1.621785e-02
4.150858e-02
1.228789e-01
2.907181e+05
2.171423e-03
3.137892e+02
3.704128e-01
2.849029e+04
9.663185e+00
5.607479e-01
2.288720e-02
1.124574e-01
3.579609e+01
1.057656e+03
4.256013e+00
2.652123e+00
3.898822e-01
1.445443e+04
1.599527e+01
2.073411e+01
6.739910e-01
3.596799e+01
1.318302e+00
1.767393e-03
6.380937e-04
2.773674e-04
3.504162e+00
2.531353e+03
1.049545e-03
4.901889e+02
4.297428e+00
1.952429e-02
5.141210e-01
8.308151e-02
1.329144e+00
1.731248e+03
2.711233e-02
4.471726e+02
1.076988e-01
8.046292e-02
9.593753e-04
1.240427e+01
3.252608e-01
1.246204e-01
9.631687e-01
1.637558e+01
1.599344e-02
1.530349e+00
1.214143e+00
4.286184e-01
1.576590e+00
3.811669e-04
3.818158e-04
3.137719e-03
3.669054e-05
8.966900e-03
2.888703e-01
1.064508e-04
9.551248e-03
3.509620e+00
1.879179e+02
