4.455382e-01
4.539115e+02
3.404626e+01
5.234011e+01
3.550223e+01
2.846549e+02
2.227648e+00
5.934983e-05
1.845575e-03
1.912093e-03
5.282188e+00
1.450644e+04
1.262397e+00
4.784605e-04
1.839326e-02
1.885966e-01
1.761810e-01
1.028887e+06
3.124236e-03
2.273670e+02
2.737051e-01
3.859205e+04
5.144540e+00
8.509509e-01
3.324943e-02
1.257619e-01
2.246645e+01
3.611170e+02
8.047347e+00
1.089507e+01
2.042046e-01
1.028735e+04
1.305326e+01
2.468416e+01
5.590351e-01
2.863263e+02
1.423678e+00
1.944408e-03
1.102119e-03
5.100365e-05
4.780700e+00
3.278138e+03
1.338161e-04
2.742423e+02
3.163559e+00
4.136779e-02
3.435441e-01
3.767572e-02
8.198864e-01
6.117965e+03
7.681042e-02
2.572540e+02
1.146010e-01
6.290656e-02
8.820271e-04
1.108782e+01
5.194448e-01
8.979144e-02
6.811023e-01
3.573041e+01
4.871650e-02
7.293664e+00
6.465947e-01
7.555942e-01
1.905482e+00
3.318489e-04
2.206543e-04
2.643539e-03
2.442420e-05
1.028376e-02
1.865200e-01
4.526137e-05
1.465654e-02
2.524847e+00
1.322552e+02
