4.836179e-02
7.368600e+01
1.732356e+01
8.450069e+01
1.601746e+01
7.122289e+02
1.000000e+00
1.979100e-05
3.674062e-03
3.429735e-03
5.636949e-01
2.023797e+05
2.932813e+01
4.864939e-03
2.426976e-01
1.061770e-02
1.262103e-01
5.199163e+05
2.029449e-03
3.924515e+02
5.503461e+00
1.901698e+05
6.367089e+01
1.898155e+00
1.024348e-02
1.055355e+00
3.347489e+00
1.575306e+03
6.705352e+00
6.339253e+00
2.065027e+00
3.913572e+03
4.817707e+01
8.397555e+01
4.153903e+00
2.191971e+01
2.475030e+00
3.275511e-03
2.241062e-03
1.312975e-04
1.384757e+01
1.094617e+04
8.049682e-05
1.186130e+03
1.385870e+00
3.296774e-01
3.765298e-01
9.441601e-02
1.308927e-01
2.175960e+03
1.897926e-01
1.051642e+03
2.431375e-02
8.341794e-02
2.861282e-03
3.520807e+01
5.231285e+00
2.130911e+00
9.136444e-01
3.045148e+00
3.366090e-02
7.449440e+01
5.790396e-01
1.045617e+00
1.388561e+00
1.696736e-03
6.529875e-03
1.118917e-03
1.103508e-05
1.429363e-02
1.253019e+00
5.314452e-05
1.677696e-03
1.109179e+00
2.665510e+02
