6.588179e-02
2.842276e+02
2.226691e+01
4.208501e+01
3.044436e+01
2.565894e+02
1.515177e+00
8.075512e-05
1.933865e-02
3.820978e-03
6.925611e+00
2.908717e+04
2.365350e+00
3.477891e-03
2.629031e-02
3.491242e-02
7.397839e-02
5.879688e+05
2.913632e-03
7.243018e+02
7.672682e-01
4.656905e+04
7.590845e+00
1.348652e+00
1.300797e-02
1.083698e-01
2.306979e+01
4.284613e+02
1.130092e+01
4.706502e+00
3.748633e-01
3.172412e+04
4.576247e+01
5.858534e+00
1.317440e+00
3.657746e+02
1.597339e+00
2.763630e-03
1.000515e-03
1.014800e-04
1.500581e+00
1.068455e+04
8.429723e-04
5.661906e+02
1.895656e+00
6.938362e-02
3.790696e-01
1.064622e-01
1.809886e+00
2.901891e+03
7.651165e-02
3.179985e+03
6.080691e-02
9.207536e-02
1.604239e-03
8.979113e+00
1.030424e+00
2.098539e-01
1.446964e+01
2.653796e+01
1.615392e-02
1.043028e+01
6.134946e-01
6.757583e-01
1.488009e+00
1.116394e-04
4.587865e-04
2.516499e-03
3.958312e-05
3.957461e-02
1.538084e-01
1.084230e-05
7.215648e-03
1.096988e+00
4.308297e+02
