1.768891e-01
2.549104e+02
2.530862e+01
2.763898e+01
1.914694e+01
1.281434e+02
1.352531e+00
1.499737e-04
4.052861e-03
1.542656e-03
1.477242e+01
7.414623e+03
3.030957e+00
1.650000e-03
6.344851e-02
5.968230e-02
1.169057e-01
3.631842e+05
3.669496e-03
1.805922e+02
8.286456e-01
6.900561e+04
2.846505e+01
1.811966e+00
4.214841e-02
1.807371e-01
1.943845e+01
3.904767e+02
4.767333e+00
1.067197e+01
4.617433e-01
1.190321e+04
5.903638e+00
1.072368e+01
6.060781e-01
1.571106e+02
1.406783e+00
3.109952e-03
9.498073e-04
9.239479e-05
9.967279e-01
3.910044e+03
9.226787e-04
7.017889e+02
7.640488e-01
3.816879e-02
3.091586e-01
5.486923e-02
7.832581e-01
8.676678e+02
4.303873e-02
1.234140e+03
1.234234e-01
3.300744e-02
2.913533e-04
1.661214e+01
1.072760e+00
1.241817e-01
2.381232e+00
6.824039e+01
1.524460e-02
7.388679e+00
1.402659e+00
9.313242e-01
1.587948e+00
1.228291e-04
9.516912e-04
1.467123e-03
4.066951e-05
1.155326e-02
7.227628e-01
3.095826e-05
2.558730e-02
1.935323e+00
1.728479e+02
