2.187440e-01
3.058671e+02
1.846434e+01
2.474774e+01
1.836718e+01
3.204372e+02
1.765349e+00
7.096889e-05
7.368901e-03
1.241463e-03
7.667508e+00
1.177106e+05
2.857788e+00
2.598723e-03
8.240596e-02
8.484773e-02
2.260502e-01
7.674459e+05
8.250286e-03
1.011349e+03
2.788791e-01
2.896929e+04
7.281371e+00
6.597216e-01
2.036922e-02
1.022545e-01
2.389853e+01
4.556313e+02
4.266757e+00
1.554975e+01
2.523623e-01
4.247132e+04
1.579707e+01
8.114795e+00
1.717054e+00
5.698468e+01
2.347134e+00
4.883735e-03
6.524983e-04
6.225649e-05
6.373111e+00
1.125309e+04
2.200158e-04
3.410372e+02
1.229415e+00
1.625860e-01
6.770716e-01
8.548670e-02
7.434610e-01
1.998590e+03
3.106194e-02
4.580621e+03
5.745731e-02
7.346228e-02
5.828240e-04
1.438391e+01
3.953925e-01
1.412675e-01
3.299118e+00
1.438941e+01
6.835387e-02
3.165080e+00
7.402684e-01
2.513975e-01
1.978199e+00
1.124663e-04
8.139596e-04
2.139155e-03
7.249373e-06
1.048838e-02
1.543015e-01
5.394475e-05
1.564550e-02
1.660478e+00
1.506699e+02
