3.651558e-01
5.286411e+02
1.479742e+01
3.012811e+01
3.063663e+00
2.221247e+02
1.950498e+00
2.505035e-05
1.403984e-02
1.245747e-02
1.336716e+01
8.257566e+04
5.950707e-01
4.938332e-04
2.915028e-02
7.046790e-03
6.604794e-02
7.355987e+06
8.124321e-03
1.331669e+02
1.321169e+00
2.536697e+05
3.075996e+00
1.949081e-01
2.592507e-01
1.264829e-01
2.247221e+01
4.327335e+03
3.802492e+00
2.475694e+00
3.504471e-01
6.054605e+04
3.928985e+01
1.418258e+01
5.393357e-01
1.071489e+02
1.086742e+00
7.957114e-04
3.165511e-03
7.650000e-04
3.120852e+01
1.879476e+04
1.599070e-04
1.133094e+02
5.596442e-01
3.302667e-01
8.861121e-01
7.999836e-01
5.637551e-01
1.194766e+04
1.124752e-01
1.108287e+04
2.815992e-02
1.184627e-02
4.118300e-04
2.361381e+00
4.442145e+00
2.721724e-01
6.368812e-01
6.191098e+01
4.493423e-03
7.535023e+00
1.509982e+00
1.803302e+00
1.661286e+00
6.943263e-05
9.325192e-04
1.478807e-03
6.672388e-05
3.097861e-02
4.262231e-01
1.968390e-04
4.920002e-03
3.157813e+00
1.024509e+02
