1.765254e+00
4.672346e+02
1.489317e+01
2.422251e+02
7.706373e+01
3.512399e+02
3.817992e+00
4.328075e-05
3.691780e-02
5.171731e-03
8.267619e-01
2.196597e+05
2.992347e+01
2.914366e-03
2.049874e-01
1.832373e-01
1.576787e+00
2.774959e+05
8.094371e-04
3.809742e+02
4.163644e-01
2.155001e+05
5.584098e+01
4.933928e-01
6.483685e-02
1.486981e-01
1.568348e+02
1.623306e+02
4.981092e+00
9.206339e+01
5.972832e-01
1.186516e+05
2.169580e+01
6.370172e+01
7.948779e-02
4.949576e+01
1.222770e+00
7.617262e-04
4.143893e-03
7.650000e-04
8.704813e+00
1.422416e+04
5.973150e-05
1.749843e+03
5.203228e-01
7.037924e-01
5.110846e+00
4.253766e-01
1.783672e-01
3.128330e+04
4.317473e-02
1.157116e+04
4.728210e-02
1.425112e-01
9.672236e-03
1.580784e+02
9.715864e-01
2.538667e-01
3.148715e+00
9.728986e+01
3.074271e-02
9.544308e-01
1.415317e+00
2.303637e-01
2.888827e+00
2.297755e-03
7.545769e-03
8.202994e-04
2.062432e-04
2.517662e-03
1.364792e+00
2.228505e-04
1.253007e-02
4.000000e+00
3.367834e+01
