9.088123e-02
5.363150e+02
2.590713e+01
6.091033e+01
8.736658e+01
7.587981e+01
2.307699e+00
1.630763e-04
2.134216e-02
8.340348e-04
1.328221e+00
3.136274e+04
2.692288e+00
2.593629e-04
1.756514e-02
2.581254e-02
3.949785e-02
6.772040e+05
1.491443e-03
6.910916e+02
1.360610e-01
3.929806e+04
1.410571e+01
8.814351e-01
1.566115e-02
9.115080e-02
1.400924e+01
1.855712e+02
5.452204e+00
1.662550e+01
1.459385e-01
5.166295e+04
3.153964e+00
1.620705e+01
5.153078e-01
1.568493e+02
1.815752e+00
9.202105e-04
2.064866e-03
4.637599e-05
9.952573e+00
4.173508e+03
4.902548e-04
5.880859e+01
1.325118e+00
2.777797e-02
1.943353e-01
1.874766e-01
3.545598e-01
3.739759e+03
1.461672e-01
6.717643e+02
5.460335e-02
4.622066e-02
1.615892e-03
1.378960e+01
5.407303e-01
2.406683e-01
1.425952e+00
9.517327e+00
1.549706e-01
3.143341e+01
1.723965e+00
3.943308e-01
1.611541e+00
3.700543e-04
1.156045e-03
2.809049e-03
6.953569e-06
7.797769e-03
1.165779e+00
5.617258e-05
2.013514e-02
1.781208e+00
3.882176e+02
