1.724348e-01
8.509308e+02
1.574465e+01
4.578433e+00
1.912832e+01
1.528052e+02
2.029814e+00
2.872417e-05
6.564170e-03
6.561896e-03
2.768318e+01
7.627087e+03
3.629859e+00
2.175258e-04
5.433523e-03
1.108125e-02
2.264652e-01
8.550634e+05
3.469635e-03
5.669592e+02
8.097676e-01
1.348716e+04
2.584846e+01
7.950587e-01
3.250126e-02
2.545406e-02
5.289294e+00
8.189001e+02
1.682407e+01
2.859658e+00
1.436112e-01
9.231609e+03
1.443721e+00
6.222787e+00
3.087588e-01
4.121984e+02
1.407409e+00
1.679924e-02
9.583324e-04
3.536264e-05
2.251939e+00
4.072394e+03
8.616044e-04
4.384668e+02
1.289213e+00
8.332359e-02
3.163937e-01
2.230008e-01
6.696486e+00
1.063051e+03
1.946110e-02
1.908676e+03
5.301747e-02
1.156960e-01
8.633309e-04
2.976604e+00
4.788777e-01
4.349030e-01
1.481085e+00
2.988205e+01
5.102505e-02
6.792688e+01
8.222898e-01
1.997645e+00
1.482654e+00
8.206952e-05
7.931772e-04
6.403309e-03
1.848634e-05
1.170864e-02
3.666465e-01
7.863853e-05
2.500917e-02
2.829045e+00
3.467097e+02
