3.315359e-01
6.508307e+02
2.946457e+01
1.454769e+01
2.894441e+01
4.199086e+01
1.501176e+00
1.356850e-04
2.319214e-02
2.474839e-03
9.695785e+00
7.857947e+04
3.231819e+00
1.655913e-03
2.069912e-02
3.754031e-02
5.144283e-02
4.916236e+05
9.483191e-03
1.659325e+02
5.640736e-01
1.996740e+04
4.274529e+01
1.133127e+00
1.056266e-02
2.171999e-01
1.557582e+02
2.633544e+02
3.950867e+00
6.295348e+01
7.135835e-02
7.244045e+03
4.033787e+00
1.235741e+01
1.733071e-01
1.181233e+03
1.519310e+00
5.576208e-04
3.801305e-03
5.830700e-04
3.502782e+00
6.267374e+04
8.195001e-04
9.223481e+02
9.702625e-01
1.279619e-01
2.448118e-01
1.136801e-01
5.807244e-01
2.391039e+03
1.344466e-01
9.422600e+02
2.799965e-02
1.796880e-02
2.037811e-03
1.315936e+01
5.146986e-01
1.509028e-01
1.275155e+00
8.001740e+01
4.225144e-02
9.968156e+00
7.641839e-01
3.419591e-01
2.526595e+00
3.031121e-04
5.126827e-04
2.528361e-03
7.162067e-06
9.951266e-03
1.045804e-01
1.094311e-04
2.535139e-02
1.439392e+00
1.748694e+02
