7.914693e-02
6.125807e+02
1.726948e+01
2.729701e+01
7.280588e+01
9.910191e+01
2.294829e+00
7.714454e-05
2.134956e-02
1.132912e-03
1.095425e+00
2.469456e+04
2.973754e+00
2.556644e-04
2.084253e-02
5.142446e-02
5.025245e-02
5.630165e+05
1.559651e-03
5.890713e+02
2.203094e-01
2.545915e+04
9.043623e+00
6.227152e-01
2.260911e-02
8.192359e-02
9.959803e+00
2.786788e+02
6.506378e+00
1.501684e+01
2.590670e-01
3.023570e+04
4.663678e+00
1.442717e+01
6.042352e-01
1.648832e+02
1.722409e+00
1.040921e-03
1.555120e-03
4.460564e-05
8.284708e+00
4.980559e+03
4.737448e-04
7.423025e+01
1.270196e+00
2.706232e-02
1.275391e-01
1.028106e-01
3.048130e-01
3.741984e+03
8.237188e-02
4.724891e+02
4.717143e-02
1.776275e-02
9.805555e-04
1.076935e+01
3.371801e-01
2.807613e-01
1.915001e+00
9.371727e+00
1.053076e-01
1.237588e+01
1.977569e+00
4.571294e-01
1.811078e+00
5.156476e-04
1.093859e-03
3.139402e-03
7.105330e-06
7.093639e-03
1.486751e+00
2.470272e-05
1.888749e-02
1.917709e+00
2.717129e+02
