3.333469e-01
9.651572e+02
1.895173e+01
1.882384e+01
1.842508e+01
1.035932e+02
1.886161e+00
1.237498e-04
1.120346e-02
2.349612e-03
7.859056e+00
3.209353e+04
3.359213e+00
8.145351e-04
1.621893e-02
2.068784e-02
1.244791e-01
7.407141e+05
5.592082e-03
1.342376e+02
6.741726e-01
1.677951e+04
3.648164e+01
1.963704e+00
1.426269e-02
1.923972e-01
3.293069e+01
2.606895e+02
6.259620e+00
2.162043e+01
7.584031e-02
9.445694e+03
3.140959e+00
1.076821e+01
2.228376e-01
5.599822e+02
1.499180e+00
9.058795e-04
2.490308e-03
2.722089e-04
4.621431e+00
1.477809e+04
6.428664e-04
6.234476e+02
6.806404e-01
1.199649e-01
3.097827e-01
5.303946e-02
8.711846e-01
1.832183e+03
8.691468e-02
7.792605e+02
2.732037e-02
2.079975e-02
2.342629e-03
8.718537e+00
2.135277e-01
1.679234e-01
1.151783e+00
7.846087e+01
4.744703e-02
1.570800e+01
6.887124e-01
6.203718e-01
2.553138e+00
2.178934e-04
6.072804e-04
1.860896e-03
4.832551e-06
9.465268e-03
1.214452e-01
1.236439e-04
1.349086e-02
1.744181e+00
2.211790e+02
