3.061173e-01
4.468662e+02
2.285279e+01
8.309650e+01
1.330143e+01
1.608175e+02
1.661899e+00
2.060345e-04
1.011670e-02
1.632720e-03
2.647071e+00
4.270251e+04
1.588811e+01
8.997556e-04
7.544339e-03
3.886626e-02
1.146563e-01
9.103945e+05
5.670862e-03
7.118829e+02
9.818588e-01
1.316544e+05
7.918928e+00
8.548821e-01
3.381718e-02
1.067458e-01
2.402570e+01
3.094930e+02
9.754400e+00
1.587443e+01
3.004766e-01
7.598939e+04
1.052544e+01
2.283124e+01
5.914694e-01
3.916949e+01
2.609586e+00
4.742750e-03
5.485937e-04
1.219363e-04
5.636689e+00
2.164657e+04
3.512593e-04
2.757922e+02
1.130472e+00
7.351029e-02
4.688453e-01
1.628108e-01
6.717049e-01
4.110119e+03
7.070783e-02
1.526691e+03
7.299527e-02
1.424175e-01
1.665966e-03
5.932341e+00
6.899079e-01
4.085005e-01
1.474861e+00
2.420393e+01
5.246946e-02
2.715854e+00
7.482878e-01
7.188181e-01
1.923684e+00
1.194217e-04
1.198523e-03
2.589299e-03
4.433916e-05
6.654821e-02
2.013527e-01
4.214962e-05
1.265994e-02
1.928689e+00
1.545814e+02
