5.108451e-01
1.549184e+03
1.357298e+01
4.174593e+01
2.924109e+00
1.999302e+02
3.048142e+00
2.713882e-05
1.436634e-02
1.216419e-02
1.452965e+01
4.374173e+04
1.181221e+00
6.371965e-04
4.551883e-02
7.046790e-03
1.403042e-01
5.712870e+06
7.618983e-03
1.181113e+02
1.504520e+00
2.951607e+05
7.420351e+00
3.396857e-01
2.592507e-01
6.247909e-02
1.980407e+01
4.415834e+03
3.190034e+00
2.127947e+00
4.115221e-01
8.591970e+04
5.373035e+01
1.571582e+01
5.318618e-01
1.247069e+02
1.138033e+00
5.866449e-04
4.889926e-03
7.650000e-04
2.419077e+01
2.273693e+04
1.036784e-04
8.695203e+01
7.215402e-01
3.581049e-01
8.948942e-01
6.419426e-01
8.978237e-01
1.497354e+04
8.434682e-02
1.157116e+04
3.500565e-02
2.669040e-02
5.908486e-04
1.694151e+00
5.894729e+00
1.487439e-01
8.089518e-01
6.458292e+01
7.883286e-03
5.376215e+00
9.124303e-01
2.783200e+00
1.815814e+00
4.604628e-05
1.468754e-03
2.737073e-03
5.184340e-05
2.942681e-02
5.602822e-01
2.394612e-04
2.625996e-03
2.641767e+00
1.800749e+02
