3.082216e-01
1.929743e+02
3.039229e+01
8.681320e+01
4.965947e+01
7.806779e+01
1.829209e+00
1.036676e-04
6.719916e-03
1.569269e-03
9.843640e+00
1.956519e+04
1.569399e+00
1.670493e-03
4.902277e-03
2.051821e-02
1.631874e-01
9.709324e+05
4.446581e-03
1.522707e+02
4.737431e-01
2.489448e+05
1.409782e+01
3.583922e+00
1.444232e-02
1.071835e-01
1.108054e+02
7.351970e+02
5.022412e+00
3.585101e+00
6.074037e-01
6.453366e+03
1.792423e+01
2.145787e+01
1.097080e+00
1.347838e+02
1.888262e+00
5.304877e-03
6.762765e-04
2.188178e-04
6.121146e+00
1.125914e+04
7.272481e-04
9.867247e+02
3.760805e+00
7.838858e-02
6.195694e-01
7.186837e-02
8.628129e-01
1.701823e+03
5.794430e-02
5.025017e+02
3.565743e-02
4.973776e-02
3.848566e-03
1.996794e+01
1.807419e+00
2.584196e-01
1.464698e+00
3.246001e+01
2.011804e-02
1.066021e+01
2.112298e+00
2.402212e-01
1.580969e+00
1.617340e-04
5.785203e-04
2.616971e-03
6.640557e-06
1.903094e-02
6.741047e-01
4.966343e-05
9.725868e-03
1.600921e+00
1.607520e+02
