1.085751e-01
3.070415e+03
1.686591e+01
3.836389e+00
3.860378e+01
3.606515e+01
2.122192e+00
1.548873e-05
6.488701e-03
3.586145e-03
5.636949e+01
9.480265e+03
2.764032e+01
5.125516e-04
7.503739e-03
2.365129e-02
3.307192e-01
1.131172e+06
2.824315e-03
3.120785e+02
3.649731e+00
1.486479e+04
6.601994e+01
4.709928e-01
5.512745e-02
1.945621e-02
8.237062e+00
3.963582e+03
1.565321e+01
1.719364e+00
7.248157e-02
3.373645e+03
1.897448e+00
1.645719e+01
1.245536e-01
7.434953e+02
1.628473e+00
1.669395e-02
4.852068e-04
4.017266e-05
1.722039e+00
2.302035e+03
5.806856e-04
8.457665e+02
1.745848e+01
1.574482e-01
1.791009e+00
2.296120e-01
9.099687e+00
1.092900e+03
2.713530e-02
9.340966e+02
4.838214e-01
1.920023e-01
1.145724e-02
9.425666e+00
1.849467e-01
1.079444e+00
1.097641e+00
7.759381e+00
8.778698e-02
9.544308e+01
1.134532e+00
6.374901e+00
1.722769e+00
4.281104e-05
3.466490e-04
2.288203e-02
2.631445e-05
1.162817e-02
2.584993e+00
1.347970e-04
2.689364e-02
4.000000e+00
5.900680e+02
