2.424378e-01
3.070415e+03
1.839582e+01
7.724268e+00
6.066931e+01
5.803750e+01
2.647044e+00
1.601473e-05
4.434835e-03
4.131908e-03
5.636949e+01
2.009796e+04
2.655594e+01
5.005338e-04
6.818157e-03
1.987138e-02
5.113333e-01
2.446197e+06
3.359763e-03
8.569032e+02
3.780826e+00
2.126063e+04
1.009064e+02
6.826716e-01
1.420095e-01
1.593018e-02
1.095009e+01
4.415834e+03
2.738667e+01
3.225573e+00
7.384587e-02
5.982099e+03
1.971905e+00
3.811920e+01
1.846234e-01
4.455328e+02
1.758897e+00
3.284434e-02
4.682950e-04
5.940982e-05
2.851079e+00
3.132694e+03
7.717586e-04
1.201830e+03
1.745848e+01
1.821091e-01
5.018199e+00
1.913496e-01
9.099687e+00
9.249243e+02
6.431692e-02
2.026362e+03
3.659523e-01
1.962709e-01
1.670815e-02
8.045002e+00
1.112109e-01
1.432157e+00
1.147171e+00
1.601099e+01
9.229898e-02
9.544308e+01
1.543424e+00
6.374901e+00
2.003697e+00
4.336049e-05
4.038981e-04
2.448164e-02
4.532457e-05
1.394329e-02
3.037898e+00
2.144124e-04
4.061938e-02
4.000000e+00
4.208639e+02
