1.134361e-01
2.843380e+03
4.712691e+01
3.160147e+00
2.447038e+02
1.485315e+02
1.940543e+00
2.992832e-05
4.997355e-03
7.849420e-03
3.074495e+00
6.099433e+04
1.200455e+00
2.196720e-03
1.048480e-01
8.631504e-02
1.811851e-01
1.214721e+05
5.411404e-03
8.210424e+01
1.885935e+00
1.071046e+05
1.097791e+01
2.364378e+00
4.120650e-03
5.112169e-01
1.297244e+02
1.465937e+02
5.564869e+00
8.562959e+00
4.896758e-01
2.230677e+03
2.605355e+01
1.329767e+02
1.438723e+00
8.425501e+01
1.121308e+00
5.883802e-03
8.024199e-04
1.709163e-04
3.396973e+01
1.783929e+03
1.358447e-04
1.092878e+03
1.562191e+01
2.196173e-02
1.853368e+00
4.162812e-02
3.795791e-01
2.273105e+03
1.759617e-01
3.114090e+02
1.139110e-02
1.014236e-02
5.022814e-03
1.342525e+02
3.018471e+00
8.432766e-02
2.015950e+00
5.118319e+00
1.334986e-02
1.984352e+01
2.539983e-01
6.226380e-01
3.053835e+00
3.520630e-05
1.455660e-04
2.716319e-03
2.904477e-05
1.228893e-01
3.720227e+00
4.824648e-05
1.866401e-03
1.757778e+00
1.179567e+03
