1.514395e-01
2.773983e+02
2.166672e+01
2.325692e+01
1.103093e+01
1.468613e+02
1.759446e+00
1.496817e-04
3.650979e-03
1.028594e-03
9.013996e+00
5.074789e+04
1.480335e+00
4.610549e-04
2.049099e-02
6.079300e-02
1.647413e-01
2.571542e+05
3.533148e-03
1.257590e+02
3.657931e-01
6.414318e+04
4.717023e+00
8.842650e-01
3.378179e-02
1.035490e-01
3.075050e+01
9.055453e+02
7.418255e+00
1.825517e+01
2.074775e-01
2.014933e+04
1.095791e+01
1.572364e+01
2.190724e+00
5.395277e+01
1.657672e+00
4.009828e-03
8.832644e-04
2.808450e-05
1.075697e+01
1.215392e+04
6.438369e-04
3.395832e+02
7.059067e-01
2.834259e-02
1.254610e+00
1.543097e-01
3.619664e-01
5.087892e+03
2.096822e-02
1.335484e+03
4.163238e-02
4.132423e-02
1.105268e-03
2.312851e+01
8.217913e-01
1.710973e-01
4.254163e+00
9.619155e+00
1.510410e-02
4.385780e+00
3.916724e-01
5.213587e-01
1.691614e+00
4.908260e-05
5.137210e-04
1.191235e-03
4.589687e-05
3.215635e-02
3.673645e-01
2.066695e-05
1.054291e-02
2.962925e+00
2.059765e+02
