1.456353e-01
6.890628e+02
1.673201e+01
2.195974e+01
4.767718e+01
3.892776e+02
1.831658e+00
1.215078e-04
3.818917e-03
1.519369e-03
2.099228e+01
2.862341e+04
8.063246e-01
3.682764e-04
1.371310e-02
9.715949e-02
2.182340e-01
7.458328e+05
5.660197e-03
2.481050e+02
8.463198e-02
2.503147e+04
1.299587e+01
8.629569e-01
5.989945e-02
2.928348e-02
3.677396e+01
8.540858e+02
9.125937e+00
2.088694e+01
3.898675e-01
4.506922e+03
2.475578e+01
9.873247e+00
1.035797e+00
1.321596e+02
1.542860e+00
8.814355e-03
7.884327e-04
1.388227e-04
4.495320e+00
3.571212e+03
8.005450e-04
5.762634e+02
3.251734e+00
2.285673e-02
1.434094e+00
1.055098e-01
1.585008e+00
1.950464e+03
2.286310e-01
8.197656e+02
6.812651e-02
3.710385e-02
1.288717e-03
1.425720e+01
4.024195e-01
1.465734e-01
2.206649e+00
1.324725e+01
9.241298e-03
4.950611e+00
7.570300e-01
2.784397e-01
1.749408e+00
9.659011e-05
5.301095e-04
1.262938e-03
2.848174e-05
8.318297e-03
1.084101e-01
1.870423e-04
3.733191e-02
2.945532e+00
2.846343e+02
