1.898574e-01
6.685797e+02
1.045359e+01
2.055752e+01
4.748363e+01
3.522041e+02
2.040150e+00
6.408651e-05
7.850691e-03
2.297561e-03
1.686399e+00
4.285955e+04
2.072787e+01
1.647431e-03
3.210396e-02
9.425455e-02
6.158468e-01
6.181625e+05
3.628903e-03
1.396710e+03
1.301422e-01
3.410199e+04
1.637105e+01
3.668639e+00
1.418190e-01
4.527390e-01
1.256091e+01
6.799135e+02
4.671243e+00
3.837895e+01
6.271549e-01
2.614770e+04
1.400869e+01
3.346646e+01
2.926412e-01
3.302791e+02
1.843226e+00
2.573039e-03
1.253303e-03
1.364612e-04
8.699277e+00
7.882818e+03
4.220363e-04
1.114691e+03
9.478970e-01
2.712757e-02
4.514816e-01
1.189191e-01
8.117593e-01
5.233933e+03
2.123978e-02
1.882507e+03
6.756462e-02
5.753380e-02
9.796021e-04
1.108414e+01
1.075973e+00
8.221996e-01
2.041495e+00
3.381537e+01
9.184268e-03
5.020483e+00
5.582169e-01
4.617417e-01
2.062701e+00
2.758138e-04
3.822169e-03
3.680605e-03
2.673300e-05
3.230156e-02
1.269677e+00
5.577408e-05
6.056677e-03
2.048818e+00
1.782690e+02
