2.335224e-01
4.146418e+02
3.223118e+01
2.352266e+01
2.402847e+01
4.757450e+01
1.721603e+00
1.597522e-04
2.266237e-03
8.152783e-04
3.232285e+00
1.063671e+05
1.463301e+00
7.340432e-04
1.865942e-01
1.001786e-01
8.592330e-02
5.609382e+05
4.908119e-03
4.133071e+02
1.242913e-01
1.253082e+04
5.865313e+00
3.964564e-01
1.192569e-02
1.084568e-01
6.553826e+00
4.129818e+02
1.148785e+00
3.713641e+01
2.419704e-01
2.527736e+04
9.533803e+00
2.772802e+01
2.693856e+00
4.644466e+01
2.434627e+00
7.244591e-03
4.058767e-04
5.036503e-05
9.787428e-01
6.877812e+03
4.294411e-04
4.360330e+02
1.026339e+00
3.247958e-02
3.357587e-01
9.471277e-02
2.995436e-01
6.728348e+03
6.658623e-02
8.769059e+02
6.214995e-02
1.578468e-01
4.831128e-04
2.490608e+00
9.347981e-01
1.827975e-01
2.448623e+00
1.902421e+01
3.246055e-03
3.893648e+00
6.248630e-01
9.438969e-01
1.775415e+00
1.429555e-04
4.051299e-03
1.574487e-03
1.372997e-05
5.304386e-02
1.371706e-01
6.938974e-06
4.415514e-03
1.168581e+00
1.304858e+02
