1.844893e-01
1.131602e+03
1.067074e+01
2.058196e+01
7.142731e+01
5.243905e+02
1.894928e+00
4.364522e-05
7.012264e-03
5.270334e-03
9.367149e-01
4.000213e+04
1.805027e+01
1.571245e-03
2.552045e-02
1.842366e-01
5.363629e-01
7.166039e+05
4.919187e-03
5.208704e+02
8.838526e-02
4.615144e+04
2.391380e+01
6.265836e+00
1.232145e-01
1.902761e-01
1.577605e+01
5.631030e+02
4.381845e+00
2.755229e+01
3.969391e-01
2.397723e+04
1.325746e+01
1.989820e+01
3.001676e-01
2.003172e+02
1.722029e+00
2.895303e-03
1.207551e-03
5.120767e-05
8.198701e+00
1.102474e+04
7.597944e-04
1.857467e+03
7.940093e-01
1.742605e-02
5.141020e-01
1.166844e-01
1.774385e+00
3.623220e+03
1.422934e-02
8.486570e+02
6.968903e-02
6.750866e-02
2.043500e-03
1.939134e+01
5.388806e-01
1.149552e+00
2.944261e+00
3.624192e+01
1.068773e-02
4.537685e+00
5.032568e-01
1.917135e-01
1.700541e+00
2.773876e-04
4.047198e-03
2.569149e-03
4.734062e-06
3.531797e-02
5.958354e-01
5.412457e-05
4.660776e-03
1.890025e+00
2.354978e+02
