1.006302e-01
1.564515e+02
1.583496e+01
3.031438e+01
2.689336e+01
5.300682e+02
3.054652e+00
1.749379e-05
7.864548e-03
2.934650e-03
1.466102e+00
4.215410e+04
2.358990e+00
1.618625e-04
1.927312e-02
4.181330e-02
7.167069e-02
6.873501e+05
2.387515e-03
1.135101e+02
7.106051e-01
6.956916e+04
1.165822e+01
1.562305e+00
4.785246e-02
9.390285e-02
2.920088e+01
7.459379e+02
1.079405e+01
7.118278e+00
1.086246e-01
7.365941e+03
1.690900e+01
1.788749e+00
1.614036e-01
6.817725e+02
3.156205e+00
2.068817e-03
7.854765e-04
2.093880e-04
5.134808e+00
3.087380e+04
7.629727e-04
5.183042e+02
8.568415e+00
2.732643e-01
1.574804e+00
7.921543e-02
4.046360e+00
2.274674e+03
1.772361e-02
4.503355e+03
5.243295e-01
1.222721e-02
5.785825e-03
3.239175e+01
1.421462e+00
1.089733e+00
6.103053e+00
3.259471e+01
6.830445e-03
4.612856e+00
1.397169e+00
1.837992e-01
1.883463e+00
3.155068e-04
1.237749e-02
3.387184e-03
4.601402e-06
2.041301e-02
8.896573e-01
1.293986e-04
7.568058e-03
1.766987e+00
2.179988e+02
