2.974403e-01
9.209558e+02
3.269152e+01
3.306909e+01
2.603012e+01
4.913175e+01
2.607569e+00
8.145857e-05
1.029235e-02
1.509819e-03
1.367367e+00
9.968701e+04
2.338491e+00
5.929284e-04
6.846599e-02
1.042301e-01
1.490415e-01
5.648024e+05
5.681955e-03
3.305501e+02
1.699771e-01
7.639396e+04
2.921194e+00
1.220401e+00
4.311936e-02
3.143178e-01
4.735506e+01
1.810675e+03
2.950227e+00
3.412758e+01
1.301388e+00
3.788436e+04
5.868645e+00
4.376788e+00
1.231049e+00
1.164241e+02
1.460401e+00
1.115510e-03
1.996262e-03
3.152021e-04
2.820593e+00
4.301763e+03
1.051967e-03
2.112853e+03
1.796053e+00
5.175206e-01
3.349172e-01
6.402618e-02
2.823439e+00
3.496546e+03
2.371204e-02
1.979421e+03
1.636080e-01
6.124125e-02
1.905048e-03
2.210872e+01
4.334937e-01
3.570911e-01
1.580565e+00
1.138520e+01
5.293839e-02
3.371445e+00
3.514211e-01
4.581947e-01
1.840594e+00
8.046910e-05
1.952360e-04
5.480649e-03
2.384066e-04
6.847275e-02
2.136510e+00
4.014947e-05
2.370478e-02
2.185440e+00
1.876440e+02
