8.951067e-02
1.499667e+02
2.071381e+01
9.387790e+00
1.391099e+01
1.168588e+02
3.197503e+00
1.059772e-04
3.719572e-03
3.054959e-03
3.465367e+00
1.724957e+04
1.191332e+00
1.372580e-03
1.442758e-02
4.055142e-02
6.295339e-02
3.912924e+05
1.601725e-03
3.924167e+02
1.222000e-01
8.044981e+04
2.828009e+00
3.371085e-01
2.070804e-02
5.870283e-02
3.466779e+01
1.804283e+02
2.145678e+00
7.077586e+00
1.486191e-01
4.821357e+04
4.203361e+00
2.355089e+01
4.431631e+00
9.941536e+01
1.754680e+00
2.474297e-03
8.197630e-04
2.490388e-05
1.917742e+00
9.721887e+03
2.711394e-04
5.619159e+02
9.303160e-01
1.523141e-01
6.534367e-01
3.271130e-02
2.518380e+00
4.041106e+03
8.973928e-02
8.202177e+02
5.919926e-02
4.851606e-02
9.098709e-04
5.222419e+00
1.820141e-01
2.386965e-01
3.400424e+00
1.286329e+01
4.001768e-03
4.430085e+00
3.093653e-01
3.153060e-01
1.488734e+00
3.059642e-04
1.075535e-03
8.401465e-04
1.508346e-04
5.448911e-02
1.737962e+00
3.081932e-05
5.711546e-03
1.353734e+00
2.477099e+02
