1.574041e-01
4.010483e+02
1.033604e+01
2.313834e+01
4.867347e+01
4.594059e+02
2.580990e+00
1.525029e-05
6.850777e-03
1.285069e-03
4.870224e+01
9.723582e+03
6.701925e-01
3.695011e-03
1.422976e-01
1.157883e-01
2.815875e-01
2.617424e+06
4.920158e-02
6.641437e+02
1.701109e-01
1.293325e+05
1.342381e+01
7.323022e+00
1.608552e-01
8.342614e-01
1.005559e+01
2.919974e+03
2.393553e+00
5.043574e+00
3.356791e+00
2.411437e+04
2.379076e+00
1.173442e+01
1.164137e-01
1.994191e+02
1.612242e+00
1.316151e-03
2.395921e-03
4.973389e-04
6.730210e+00
1.482395e+04
1.639025e-03
1.671398e+03
2.660737e+00
1.166019e-01
4.849743e-01
6.727901e-01
4.623857e+00
1.942078e+03
2.974119e-01
2.171322e+03
2.384117e-02
2.341708e-01
3.897625e-03
9.406559e+01
6.199281e+00
9.650984e-01
4.709919e+00
1.434306e+01
1.259097e-02
3.789995e+00
2.329559e+00
1.068289e+00
3.101712e+00
1.303279e-04
2.500128e-04
1.350371e-02
1.386182e-04
5.702551e-02
1.155924e-01
4.373665e-06
7.002803e-02
1.904794e+00
1.625250e+02
