5.884770e-02
1.951244e+03
1.322905e+02
3.993790e+01
1.134191e+02
3.329580e+01
1.349324e+00
1.980577e-04
8.349303e-03
2.564483e-03
2.747316e+00
2.358813e+05
2.877034e+01
1.172165e-02
3.062953e-02
7.023636e-01
1.576787e+00
5.743277e+06
1.048325e-02
9.969470e+02
2.593308e+00
2.180925e+05
3.149564e+01
3.228173e+00
2.770210e-02
5.011693e-01
5.991690e+00
4.415834e+03
1.731801e+00
1.499181e+02
4.662809e-01
1.915576e+04
4.101235e+00
5.267626e+01
8.308944e-01
1.199375e+02
2.182429e+00
3.284434e-02
8.194849e-04
3.520182e-04
1.302285e+01
2.947539e+03
5.621379e-03
1.140345e+03
6.416827e-01
1.192377e-01
5.060548e-01
5.156137e-01
3.725891e-01
6.309067e+03
6.405846e-01
9.316942e+03
7.834430e-01
1.224546e-01
6.834749e-04
9.799230e+00
4.736945e+00
1.512923e+00
8.875706e-01
9.307036e+00
1.646825e-01
4.717346e+00
5.606161e-01
4.092039e+00
2.848663e+00
8.943367e-05
1.443889e-02
1.903113e-02
5.948679e-05
1.989880e-01
8.317057e-01
1.349730e-04
1.811695e-03
1.320938e+00
1.255802e+03
