1.716143e-01
4.094053e+02
1.916505e+01
3.098210e+01
9.515447e+01
1.096638e+02
2.541111e+00
1.439245e-04
6.716799e-03
9.958037e-04
2.940089e+00
8.403587e+04
1.759300e+00
4.430058e-04
7.435611e-02
1.940945e-01
1.098839e-01
2.125211e+06
1.424162e-03
3.108869e+02
1.755122e-01
5.492367e+04
9.851240e+00
5.224991e+00
2.037745e-02
4.538055e-01
2.546937e+01
2.606152e+02
2.401125e+00
2.463934e+01
3.290482e-01
5.159599e+03
1.065877e+01
4.374975e+00
1.031899e+00
4.062747e+01
1.443417e+00
5.879649e-03
7.963188e-04
1.376550e-04
4.597172e+00
5.480277e+03
1.147825e-03
2.345395e+02
1.009474e+00
3.831615e-02
1.597688e-01
1.952233e-01
2.965467e-01
3.672010e+03
4.577367e-02
1.264514e+03
1.052700e-02
3.830040e-02
7.491225e-04
2.541067e+01
4.902774e-01
2.664019e-01
9.764192e-01
5.364967e+01
2.390528e-02
2.045949e+01
2.593498e-01
1.020587e+00
2.055360e+00
2.934946e-04
6.313609e-04
7.320461e-03
5.694848e-05
1.143478e-02
4.611531e-01
8.937763e-05
3.253026e-03
2.390259e+00
1.895727e+02
