1.183050e-01
4.760439e+02
3.562626e+01
1.148176e+02
2.556369e+01
9.904901e+01
2.476203e+00
9.006937e-05
3.045212e-03
1.576084e-03
2.616745e+00
6.780160e+04
1.019243e+01
5.538540e-03
1.951106e-02
5.431576e-02
8.078907e-02
9.638295e+05
4.443612e-02
3.740932e+02
8.659151e-01
4.385153e+04
1.888566e+01
2.619774e+00
1.034932e-02
1.521362e-01
9.628850e+00
3.706834e+02
4.831189e+00
1.500431e+01
1.827644e-01
2.062883e+05
1.352215e+01
1.386497e+01
1.654733e+00
6.403463e+02
1.794848e+00
1.428990e-03
1.742908e-03
4.022467e-05
3.376156e+00
1.477825e+04
3.206144e-04
1.095343e+03
1.689367e+00
1.421896e-01
1.254400e-01
2.852571e-02
1.111402e-01
7.296800e+02
2.521668e-02
1.161258e+03
3.501469e-02
3.041219e-01
7.805657e-04
5.695697e+00
2.377233e+00
1.871893e-01
1.049674e+00
1.392209e+02
2.994267e-02
1.982936e+01
6.211349e+00
7.609769e-01
3.035579e+00
9.905054e-05
9.361029e-04
2.594544e-03
5.259830e-06
1.795203e-02
6.627232e-02
1.768902e-04
2.956337e-02
2.031635e+00
2.851324e+02
