8.288142e-02
1.032939e+02
4.577286e+01
2.318432e+02
2.195458e+02
7.441991e+01
1.870883e+00
3.744494e-04
2.859835e-02
2.252091e-04
1.025117e+01
3.124675e+05
3.968502e-01
1.437539e-03
1.302222e-02
3.079189e-02
2.544714e-01
6.530222e+06
1.049378e-02
1.981105e+02
3.352459e+00
1.709076e+05
8.608052e+01
1.844259e-01
4.492970e-02
6.273239e-02
1.077829e+02
1.284433e+02
6.749889e+00
3.144121e+00
7.284962e-01
5.573647e+04
7.829162e+00
3.246754e+00
4.033015e-01
2.071629e+01
2.052202e+00
1.706662e-03
8.741955e-04
1.621108e-04
4.591657e+01
7.949869e+03
4.597067e-04
2.184046e+02
2.493746e+00
7.376027e-02
5.059414e+00
3.146246e-01
4.797104e-01
1.649491e+04
2.073258e-01
1.904747e+02
6.108482e-01
1.109359e-02
5.075571e-04
9.759745e+01
1.530795e-01
8.877593e-02
4.067397e+00
3.219296e+01
4.887331e-02
4.727416e+00
1.063933e+00
2.404981e+00
1.112747e+00
2.753119e-04
5.264720e-03
1.204195e-03
5.626925e-05
3.055989e-03
6.770789e-01
1.856811e-04
3.056536e-03
3.056857e+00
2.715317e+02
