2.781833e-01
7.814304e+02
3.316968e+01
3.488080e+01
1.967671e+01
5.345145e+01
2.697965e+00
7.733605e-05
8.307583e-03
1.645496e-03
1.599192e+00
9.094467e+04
2.107348e+00
9.765316e-04
6.008807e-02
8.255029e-02
1.293958e-01
5.720262e+05
4.213995e-03
3.376647e+02
1.510205e-01
7.729910e+04
2.705515e+00
1.046202e+00
5.045915e-02
2.900420e-01
4.293776e+01
1.482117e+03
2.598629e+00
3.255392e+01
9.364673e-01
3.641943e+04
7.070204e+00
6.223130e+00
1.418108e+00
1.077497e+02
1.390284e+00
1.174373e-03
1.908282e-03
2.724094e-04
2.982009e+00
6.092641e+03
9.357371e-04
2.259394e+03
1.816011e+00
5.639970e-01
3.537959e-01
7.000329e-02
2.991238e+00
3.980880e+03
2.547172e-02
1.919308e+03
1.548104e-01
7.591715e-02
1.788037e-03
1.895306e+01
4.198823e-01
3.068691e-01
1.601322e+00
1.086288e+01
4.807786e-02
3.192910e+00
4.107802e-01
4.209882e-01
1.924394e+00
7.597199e-05
1.724969e-04
4.229775e-03
2.421441e-04
7.978564e-02
2.620216e+00
2.537794e-05
2.077604e-02
2.035457e+00
1.986425e+02
