9.050731e-02
1.201961e+02
2.126375e+01
8.957369e+00
1.135570e+01
7.114977e+01
3.429717e+00
9.723131e-05
3.422636e-03
3.143475e-03
2.987688e+00
2.168230e+04
7.306653e-01
1.352478e-03
1.358339e-02
4.259378e-02
5.616192e-02
3.146631e+05
1.496287e-03
4.019874e+02
1.014377e-01
7.442674e+04
2.431849e+00
3.115805e-01
2.297410e-02
4.654122e-02
2.687322e+01
1.697028e+02
2.285497e+00
5.736146e+00
1.588059e-01
6.153967e+04
4.035164e+00
2.007615e+01
3.498976e+00
8.988675e+01
1.656651e+00
2.073919e-03
7.442118e-04
2.124716e-05
1.593951e+00
8.098997e+03
2.061338e-04
7.634476e+02
6.707692e-01
1.149708e-01
5.105361e-01
2.555454e-02
2.921643e+00
3.815828e+03
7.615809e-02
6.773109e+02
6.428372e-02
4.519888e-02
9.765573e-04
3.804582e+00
1.333611e-01
1.645647e-01
2.872978e+00
8.640172e+00
4.138201e-03
3.665618e+00
2.444066e-01
2.927336e-01
1.600817e+00
1.840785e-04
7.734825e-04
9.599934e-04
1.500537e-04
4.900595e-02
1.436101e+00
2.583283e-05
6.399860e-03
1.269365e+00
2.062740e+02
