2.108505e-01
5.334045e+02
2.619590e+01
3.006022e+01
2.034588e+01
1.068071e+02
1.337028e+00
2.628999e-04
1.299086e-02
1.221586e-03
6.781589e+00
3.081525e+05
2.528522e+00
3.159778e-04
1.656438e-02
1.224817e-01
1.579898e-01
1.152768e+06
9.005492e-03
1.614027e+02
5.467680e-01
1.318906e+05
1.116646e+01
1.918214e+00
3.834018e-02
7.678741e-02
2.309202e+01
4.165898e+02
5.809228e+00
1.598041e+01
8.328334e-01
2.258531e+04
2.474270e+01
1.271431e+01
2.134616e-01
1.993172e+02
1.876960e+00
4.977414e-03
8.698363e-04
1.070539e-04
1.016106e+01
1.507440e+04
9.722559e-04
1.014238e+03
6.422784e-01
1.227143e-01
4.975130e-01
1.981997e-01
9.721411e-01
1.371050e+03
5.967409e-02
1.423079e+03
1.159817e-01
4.956064e-02
7.621203e-04
1.339557e+01
9.796536e-01
2.908194e-01
3.225850e+00
3.791667e+01
2.524905e-02
3.656989e+00
1.936834e+00
1.016077e+00
1.401583e+00
1.188353e-04
6.135531e-03
4.371187e-03
2.240405e-05
2.946725e-02
3.227171e-01
1.687540e-04
1.185525e-02
1.812296e+00
3.409663e+02
