9.406789e-02
4.937471e+02
2.744952e+01
3.632999e+01
2.924109e+00
9.446790e+01
4.000000e+00
3.425150e-05
4.279971e-03
6.494618e-03
6.293393e+00
1.943169e+04
2.992347e-01
5.895186e-03
2.027388e-02
4.599908e-02
1.495113e-01
4.634435e+05
1.148271e-03
5.580655e+02
6.521655e-02
6.826639e+04
3.748419e+00
2.324188e-01
1.453439e-01
5.236403e-01
5.932032e+01
5.235028e+01
1.867280e+00
6.922592e+00
1.082672e-01
6.873327e+04
5.454492e+00
7.573170e+01
5.117138e+00
2.663663e+02
1.828181e+00
1.202680e-03
1.233360e-03
7.650000e-06
9.106066e-01
1.001147e+04
1.347276e-04
1.005020e+03
2.886330e+00
5.002983e-01
2.581882e-01
1.332498e-02
8.272947e-01
5.696433e+03
1.695075e-01
1.049868e+03
1.007328e-01
1.967053e-01
4.131230e-04
8.359213e+00
6.860205e-02
2.137314e-01
2.335459e+01
1.967388e+01
2.986841e-03
1.945808e+00
2.235733e-01
7.425296e-01
2.050112e+00
1.454713e-04
3.307956e-04
5.472005e-04
3.195216e-04
1.796768e-01
2.292557e+00
1.571663e-05
4.067754e-03
1.121210e+00
3.265827e+02
