1.840961e-01
4.168971e+02
1.977052e+01
1.177959e+01
1.111196e+01
5.803089e+01
1.534174e+00
5.487105e-05
6.135082e-03
6.420744e-03
7.494991e+00
8.608882e+03
2.622034e+00
1.655335e-03
2.910243e-02
2.078010e-02
1.547838e-01
1.354458e+05
1.413575e-03
2.384217e+02
8.065901e-01
1.229200e+04
2.518475e+01
3.463521e-01
3.521067e-02
5.479011e-02
3.599533e+00
1.961493e+02
2.458888e+00
1.453806e+01
3.391310e-01
1.088843e+04
1.835436e+01
7.021699e+00
5.208634e-01
1.333662e+03
2.079537e+00
1.557166e-03
5.935277e-04
4.358303e-05
1.517459e+01
7.398260e+03
3.722069e-04
1.239100e+03
7.271272e-01
5.796927e-02
9.859077e-01
1.173170e-01
5.198808e-01
1.225858e+03
1.174562e-01
1.108390e+03
2.603393e-02
1.931827e-02
3.141954e-04
8.311282e+00
1.240670e+00
3.797448e-01
4.342903e+00
2.505914e+01
1.446390e-02
9.592578e+00
6.384166e-01
9.499215e-02
2.180850e+00
8.835228e-05
1.242500e-03
5.588878e-04
3.267283e-05
7.527632e-03
1.015186e-01
3.691001e-05
3.723135e-03
1.696365e+00
1.784025e+02
