1.903309e-01
6.322782e+02
3.246860e+01
2.466087e+01
2.303061e+01
4.162587e+01
2.486262e+00
6.709909e-05
9.333202e-03
1.611143e-03
1.199026e+00
8.087794e+04
3.094470e+00
7.736094e-04
6.039292e-02
9.619148e-02
1.015829e-01
4.754627e+05
7.424963e-03
3.114473e+02
1.999220e-01
7.896687e+04
2.636326e+00
1.422195e+00
2.912247e-02
2.465033e-01
4.499491e+01
1.503950e+03
2.550088e+00
3.813906e+01
1.198136e+00
3.239955e+04
6.156216e+00
4.916536e+00
1.069529e+00
1.249286e+02
1.518421e+00
1.164893e-03
2.344670e-03
2.841229e-04
2.170064e+00
3.617179e+03
7.849170e-04
2.064168e+03
2.094838e+00
4.459110e-01
3.126123e-01
5.229528e-02
1.764377e+00
2.641424e+03
2.109952e-02
2.259843e+03
1.623401e-01
6.571222e-02
1.800744e-03
1.626100e+01
5.946404e-01
4.135732e-01
2.027519e+00
1.576396e+01
4.343143e-02
3.175960e+00
5.508486e-01
3.727590e-01
1.913440e+00
8.980250e-05
2.632254e-04
4.644468e-03
1.425850e-04
5.785322e-02
1.694359e+00
4.012638e-05
2.111843e-02
2.083043e+00
2.215542e+02
