3.493110e-01
5.107287e+02
3.474797e+01
3.927757e+01
2.543080e+01
6.241705e+01
1.890678e+00
2.154431e-04
2.109608e-03
8.479331e-04
2.899241e+00
1.521463e+05
1.563892e+00
8.352656e-04
1.384766e-01
1.117535e-01
6.712169e-02
7.209038e+05
7.055332e-03
5.113436e+02
1.928983e-01
1.417632e+04
9.329416e+00
5.262073e-01
1.844583e-02
1.359733e-01
7.814967e+00
4.541117e+02
1.012149e+00
3.537579e+01
2.334644e-01
3.653915e+04
1.551014e+01
3.036340e+01
2.581425e+00
3.889788e+01
2.801143e+00
6.346168e-03
8.328163e-04
5.358714e-05
1.784501e+00
5.745285e+03
5.549535e-04
4.253686e+02
7.539662e-01
3.686506e-02
3.404084e-01
8.705934e-02
2.340871e-01
9.174641e+03
6.435175e-02
9.576045e+02
6.382291e-02
1.831261e-01
7.466728e-04
3.753645e+00
1.266170e+00
2.457077e-01
3.726181e+00
2.384778e+01
4.573763e-03
4.310213e+00
6.769408e-01
9.609958e-01
1.826654e+00
2.619839e-04
4.627223e-03
2.310644e-03
1.519712e-05
4.694625e-02
1.136214e-01
1.028773e-05
2.730079e-03
1.374694e+00
2.159240e+02
