6.268787e-02
2.295536e+02
2.391290e+01
1.089671e+01
4.877136e+00
4.505463e+01
1.225081e+00
7.659852e-04
1.492437e-02
5.690213e-04
3.749609e+01
1.021155e+05
2.143928e+01
1.002747e-03
4.570421e-02
1.182652e-02
6.276378e-01
1.307966e+06
2.689421e-03
5.009555e+02
8.139016e-01
1.109992e+05
2.445167e+01
1.433783e-01
1.795223e-02
4.826770e-01
8.017818e+00
8.538999e+02
2.036068e+00
1.927938e+01
1.734434e+00
1.206940e+05
1.798301e+01
2.555761e+01
1.818602e+00
1.669433e+03
1.146099e+00
8.229652e-04
1.726054e-03
1.506509e-04
5.725339e+01
9.966093e+03
4.723998e-04
1.426643e+03
8.523886e-01
2.579415e-01
2.830525e+00
2.649598e-01
1.043939e+00
4.917335e+03
5.264861e-01
1.208560e+03
3.217729e-02
3.412636e-01
4.857264e-04
1.368043e+01
6.824343e-01
7.888885e-02
4.575391e-01
1.404176e+02
1.431459e-02
1.045384e+00
7.649841e+00
2.760778e-01
1.822415e+00
4.387063e-05
4.647771e-04
1.171793e-03
8.436181e-05
6.605946e-03
3.944856e+00
7.531699e-06
2.984836e-02
2.699117e+00
2.629040e+02
