6.948644e-02
1.422149e+02
1.484236e+01
1.837793e+01
3.464593e+01
5.708572e+02
3.255982e+00
1.514765e-05
6.981275e-03
5.206894e-03
2.869023e+00
4.056987e+04
3.168476e+00
1.591012e-04
2.922021e-02
6.694669e-02
8.502329e-02
4.733789e+05
4.564347e-03
7.547899e+01
5.645437e-01
8.011631e+04
1.287817e+01
1.661527e+00
4.453513e-02
5.689298e-02
1.360424e+01
4.600924e+02
5.818197e+00
7.788601e+00
1.833193e-01
7.324481e+03
2.206332e+01
2.437605e+00
2.657737e-01
4.875483e+02
3.225936e+00
1.258919e-03
6.219921e-04
3.501154e-04
3.465942e+00
5.781583e+04
9.213782e-04
7.596425e+02
1.611163e+01
2.778739e-01
1.206683e+00
1.400896e-01
3.500624e+00
2.081993e+03
2.364360e-02
7.334646e+03
6.391443e-01
1.092377e-02
7.713804e-03
1.973995e+01
2.016143e+00
9.534815e-01
1.538405e+01
1.986597e+01
1.032412e-02
3.847804e+00
9.646596e-01
1.352122e-01
2.088956e+00
2.575763e-04
9.677587e-03
3.007158e-03
3.561648e-06
1.222439e-02
5.777645e-01
1.319020e-04
6.510246e-03
1.623296e+00
2.385566e+02
