3.444802e-01
7.153054e+02
2.099785e+01
2.105250e+01
3.838742e+01
7.372931e+01
1.417193e+00
2.092997e-04
3.081847e-03
3.157544e-03
3.073778e+00
6.313708e+04
1.686415e+00
6.370815e-04
3.907125e-03
5.315202e-02
3.642342e-01
2.994752e+05
1.320649e-03
8.790941e+02
3.938587e-01
1.366652e+05
9.970161e+00
3.610541e+00
4.928264e-02
2.277544e-01
3.788601e+01
1.435927e+03
3.475116e+00
5.258783e+01
5.862647e-01
5.622626e+04
3.136430e+01
1.317308e+01
1.323812e+00
6.281109e+02
1.094481e+00
1.652320e-03
9.635642e-04
2.387840e-04
1.548232e+01
5.144897e+03
3.335771e-04
1.010867e+03
3.981687e-01
3.697890e-02
7.365872e-01
6.475229e-02
1.874493e+00
2.275148e+03
3.921633e-02
1.717845e+03
2.956618e-02
7.181411e-02
4.483351e-04
4.901053e+00
8.122251e-01
2.091515e-01
8.686605e-01
1.314079e+01
1.008519e-02
1.109376e+01
1.622163e+00
8.985365e-01
2.238986e+00
1.914969e-04
3.342236e-04
1.045985e-03
7.500349e-05
4.348938e-02
7.030602e-01
4.337045e-05
2.930434e-02
2.265626e+00
1.366641e+02
