8.689830e-02
6.179858e+02
1.737373e+01
3.343509e+01
5.139436e+00
8.485243e+01
3.942650e+00
5.132619e-05
4.458789e-03
9.557556e-03
2.765011e+00
2.083940e+04
2.992347e-01
4.040972e-03
2.133221e-02
4.407031e-02
2.592022e-01
6.841855e+05
1.158278e-03
6.409405e+02
9.991758e-02
7.024877e+04
4.263589e+00
3.497955e-01
1.560901e-01
1.109919e+00
6.890227e+01
4.415834e+01
2.393869e+00
7.967429e+00
9.902788e-02
5.715321e+04
4.980834e+00
1.048032e+02
4.862968e+00
2.127763e+02
1.910293e+00
9.990603e-04
2.018544e-03
7.650000e-06
1.586231e+00
7.249395e+03
2.653501e-04
8.191692e+02
3.221726e+00
3.819705e-01
5.072086e-01
2.728980e-02
1.317656e+00
3.204981e+03
1.104963e-01
1.529617e+03
1.422080e-01
2.427138e-01
6.506006e-04
8.331575e+00
6.860205e-02
3.777975e-01
2.010945e+01
3.479512e+01
2.345560e-03
2.196397e+00
2.952358e-01
1.155848e+00
1.774841e+00
1.923419e-04
3.421761e-04
5.373463e-04
1.555297e-04
1.989880e-01
2.022532e+00
1.727798e-05
5.716811e-03
1.144068e+00
2.255477e+02
