6.996509e-01
6.217271e+02
5.591267e+00
1.478929e+01
2.398994e+02
6.249322e+01
1.310920e+00
1.262945e-04
1.461117e-02
7.254057e-03
1.661762e+00
2.231289e+04
2.992347e+01
1.172165e-02
1.087920e-01
3.313587e-01
1.504711e-01
9.279982e+05
5.049882e-03
3.072234e+03
4.187938e-01
6.194238e+04
8.333195e+01
3.977668e+00
2.592507e-03
1.525718e-01
5.736551e+00
1.890876e+03
8.548020e+00
5.736427e+00
1.091019e+00
9.409792e+03
2.493028e+00
1.988158e+00
1.871397e+00
3.089191e+02
2.602880e+00
1.098357e-03
2.020521e-03
1.666507e-05
8.907637e+01
3.770663e+04
4.440312e-04
1.148344e+03
2.865601e+00
1.280613e-02
2.795191e+00
2.675799e-01
9.099687e-02
2.499731e+03
1.331322e-01
8.053368e+02
5.914599e-02
4.395270e-02
9.134672e-04
4.429434e+01
6.860205e+00
6.313199e-02
9.851969e+00
2.659483e+02
5.369317e-03
9.544308e+01
6.044082e+00
2.220651e-01
4.000000e+00
2.704880e-03
6.716504e-03
2.448164e-04
3.872927e-05
1.989880e-03
5.893908e-01
8.696910e-06
1.109758e-02
2.169551e+00
8.412466e+01
