2.615221e-01
1.408158e+02
2.262180e+01
2.232189e+01
1.665291e+01
5.599215e+01
1.378369e+00
5.190090e-04
5.345546e-03
2.124542e-04
4.616203e+00
4.147740e+04
7.116584e+00
1.172165e-02
1.815537e-01
2.135245e-02
8.282012e-02
1.705551e+05
1.472103e-03
5.270148e+02
3.943940e-01
3.633714e+04
2.172610e+01
9.139399e+00
1.585468e-02
9.089621e-01
1.322017e+01
6.809397e+02
3.043032e+01
2.611402e+01
5.185298e+00
2.507424e+04
1.606035e+01
2.242602e+00
1.455428e+00
6.280735e+02
2.996812e+00
3.284434e-02
9.866589e-04
1.832310e-04
8.907637e+01
5.102292e+03
2.447730e-04
1.199832e+02
1.552776e+01
4.274783e-02
5.043094e-01
1.242300e-01
6.669310e-01
7.749731e+03
1.503199e-01
8.293569e+02
3.001421e-02
5.116820e-01
4.269627e-04
7.756307e+01
6.860205e+00
5.752455e-02
6.285650e+00
1.881873e+02
1.639409e-01
1.648560e+01
1.580407e+00
6.342924e-01
4.000000e+00
1.389728e-03
2.507396e-04
1.207621e-03
3.500000e-04
6.535779e-03
3.969506e+00
1.466313e-05
2.706648e-03
1.497469e+00
1.287768e+02
