3.161995e-01
6.726636e+02
1.267874e+01
2.226347e+01
4.279634e+01
6.492303e+02
1.367697e+00
1.194689e-04
1.601071e-02
2.584337e-03
9.226548e+00
1.013293e+04
8.234850e-01
5.575276e-04
1.448556e-02
1.713928e-01
2.902941e-01
4.192199e+05
1.359445e-02
1.245208e+02
1.898606e-01
1.432212e+04
1.279594e+01
8.031271e-01
1.885613e-02
6.939637e-02
8.926943e+00
2.166879e+02
4.289617e+00
8.951594e+00
1.754586e-01
1.260070e+04
2.814677e+01
1.089089e+01
8.268846e-01
1.091367e+02
2.692262e+00
2.739506e-03
7.903587e-04
7.714125e-05
1.505329e+00
2.825361e+03
2.145833e-04
2.508261e+02
4.818773e-01
1.369441e-01
1.197818e+00
8.801139e-02
2.267009e-01
1.700906e+04
5.948714e-02
7.975812e+02
2.360518e-01
1.155931e-01
1.493769e-03
1.548127e+01
2.643051e-01
3.968496e-01
6.722437e-01
1.262659e+01
3.036406e-02
2.879582e+00
3.669558e-01
1.575558e-01
1.261935e+00
2.023223e-04
5.296871e-04
3.653616e-03
1.271683e-05
1.224468e-02
2.092988e-01
3.741263e-05
7.515516e-03
1.856338e+00
2.086413e+02
