5.458939e-02
2.160008e+02
3.914084e+01
3.681457e+01
5.871451e+01
4.151541e+01
3.432652e+00
1.520245e-04
1.780200e-03
3.038363e-04
1.761811e+01
1.201058e+04
7.314983e-01
6.476722e-04
1.724681e-02
1.705121e-02
1.375216e-01
4.693179e+05
4.036715e-03
8.920481e+02
7.512170e-02
9.226358e+04
2.280425e+00
2.614121e+00
1.758780e-02
6.746438e-02
8.519839e+00
2.995589e+02
1.500360e+00
9.511596e+00
5.795464e-01
1.251632e+04
5.289836e+00
3.312064e+00
1.167949e+00
9.383274e+01
1.547332e+00
3.216429e-03
6.970212e-04
8.127114e-05
2.632584e+00
6.583622e+03
2.456170e-04
2.521511e+02
2.804804e+00
8.002833e-02
1.462233e+00
4.729636e-02
5.233104e-01
4.418914e+03
2.798782e-02
1.011779e+03
4.658759e-02
2.212023e-02
4.841309e-04
5.865839e+00
1.115263e+00
8.639587e-01
7.682079e-01
6.808679e+00
5.999906e-03
9.771440e+00
5.207282e-01
3.560859e-01
1.540515e+00
1.529485e-04
1.906794e-03
1.246171e-03
3.085103e-05
1.545215e-02
1.435532e-01
3.197497e-05
4.710300e-03
1.844383e+00
4.051581e+02
