8.275832e-02
4.288565e+02
2.344342e+01
1.400579e+01
3.870639e+01
6.172960e+01
1.759010e+00
2.444376e-05
3.651391e-03
8.149781e-04
2.191379e+00
1.841032e+04
2.715096e+00
1.309727e-04
6.043608e-02
7.392926e-02
8.598050e-02
2.490151e+05
7.661979e-04
9.897750e+02
1.541155e-01
1.640196e+04
6.427600e+00
5.213888e-01
1.551550e-02
5.960448e-02
1.285815e+01
7.247203e+01
4.488554e+00
1.712490e+00
2.613674e-01
2.562447e+03
1.961486e+01
2.221104e+00
3.300976e+00
5.446643e+02
1.844461e+00
1.823876e-03
9.764698e-04
2.653695e-05
2.866207e+00
6.497601e+03
3.276483e-04
8.326613e+01
1.034980e+00
1.580992e-02
6.774475e-01
1.383469e-01
2.797819e+00
2.147692e+03
1.105798e-01
3.030835e+02
1.652310e-02
7.066856e-03
1.781226e-03
2.853887e+00
1.034347e+00
2.646922e-01
5.869548e-01
8.714486e+00
3.289671e-02
1.752681e+00
3.841614e-01
8.725565e-01
1.133857e+00
2.446075e-04
2.762936e-03
4.319711e-04
1.654783e-05
4.212346e-02
6.696316e-01
1.135756e-05
1.905862e-02
2.039362e+00
3.535434e+02
