2.360506e-01
3.885569e+02
1.978079e+01
2.054057e+01
1.390065e+01
2.060909e+02
1.929942e+00
1.607568e-04
6.797335e-03
1.016282e-03
3.944844e+00
1.849666e+04
2.730583e+00
8.519178e-04
1.618003e-02
4.691033e-02
8.000539e-02
7.965248e+05
4.490390e-03
3.382135e+02
2.446232e-01
1.593424e+04
9.960751e+00
8.949449e-01
1.459231e-02
5.767646e-02
1.316607e+01
3.915428e+02
4.036626e+00
5.147263e+00
5.509683e-01
2.307877e+04
7.735582e+00
6.155287e+00
1.635190e-01
9.496564e+01
1.375471e+00
3.235967e-03
1.881980e-03
3.805495e-05
3.112530e+00
2.513082e+03
5.295125e-04
3.137046e+02
7.145608e-01
3.324864e-02
3.373616e-01
6.917339e-02
4.263968e-01
1.281596e+03
2.386429e-02
6.374712e+02
3.667064e-02
2.051309e-02
5.370139e-04
6.703884e+00
1.240829e+00
9.691137e-02
2.825260e+00
2.205197e+01
1.617363e-02
8.839824e+00
7.007213e-01
3.752195e-01
1.734506e+00
2.015726e-04
2.397043e-03
9.592333e-04
2.130762e-05
9.923372e-03
2.836811e-01
3.266969e-05
9.351503e-03
2.093593e+00
2.084903e+02
