2.320605e+00
2.262618e+03
1.547953e+01
7.368181e+01
4.559059e+01
1.845720e+02
2.734448e+00
3.710862e-04
4.863991e-02
2.419833e-04
2.203852e+01
2.908119e+04
5.640179e+00
7.572980e-04
1.502054e-02
7.998283e-02
1.509197e-01
1.581731e+06
3.870772e-02
2.443970e+02
3.503703e-01
9.964281e+04
7.470489e+01
8.102332e+00
3.190202e-03
2.194051e-01
5.743852e+01
2.213569e+03
3.590240e+00
1.478125e+01
1.400910e-01
3.565276e+03
1.360548e+02
3.941446e+00
3.870826e-01
1.040124e+03
2.381940e+00
8.441390e-03
3.747938e-04
1.881751e-04
1.229005e+01
1.661824e+03
5.927795e-03
8.579984e+02
1.227207e+01
3.877952e-02
4.761971e+00
6.346972e-01
1.072713e-01
6.527819e+03
4.671193e-01
5.225581e+03
6.159391e-01
1.136775e-02
2.661431e-03
3.401380e+00
3.956226e+00
7.993539e-02
7.752398e-01
2.517754e+02
1.589032e-01
1.370367e+01
6.586899e+00
3.885268e-01
1.581077e+00
1.554137e-04
7.768859e-03
9.477602e-04
2.242761e-04
9.161187e-03
1.084451e+00
1.812034e-05
2.016716e-03
1.165236e+00
9.281433e+01
