3.428484e+00
7.147812e+02
2.886229e+01
4.592030e+01
5.171254e+01
4.838036e+02
1.152012e+00
1.210461e-04
7.875765e-04
2.833110e-03
1.005805e+01
1.139344e+04
8.203059e-01
2.691738e-04
1.208759e-01
4.944188e-01
8.888474e-02
2.276703e+06
3.738074e-03
4.583812e+02
5.226899e-01
1.225995e+05
1.006708e+01
5.202897e-01
5.673560e-03
2.350556e-01
9.924193e+01
5.099538e+02
1.059578e+00
3.525161e+00
1.341640e+00
2.300282e+03
5.381268e+01
2.912591e+01
2.977711e-01
4.413819e+02
1.121267e+00
2.295739e-03
1.148313e-03
1.461704e-05
7.200044e+01
8.722468e+02
2.171183e-04
9.009603e+01
5.134374e+00
1.078312e-01
1.655595e-01
1.748579e-02
1.387934e-01
1.198184e+04
2.500856e-02
8.726659e+03
3.771819e-02
5.116820e-01
2.808858e-03
1.351663e+01
1.830105e-01
4.937161e-02
7.565571e-01
6.884592e+00
2.595679e-03
1.644203e+00
1.026835e-01
1.541078e+00
1.206673e+00
6.407706e-05
6.683537e-03
5.005945e-03
8.580926e-05
1.989880e-03
5.771928e-02
2.560282e-05
5.958143e-02
1.246414e+00
9.820021e+01
