1.192121e-01
1.719576e+02
2.337185e+01
2.215982e+01
2.593305e+01
1.006722e+02
2.510253e+00
1.835854e-04
1.749630e-03
4.974060e-04
3.300102e+00
1.576492e+04
1.890315e+00
4.593541e-04
9.591079e-03
5.903026e-02
7.643149e-02
4.336027e+05
4.814426e-03
1.676622e+02
1.982812e-01
1.193219e+04
9.764318e+00
6.764777e-01
8.858996e-03
7.928321e-02
2.561479e+01
5.562982e+02
5.362183e+00
1.590116e+01
1.378285e-01
2.571912e+04
7.896586e+00
5.146505e+00
3.044216e-01
4.414715e+02
1.386297e+00
1.742642e-03
7.372578e-04
4.581180e-05
7.314414e+00
5.705966e+03
1.328914e-03
2.207164e+02
7.180532e-01
3.085788e-02
1.701173e-01
3.635661e-02
6.920762e-01
3.216082e+03
3.472807e-02
3.342521e+02
8.602899e-02
5.611864e-02
1.502322e-03
2.014931e+01
3.125852e-01
1.124016e-01
9.090359e-01
4.669853e+01
1.336047e-02
9.010579e+00
5.857061e-01
2.633340e-01
1.344765e+00
3.548723e-04
6.712572e-04
5.613442e-04
2.303540e-05
2.327006e-02
6.106670e-01
1.459651e-05
6.242867e-03
1.781327e+00
2.293822e+02
