1.441203e-01
8.452560e+01
1.131602e+01
3.377675e+01
2.753229e+01
1.407819e+02
2.879775e+00
7.595232e-05
7.725104e-03
1.641063e-03
6.444708e+00
1.619001e+05
1.317769e+00
2.050570e-03
3.856758e-02
6.806904e-02
1.058143e-01
8.923769e+05
6.586530e-03
4.190679e+02
1.650977e-01
4.900000e+04
5.558397e+00
1.585957e+00
2.450831e-02
1.290765e-01
1.442506e+01
2.063448e+02
6.037427e+00
6.913089e+00
5.836202e-01
1.540190e+04
1.658819e+01
6.515371e+00
3.113397e-01
1.298923e+02
1.695274e+00
2.769331e-03
1.207968e-03
3.437998e-05
2.236570e+01
4.214081e+03
8.038348e-04
8.004709e+01
4.135981e-01
3.299928e-02
4.696988e-01
1.796352e-01
8.963013e-01
1.803724e+03
3.264714e-02
1.083996e+03
4.076784e-02
8.016706e-02
8.311500e-04
1.497117e+01
3.439383e-01
2.675142e-01
1.705350e+00
5.718733e+01
4.169219e-02
8.300035e+00
2.736913e+00
6.758936e-01
1.631961e+00
4.200391e-04
2.165519e-03
1.953108e-03
7.723349e-05
1.341235e-02
3.568580e-01
1.739492e-04
3.150494e-02
3.484801e+00
1.344455e+02
