2.088829e-01
8.781867e+02
2.148127e+01
4.056363e+01
2.130715e+01
9.846354e+01
1.865860e+00
1.992875e-04
2.445680e-03
4.943127e-04
1.021898e+01
3.210984e+04
1.475525e+00
1.727211e-03
3.482960e-02
2.033718e-02
1.929486e-01
7.392075e+05
2.512691e-03
4.250028e+02
9.245204e-02
8.329246e+03
9.282756e+00
4.565162e+00
2.697065e-02
5.488103e-02
8.096479e+00
2.636342e+03
7.114745e+00
4.886046e+01
2.895484e-01
4.967606e+04
2.009773e+01
4.597511e+00
7.960909e-02
8.195788e+01
1.851953e+00
1.324874e-03
1.320140e-03
1.827140e-04
4.755793e+00
2.776353e+03
4.289860e-04
4.182270e+02
3.334727e-01
1.226024e-01
2.767771e-01
1.255334e-01
1.427583e-01
3.709732e+03
2.873926e-02
2.186428e+02
3.352991e-02
4.761082e-02
1.218475e-03
6.845590e+00
1.072433e+00
2.569224e+00
1.576994e+01
9.516818e+00
1.738918e-02
2.448591e+01
2.553816e-01
1.774758e+00
1.100465e+00
1.338363e-04
3.764677e-04
7.924869e-04
4.201937e-05
8.518540e-03
1.841243e-01
1.153192e-05
3.496527e-03
2.018691e+00
2.797210e+02
