5.859639e-02
2.160618e+02
4.039933e+01
4.447425e+01
5.420606e+01
4.451379e+01
3.358645e+00
1.596535e-04
1.904792e-03
3.676782e-04
1.997140e+01
1.231969e+04
6.323346e-01
6.994865e-04
1.784875e-02
1.637300e-02
1.311462e-01
4.127471e+05
4.118139e-03
7.550055e+02
7.782253e-02
8.158579e+04
2.560714e+00
2.928795e+00
1.482473e-02
6.586288e-02
8.398825e+00
4.173306e+02
1.464936e+00
7.939627e+00
7.106168e-01
1.174007e+04
4.939108e+00
3.204155e+00
1.252361e+00
9.293600e+01
1.551989e+00
3.035472e-03
7.682817e-04
7.795537e-05
2.599173e+00
5.598538e+03
2.044647e-04
2.565550e+02
3.342155e+00
8.524983e-02
1.714632e+00
5.266157e-02
4.808825e-01
4.860420e+03
2.936026e-02
1.096176e+03
4.318237e-02
2.269628e-02
5.639828e-04
5.996295e+00
1.248851e+00
7.782445e-01
1.008090e+00
6.774056e+00
6.360236e-03
9.425826e+00
5.585765e-01
4.020464e-01
1.460612e+00
1.256019e-04
1.878178e-03
1.221089e-03
2.654627e-05
1.517823e-02
1.563078e-01
2.737793e-05
4.399271e-03
1.678370e+00
3.800692e+02
