2.700791e-01
9.669700e+02
1.295407e+01
5.425401e+01
3.885315e+01
7.095950e+02
1.885088e+00
7.932563e-05
5.336877e-03
6.709644e-04
4.027738e+00
3.843676e+04
1.916699e+00
9.237810e-04
7.519645e-02
9.958745e-02
1.017399e-01
4.017751e+05
1.858930e-03
5.578797e+02
6.823217e-01
1.962788e+05
4.950794e+00
3.539904e+00
2.459312e-02
3.980369e-01
9.113192e+01
1.329666e+03
8.445434e+00
1.882251e+01
3.207476e-01
7.182758e+04
8.476354e+00
1.021765e+01
2.364186e-01
5.250087e+02
1.825084e+00
2.265449e-03
8.151922e-04
2.263893e-04
6.051019e+00
7.470156e+03
6.282619e-04
2.545608e+03
1.264106e+00
1.419966e-01
1.162080e+00
3.554230e-01
2.193844e+00
6.475576e+03
1.225788e-01
1.270121e+03
7.789836e-02
1.036433e-01
5.748735e-03
1.611283e+01
5.842575e-01
6.444322e-01
1.005628e+00
1.520634e+01
3.847948e-02
3.790756e+00
3.158931e-01
3.971867e-01
1.608423e+00
2.726376e-04
5.382467e-04
5.011971e-03
1.602162e-04
1.981106e-02
8.942798e-02
1.819694e-05
2.032061e-02
2.500878e+00
1.862226e+02
