2.604031e-01
4.177116e+02
1.495166e+01
2.628195e+01
1.200106e+01
1.408101e+02
1.413827e+00
2.991575e-04
1.851396e-02
1.634043e-03
2.294161e+01
3.113470e+05
1.068385e+00
1.172165e-04
1.158745e-02
4.674123e-01
2.575579e-01
2.229827e+06
1.033581e-02
1.478802e+03
3.518618e-01
3.550755e+03
4.113174e+01
3.874944e+00
8.926875e-02
6.443016e-01
4.519820e+00
2.115484e+03
3.260430e+00
3.116325e+00
2.437502e-01
1.958643e+04
3.094750e+01
1.783581e+01
2.563993e-01
2.258250e+01
1.548937e+00
9.281919e-04
3.347728e-03
6.407553e-04
3.120977e+01
3.815839e+03
5.973150e-03
1.323863e+03
4.823488e+00
3.873229e-01
5.452852e+00
6.626591e-01
2.331745e+00
9.678474e+03
7.671746e-03
1.157116e+02
6.869795e-02
5.711172e-02
3.224951e-04
1.580784e+02
1.219941e+00
6.499913e-01
3.533259e-01
1.999916e+02
4.165386e-02
1.705725e+00
3.789267e-01
1.603346e+00
1.117205e+00
5.023255e-05
4.659043e-04
8.955082e-03
3.500000e-06
1.011629e-01
3.782573e+00
6.154284e-06
1.125278e-02
4.000000e+00
1.749364e+02
