1.577561e+00
2.023472e+02
1.752233e+01
7.543836e+01
1.940381e+01
3.557790e+01
1.598101e+00
5.985637e-04
3.120778e-03
1.698846e-04
5.636949e+01
2.262284e+05
3.092346e+00
9.079655e-03
2.172395e-02
1.790195e-02
3.518665e-01
7.355987e+06
4.583705e-03
3.854842e+02
1.743318e-01
1.090132e+04
3.284474e+01
1.010277e+00
4.931358e-03
1.624284e-01
7.713164e+01
1.131737e+03
8.119952e+00
2.316537e+01
8.947492e-02
9.788013e+03
5.656225e+00
1.504397e+02
7.812105e-01
8.861582e+02
1.000000e+00
1.865572e-02
2.684924e-04
3.652361e-05
2.015955e+01
3.378505e+04
3.023936e-03
1.034735e+02
1.745848e+01
7.037924e-03
7.085943e-01
1.015411e-01
9.044641e+00
3.992061e+04
6.690804e-01
1.120359e+04
5.032934e-01
5.116820e-01
1.137996e-03
1.580784e+00
9.672910e-02
3.144705e+00
1.095349e+00
2.790411e+01
1.646825e-01
2.389783e+01
1.026835e+01
6.374901e-02
1.000000e+00
2.704880e-03
1.099689e-03
3.771410e-03
1.470930e-04
2.824118e-02
2.819474e-01
1.466835e-04
1.384439e-01
1.515027e+00
6.499510e+01
