3.217406e-01
3.070415e+03
3.023754e+01
3.057270e+01
7.389579e+01
1.000916e+02
1.000000e+00
1.160656e-04
2.481525e-03
9.343137e-04
1.196879e+00
9.124008e+03
1.143878e+01
1.172165e-04
2.421582e-02
6.492996e-01
1.135907e+00
6.674397e+05
1.439394e-03
2.152896e+02
1.929063e-01
2.630914e+04
1.678606e+01
1.419542e-01
1.838464e-01
1.940575e-01
3.316395e+01
4.415834e+01
2.711856e+00
5.776461e+01
1.767535e-01
3.371962e+04
4.557227e+00
1.295035e+01
7.171126e-01
9.788997e+02
1.063271e+00
1.811701e-03
1.255717e-03
3.846875e-04
5.628376e+01
3.514293e+03
1.792529e-03
5.285524e+03
1.504948e+01
7.006037e-02
1.159382e-01
7.815386e-02
5.371073e+00
1.095019e+04
7.671746e-03
5.048374e+03
7.834431e-03
5.116820e-01
6.171082e-04
2.181479e+01
7.303920e-01
1.041569e-01
8.320778e-01
6.587414e+00
4.993415e-02
6.116093e+00
1.565287e+00
1.239987e+00
1.305633e+00
8.724487e-05
5.292076e-04
1.704661e-03
3.500000e-04
1.075517e-01
2.429212e+00
6.115029e-06
4.724247e-03
1.169040e+00
3.299968e+02
