1.539649e-01
1.274504e+03
1.822667e+01
3.518472e+01
4.166285e+01
1.811591e+02
2.500372e+00
9.835605e-05
5.247443e-03
6.500475e-04
8.420522e-01
1.167329e+04
8.688370e+00
1.131938e-03
6.020540e-02
6.215142e-02
7.876082e-02
2.040952e+06
6.942006e-03
4.239005e+02
5.477186e-01
1.554902e+05
2.670826e+00
8.468973e-01
1.424379e-02
3.150048e-01
6.079601e+01
3.776771e+02
3.390326e+00
8.225425e+00
1.926102e-01
8.439469e+04
2.643165e+00
1.012464e+01
2.083455e-01
1.386478e+02
1.232393e+00
2.771155e-03
9.222045e-04
7.031742e-05
6.166085e+00
3.824452e+03
1.441419e-03
8.858218e+02
1.104788e+00
3.442319e-01
1.620487e-01
7.409642e-02
5.004788e+00
7.807024e+03
5.272241e-02
1.867887e+03
1.318381e-02
8.699209e-02
1.944630e-03
3.169151e+00
1.491673e-01
2.512022e+00
1.030850e+00
1.008195e+01
1.423301e-02
7.169087e+00
1.579070e+00
3.211069e+00
1.691992e+00
7.868084e-04
5.020903e-04
2.975519e-03
1.609564e-04
8.099533e-02
8.407129e-01
1.051770e-04
2.788680e-02
1.357683e+00
3.966039e+02
