1.657245e+00
1.067563e+03
1.949872e+00
8.836123e+00
1.740052e+01
5.432217e+01
3.736895e+00
2.215056e-04
9.456177e-03
7.029155e-04
1.362987e+01
3.599135e+04
4.127948e+00
8.761868e-03
1.835453e-01
9.968659e-02
1.437206e-01
1.967373e+05
1.365980e-02
7.969623e+02
2.680558e-01
1.052290e+05
9.047868e+00
3.707066e+00
3.998770e-02
8.685092e-01
9.804911e+01
3.454907e+02
6.152787e+01
2.252321e+01
1.588688e-01
1.840224e+04
2.886866e+00
1.035221e+01
4.219929e-01
5.110639e+02
3.196225e+00
1.031798e-03
2.627233e-03
2.510047e-04
5.105778e+00
2.234051e+03
4.116803e-04
1.371985e+02
3.928053e+00
2.253790e-01
1.529607e+00
5.145519e-02
7.948190e-01
6.332326e+02
1.436184e-02
5.059770e+02
7.834431e-03
3.038298e-02
1.116192e-02
4.251261e+00
5.910183e-01
2.919541e-01
2.335459e+01
1.719692e+02
1.074889e-02
3.924001e+00
4.689543e-01
5.427413e+00
2.782652e+00
2.704880e-03
3.671616e-04
3.751536e-03
2.854441e-04
8.558540e-03
4.818677e-01
2.953780e-05
4.477728e-02
1.865390e+00
5.465971e+01
