5.530872e-02
3.070415e+03
1.601578e+01
1.670052e+02
2.028076e+02
2.016352e+02
2.533515e+00
1.388948e-04
3.183911e-02
9.741019e-04
3.836736e+01
3.418048e+05
1.445432e+01
9.403309e-03
1.544392e-02
7.046790e-01
1.742632e-01
7.355987e+06
8.606822e-03
3.878377e+03
1.837576e+00
9.983256e+03
8.477645e+01
2.804712e+00
2.592507e-01
1.613277e-01
4.057010e+00
5.230869e+02
3.234487e+01
7.459507e+01
1.062765e+00
2.131269e+05
1.456688e+01
6.203302e+01
1.100051e+00
3.800813e+02
2.018250e+00
3.284434e-02
8.441921e-04
1.530423e-04
2.125471e+01
3.080429e+04
3.244923e-04
3.996933e+03
5.739480e+00
3.979955e-01
5.452852e+00
2.884911e-01
8.381577e-01
4.006244e+03
1.332791e-02
2.863891e+03
7.024397e-02
5.116820e-01
4.406493e-03
1.859313e+01
1.127535e+00
1.495703e+00
2.335459e+01
3.791395e+00
3.461475e-02
3.981090e+01
8.453307e-01
6.374901e+00
4.000000e+00
1.498407e-04
1.443889e-02
2.448164e-02
3.500000e-04
8.962696e-02
7.841651e-01
7.848289e-05
1.347858e-01
4.000000e+00
9.874416e+02
