2.429354e-01
2.471658e+03
2.687011e+01
1.471036e+01
3.618832e+01
7.674935e+01
1.324663e+00
1.281337e-04
2.487571e-03
4.452176e-04
1.438931e+00
1.283374e+04
1.351613e+01
1.288268e-04
3.698439e-02
6.128031e-01
1.339897e+00
6.867686e+05
1.910601e-03
2.412082e+02
2.970857e-01
2.618002e+04
7.826015e+00
1.950285e-01
1.717058e-01
2.792939e-01
1.588440e+01
7.235683e+01
3.262640e+00
4.573683e+01
2.189396e-01
2.474265e+04
4.336961e+00
1.045019e+01
3.180397e-01
7.686985e+02
1.234994e+00
2.323617e-03
8.211673e-04
2.133214e-04
5.041512e+01
3.363902e+03
1.159546e-03
4.327614e+03
1.127410e+01
5.226676e-02
1.665565e-01
7.522319e-02
4.294797e+00
9.758464e+03
8.957347e-03
3.865844e+03
1.234875e-02
3.109617e-01
1.463554e-03
9.205195e+00
1.128112e+00
2.302457e-01
1.661154e+00
9.107885e+00
5.923645e-02
5.706980e+00
1.035293e+00
1.291758e+00
1.258552e+00
1.355569e-04
3.316701e-04
1.661466e-03
1.294250e-04
1.386580e-01
1.488063e+00
5.342906e-06
1.977171e-03
1.152815e+00
4.035155e+02
