2.556668e-01
1.413144e+03
1.305935e+01
2.695297e+01
1.016231e+01
9.076239e+01
2.974261e+00
2.184529e-04
7.113719e-03
6.007698e-04
2.375655e+00
1.526076e+04
8.469696e+00
8.356640e-04
2.483505e-02
3.483692e-02
1.986254e-01
1.071385e+06
5.607408e-03
2.548055e+02
3.646037e-01
9.687945e+04
5.737744e+00
2.843291e-01
2.557621e-01
6.670392e-02
7.458121e+00
4.578118e+02
3.002287e+00
2.258229e+01
4.227809e-01
3.539848e+04
1.181689e+01
2.054798e+01
9.210628e-01
1.823090e+02
1.447780e+00
2.203442e-03
9.724612e-04
2.049741e-04
2.800096e+00
4.714837e+03
2.224786e-04
2.110593e+02
1.611824e+00
8.678860e-02
5.191496e-01
1.005778e-01
9.282344e-01
6.972246e+03
3.256044e-02
6.689570e+03
4.346778e-02
6.024617e-02
1.090945e-03
2.051943e+00
1.385393e+00
2.872340e-01
3.253272e+00
7.667125e+00
1.071460e-02
1.734071e+01
1.080043e+00
2.939194e-01
1.635425e+00
1.218838e-04
3.294647e-03
2.875223e-03
6.976685e-05
1.810154e-02
4.524275e-01
2.694633e-05
1.269998e-02
2.463639e+00
2.263242e+02
