4.885529e-01
1.890161e+03
1.119208e+01
8.010114e+01
3.525757e+01
1.837638e+02
2.476660e+00
1.808126e-04
2.509104e-02
1.303185e-03
8.616824e+00
7.519686e+04
3.781306e+00
1.256681e-03
1.806854e-02
4.514312e-02
2.606453e-01
1.079019e+06
1.492418e-02
3.626875e+02
9.855814e-01
6.590525e+04
2.637839e+01
2.215981e+00
1.690299e-02
9.397413e-02
4.261451e+01
5.188434e+02
1.110147e+01
1.567703e+01
7.228216e-01
2.806262e+04
1.118670e+01
1.213184e+01
3.856460e-01
1.586681e+02
3.013211e+00
4.317681e-03
1.063801e-03
1.600912e-04
5.934916e+00
3.886024e+03
5.966577e-04
3.509711e+02
4.620486e+00
1.520029e-01
6.438519e-01
2.938246e-01
4.227910e-01
5.904601e+03
1.616576e-01
8.400738e+02
4.244678e-02
2.568713e-02
1.731869e-03
1.206003e+01
1.422442e+00
4.753226e-01
1.305687e+00
2.102239e+01
2.115946e-02
8.617964e+00
1.227302e+00
1.034526e+00
2.096335e+00
3.848982e-04
8.772568e-04
2.663105e-03
2.204128e-05
9.122621e-03
1.373191e-01
4.226647e-05
1.363290e-02
3.574513e+00
1.535833e+02
