2.580541e-01
2.459545e+03
2.726183e+01
1.415617e+01
4.051904e+01
6.146333e+01
1.197495e+00
1.353839e-04
3.227672e-03
6.455716e-04
1.517453e+00
1.319951e+04
9.515628e+00
1.229810e-04
3.106252e-02
6.039992e-01
1.394188e+00
8.297393e+05
1.365333e-03
1.965300e+02
2.400172e-01
1.778463e+04
1.252291e+01
1.778102e-01
1.778561e-01
2.037193e-01
2.218670e+01
8.931764e+01
3.684303e+00
4.437196e+01
3.895798e-01
3.423044e+04
6.198731e+00
7.704854e+00
3.341451e-01
7.655558e+02
1.267926e+00
1.624001e-03
9.077293e-04
1.983757e-04
6.000080e+01
3.681337e+03
9.957291e-04
3.195075e+03
9.726184e+00
4.376938e-02
1.562873e-01
5.762533e-02
3.560811e+00
8.385129e+03
8.325651e-03
3.079302e+03
1.208183e-02
2.816442e-01
1.228894e-03
1.441772e+01
1.575865e+00
2.186255e-01
2.074594e+00
8.229120e+00
6.803805e-02
6.363200e+00
1.092016e+00
1.246974e+00
1.324363e+00
1.101238e-04
1.964655e-04
1.597983e-03
1.926522e-04
1.211809e-01
1.227066e+00
8.444948e-06
2.058776e-03
1.020382e+00
3.736515e+02
