4.430388e-01
2.365473e+03
7.101284e+00
4.321540e+00
8.202109e+00
5.693614e+01
3.267528e+00
5.707656e-04
3.557353e-03
1.797469e-04
7.187025e+00
2.454004e+04
2.051926e+01
1.945241e-03
1.726651e-02
3.152484e-02
1.705520e-01
3.051570e+06
2.508344e-03
2.203742e+02
2.162403e-01
2.014168e+05
3.142673e+00
2.126758e-01
1.631837e-01
1.614656e-02
5.237708e+00
1.150620e+02
5.888838e+00
1.049269e+01
1.254700e+00
9.704287e+04
4.263803e+00
6.275635e+00
4.392025e-01
2.292679e+01
2.581301e+00
5.551641e-03
1.573957e-03
4.912301e-04
6.464515e+00
4.382783e+04
3.197107e-04
1.071468e+02
2.108772e+00
2.148490e-02
1.694950e+00
9.040595e-02
3.679857e+00
7.234740e+03
8.323874e-03
9.629017e+03
6.201254e-02
1.910735e-02
7.475342e-04
3.320484e+00
6.560398e+00
1.880416e-01
9.723031e+00
9.380444e+00
2.607545e-02
4.261732e+01
1.566686e-01
3.715005e-01
1.204455e+00
8.258458e-04
8.794686e-03
8.033369e-04
6.836020e-06
5.170198e-02
9.678307e-01
6.350130e-05
7.912190e-03
3.249204e+00
2.318773e+02
