1.720875e-01
3.835588e+02
1.275823e+01
4.698395e+01
1.486948e+01
2.648734e+02
2.679179e+00
2.915538e-04
4.044456e-03
6.151095e-04
1.419367e+00
8.616195e+03
7.006098e+00
7.946443e-04
9.016581e-02
8.256912e-02
2.144963e-01
3.067107e+06
2.392824e-02
1.585691e+03
1.670333e-01
6.752950e+03
1.748823e+01
9.476265e-01
2.676998e-02
1.112407e-01
2.119114e+01
1.927211e+02
1.006048e+01
1.413845e+01
4.212226e-01
3.812171e+04
9.672907e+00
3.887836e+01
1.469517e+00
8.810925e+01
1.144024e+00
5.371949e-03
2.408260e-03
9.049088e-05
6.243494e+00
1.546710e+04
1.003547e-03
1.172652e+03
9.914148e-01
2.342913e-01
1.471050e-01
1.878860e-01
1.717093e+00
1.132457e+04
2.680563e-02
1.399058e+03
3.775314e-01
3.546733e-02
2.970987e-03
7.206569e+00
1.311074e-01
3.226468e-01
1.653567e+00
4.327416e+01
3.928353e-03
8.110197e+00
2.215452e-01
5.645479e-01
1.626408e+00
5.243282e-05
2.788236e-04
1.333595e-03
1.660683e-05
4.620002e-02
1.414954e-01
4.183616e-06
6.017326e-02
1.944133e+00
1.837178e+02
