2.195653e-01
2.529967e+03
1.849231e+01
3.327995e+01
7.179627e+01
6.045374e+01
1.384144e+00
7.773387e-05
1.835939e-03
9.372565e-04
5.837846e-01
7.501660e+03
1.349171e+01
1.827417e-04
2.165560e-02
4.469058e-01
9.399209e-01
6.013843e+05
1.976138e-03
7.304461e+01
2.212970e-01
1.253548e+04
1.354337e+01
1.508112e-01
7.604872e-02
1.461612e-01
1.873701e+01
6.974982e+01
4.330066e+00
6.611526e+01
1.351419e-01
8.145363e+04
2.337959e+00
6.697592e+00
5.581323e-01
3.427298e+02
1.114727e+00
2.191359e-03
1.365642e-03
3.073046e-04
7.827904e+01
9.197939e+03
2.047946e-03
3.254756e+03
7.711631e+00
6.631997e-02
6.152408e-02
7.327156e-02
8.428772e+00
1.173668e+04
1.107379e-02
5.824027e+03
1.289752e-02
3.437003e-01
6.081078e-04
2.757218e+01
6.140224e-01
1.238998e-01
1.323860e+00
8.940205e+00
4.596816e-02
1.125691e+01
1.520179e+00
7.261282e-01
1.631818e+00
5.504203e-05
2.815030e-04
1.835778e-03
2.918564e-04
1.242892e-01
3.895461e+00
5.483446e-06
7.694630e-03
1.027958e+00
1.896734e+02
