2.029285e-01
8.359137e+02
1.373084e+01
1.668278e+01
2.655813e+01
2.527101e+02
2.196540e+00
1.631328e-04
4.052051e-03
1.614495e-03
2.527014e+00
1.277254e+04
2.984061e+00
7.215588e-04
1.595957e-02
5.846285e-02
8.229184e-02
1.126106e+06
1.108251e-02
1.137894e+03
7.313268e-01
7.427528e+04
1.084957e+01
2.224726e+00
3.453591e-02
1.035666e-01
8.587830e+00
3.983552e+02
6.768624e+00
6.044863e+00
5.106347e-01
4.441839e+04
4.461619e+00
1.389083e+01
6.144421e-01
2.993166e+02
1.971357e+00
6.373224e-03
1.049206e-03
1.072987e-04
1.436955e+01
6.233481e+03
2.362853e-03
9.812601e+02
2.295388e+00
4.034345e-02
4.034480e-01
9.277093e-02
1.776666e+00
2.600518e+03
7.924314e-02
5.823451e+03
3.817824e-02
4.031857e-02
6.296905e-04
2.252434e+01
9.166645e-01
7.018697e-01
5.701481e-01
9.346756e+00
8.955930e-03
1.241950e+01
3.533421e-01
3.609834e-01
2.092452e+00
3.911769e-04
4.407566e-03
9.025670e-03
3.228046e-05
3.665342e-02
2.137352e-01
9.293565e-06
1.674065e-02
2.257839e+00
2.814929e+02
