1.812987e-01
5.511904e+02
1.946291e+01
1.373938e+01
5.140632e+01
9.484873e+01
2.052299e+00
5.675882e-05
6.043397e-03
8.559480e-04
9.866896e+00
1.894258e+04
1.715310e+00
1.540045e-04
5.666146e-02
1.351657e-02
1.784397e-01
1.278103e+06
3.864530e-03
9.522764e+01
2.231002e-01
5.314138e+04
1.254147e+01
5.570411e-01
2.303354e-02
6.254239e-02
2.691177e+01
2.068115e+02
1.545686e+00
8.812414e+00
2.710102e-01
1.075302e+04
4.718604e+00
2.610101e+00
5.066383e-01
1.312712e+02
1.502371e+00
9.502695e-03
6.046637e-04
1.267931e-05
8.420042e+00
2.752782e+03
1.277678e-04
7.528934e+02
1.605749e+00
1.456718e-01
2.031257e-01
6.450845e-02
1.508629e+00
2.498307e+04
1.441605e-01
1.174468e+03
2.486804e-02
3.559424e-02
1.216454e-03
4.689008e+00
4.064244e-01
6.786428e-01
9.311958e-01
1.735096e+01
3.460809e-02
1.498102e+01
7.231706e-01
7.641010e-01
1.256779e+00
7.357802e-05
2.260322e-03
1.162908e-03
7.294612e-05
4.326135e-02
6.335275e-02
2.103608e-05
6.462591e-03
1.594683e+00
2.082263e+02
