4.776180e-02
2.402362e+03
1.756621e+01
2.857404e+02
2.851594e+02
2.246327e+02
2.288909e+00
1.201777e-04
2.850576e-02
1.711104e-03
4.857345e+01
1.414644e+05
1.474009e+01
9.956630e-03
1.744987e-02
5.832587e-01
7.240728e-02
3.545832e+06
8.819144e-03
3.030322e+03
1.976082e+00
9.518881e+03
6.926214e+01
3.687631e+00
1.430083e-01
1.503492e-01
2.967444e+00
1.243681e+03
2.615207e+01
6.709724e+01
1.556152e+00
1.199750e+05
3.066249e+01
7.788488e+01
5.419880e-01
3.451364e+02
2.250363e+00
1.517294e-02
7.969680e-04
1.252726e-04
1.797699e+01
4.703061e+04
3.675924e-04
3.944916e+03
5.910413e+00
3.532523e-01
3.398461e+00
3.738811e-01
7.168564e-01
2.700845e+03
3.089019e-02
5.009384e+03
9.043346e-02
2.793300e-01
3.422483e-03
1.530243e+01
6.456584e-01
2.111032e+00
8.397643e+00
3.366262e+00
3.157826e-02
2.081622e+01
1.564036e+00
4.809032e+00
3.785880e+00
9.289294e-05
5.933696e-03
2.086749e-02
3.196999e-04
6.598697e-02
7.398955e-01
7.904122e-05
8.189953e-02
3.615565e+00
1.089551e+03
