2.270780e-01
2.385013e+03
3.005572e+01
1.401910e+01
5.136559e+01
6.163125e+01
1.244240e+00
1.348658e-04
3.021339e-03
5.333178e-04
1.446837e+00
1.445195e+04
1.148407e+01
1.317026e-04
3.233110e-02
6.728555e-01
1.295366e+00
6.849759e+05
1.351617e-03
2.276491e+02
2.990491e-01
2.077266e+04
1.072232e+01
2.033224e-01
1.711095e-01
2.549588e-01
2.191555e+01
7.413630e+01
4.484512e+00
5.009369e+01
2.711166e-01
2.970183e+04
4.873784e+00
9.828049e+00
2.619979e-01
9.031476e+02
1.285798e+00
1.884179e-03
8.862289e-04
2.327278e-04
5.445929e+01
3.446148e+03
1.152286e-03
3.729797e+03
1.081394e+01
4.176469e-02
1.677961e-01
6.322643e-02
3.791031e+00
8.370239e+03
8.531033e-03
3.767539e+03
1.409658e-02
2.548336e-01
1.250174e-03
1.421371e+01
1.313230e+00
2.314287e-01
2.189170e+00
7.699660e+00
5.901267e-02
6.051682e+00
9.531244e-01
1.337529e+00
1.303377e+00
1.412103e-04
2.236284e-04
1.573824e-03
1.486289e-04
1.276916e-01
1.488523e+00
7.530887e-06
1.872657e-03
1.077396e+00
4.296618e+02
