2.534390e-01
2.102419e+03
2.672298e+01
2.278771e+01
5.257942e+01
7.372791e+01
1.083348e+00
1.049761e-04
2.383044e-03
8.876520e-04
1.380792e+00
1.315913e+04
1.453066e+01
1.189033e-04
2.466437e-02
6.803107e-01
1.143837e+00
7.917449e+05
1.783432e-03
1.995937e+02
2.321689e-01
2.999743e+04
9.356800e+00
1.501146e-01
1.667445e-01
1.777042e-01
1.743888e+01
5.624798e+01
2.609609e+00
4.123868e+01
1.507436e-01
2.832779e+04
4.318872e+00
1.180312e+01
5.774804e-01
7.910684e+02
1.122491e+00
1.771761e-03
8.019553e-04
3.003662e-04
4.352294e+01
3.705489e+03
1.433549e-03
4.422699e+03
1.226611e+01
7.029033e-02
1.516440e-01
8.752726e-02
6.055433e+00
1.049791e+04
7.771485e-03
3.771223e+03
9.035937e-03
4.484431e-01
8.198813e-04
1.286609e+01
8.673253e-01
1.201552e-01
7.914491e-01
8.828452e+00
4.261444e-02
4.797432e+00
1.359326e+00
1.395489e+00
1.254515e+00
8.933489e-05
5.227897e-04
2.204858e-03
1.926138e-04
9.316001e-02
1.959775e+00
4.887661e-06
3.320510e-03
1.125532e+00
3.169438e+02
