4.361975e-01
1.514570e+03
1.142075e+01
1.159364e+01
6.959055e+00
7.889490e+01
3.166045e+00
2.933142e-05
2.100291e-03
6.387129e-04
1.324679e+00
8.959318e+04
1.304141e+01
6.876617e-04
7.599507e-03
2.038334e-02
1.879209e-01
1.031370e+05
5.253077e-03
3.816914e+02
1.883049e+00
7.589408e+04
2.907336e+01
1.880253e-01
4.054679e-03
1.731430e-01
3.436540e+00
1.789644e+03
1.359846e+00
1.132454e+02
4.183106e+00
5.513101e+03
6.873309e+00
2.163529e+00
4.985866e-01
4.241210e+01
1.441031e+00
1.213461e-03
3.090530e-03
2.481480e-05
3.436649e+01
6.896598e+04
6.187123e-05
1.122153e+02
6.676096e-01
5.660368e-01
2.953577e+00
3.310007e-02
1.639075e+00
2.803570e+03
1.591650e-01
4.621457e+03
6.555892e-02
1.656606e-01
2.181928e-03
3.935943e+01
9.046889e-02
2.413985e+00
2.012102e+01
2.854250e+01
3.414101e-02
7.671949e+00
4.650969e+00
4.746981e-01
3.375884e+00
1.675836e-03
9.489045e-03
7.861927e-03
3.632878e-06
5.090714e-03
5.932260e-02
1.528681e-05
1.219443e-02
1.642758e+00
7.011298e+01
