9.022165e-02
6.539896e+02
3.450170e+01
4.776326e+01
1.177111e+02
1.584317e+02
1.169533e+00
1.969861e-04
3.507081e-03
1.948289e-04
2.792250e+00
8.930847e+04
5.962491e-01
1.090765e-03
5.134658e-03
2.580971e-02
5.088302e-02
1.797988e+05
9.194315e-03
1.423015e+03
1.623293e+00
8.702025e+04
4.580201e+01
3.127349e+00
2.496796e-02
5.465089e-02
5.250934e+01
6.187337e+01
3.098339e+01
4.973152e+00
3.115414e+00
6.486475e+03
1.114439e+02
7.265172e+01
8.075058e-01
1.307538e+02
1.056602e+00
1.092285e-03
3.131337e-03
4.984508e-05
2.266216e+00
1.183971e+03
3.368025e-04
4.335832e+02
2.270493e-01
3.643836e-02
1.452774e+00
2.748443e-01
1.949950e+00
1.280005e+03
1.264968e-01
2.949215e+03
2.175507e-02
3.874398e-01
2.824242e-04
2.237941e+00
2.902322e+00
1.610358e+00
3.257854e+00
6.990009e+01
8.023971e-02
4.613842e+00
5.792749e-01
1.666248e-01
1.724978e+00
9.905907e-05
3.578369e-04
8.621448e-04
2.064111e-04
1.854198e-02
7.101350e-02
8.134004e-05
3.064421e-02
1.760032e+00
3.741526e+02
