1.364109e-01
9.304759e+02
4.993471e+01
7.343089e+01
1.277779e+02
1.847389e+02
1.172979e+00
2.253175e-04
2.942388e-03
2.567291e-04
3.075373e+00
1.087953e+05
4.450619e-01
1.378080e-03
5.274400e-03
3.130769e-02
6.085325e-02
1.944112e+05
1.035316e-02
1.241522e+03
1.500821e+00
1.022851e+05
3.153886e+01
4.077361e+00
2.856064e-02
7.102394e-02
4.483950e+01
1.295832e+02
3.202872e+01
4.383129e+00
5.185298e+00
6.653808e+03
1.004712e+02
6.910968e+01
9.848464e-01
1.343667e+02
1.164609e+00
1.075495e-03
3.885403e-03
5.707974e-05
3.258561e+00
1.204176e+03
3.551524e-04
3.759883e+02
3.015445e-01
3.570280e-02
2.392787e+00
2.792772e-01
3.276357e+00
1.077389e+03
1.615885e-01
3.698896e+03
1.993380e-02
5.116820e-01
3.212035e-04
3.423597e+00
3.574391e+00
1.602733e+00
3.158150e+00
7.837671e+01
5.966338e-02
4.985794e+00
4.326321e-01
1.507841e-01
1.922379e+00
1.273476e-04
6.582776e-04
9.808238e-04
2.327669e-04
2.842167e-02
6.449878e-02
9.133673e-05
3.563003e-02
1.807978e+00
3.951408e+02
