1.662856e+00
3.070415e+03
2.171423e+01
2.601408e+01
4.652982e+01
5.770134e+01
1.607114e+00
2.181276e-04
9.358500e-03
4.423834e-04
5.636949e-01
3.418048e+03
4.882760e-01
3.567310e-03
1.853351e-01
1.875060e-01
5.568048e-02
2.328470e+06
1.972725e-03
1.320433e+02
4.893129e-01
1.906635e+05
1.367716e+00
1.199396e+00
2.592507e-03
2.904687e-01
2.226127e+00
3.666212e+03
6.865724e-01
2.700658e+00
1.759040e+00
2.131269e+05
1.723107e+01
2.927126e+00
8.570831e-02
1.257867e+02
2.080765e+00
1.148077e-02
9.863201e-04
1.233795e-05
6.054042e+01
6.622232e+03
6.484451e-04
1.487912e+02
6.696462e+00
2.677821e-01
2.046528e-01
1.068533e+00
4.060752e+00
1.252256e+04
1.802484e-02
5.091415e+02
5.754458e-01
5.116820e-01
1.740220e-04
1.457213e+01
6.860205e+00
3.144705e+00
1.164523e+01
9.256693e+01
2.194090e-02
2.395980e+01
8.964355e-01
6.374901e-02
2.562958e+00
1.071051e-03
1.774374e-03
1.680975e-03
1.006233e-05
2.533272e-02
1.074562e+00
4.680700e-05
6.963794e-03
1.388390e+00
1.663221e+02
