6.358407e-01
5.580732e+02
3.241349e+01
6.501575e+01
6.042296e+00
1.052540e+02
1.838359e+00
1.376928e-05
4.597583e-03
1.245747e-02
1.017184e+01
3.418048e+05
2.725786e+00
3.169408e-03
6.205938e-03
6.313204e-02
1.576787e+00
7.297206e+06
3.800877e-03
4.435327e+01
2.767344e-01
9.782219e+03
4.861064e+01
5.325970e-01
1.802013e-01
2.527392e-02
6.315105e+00
1.227385e+03
5.760588e+00
4.785186e+01
3.743192e-01
2.800842e+04
1.397342e+01
3.060699e+01
3.251292e+00
4.123907e+02
2.202496e+00
1.605195e-02
1.360729e-03
5.969441e-05
1.367138e+00
1.707807e+04
8.626216e-04
1.003678e+03
7.683759e+00
2.316869e-01
8.273612e-02
3.439225e-02
2.713033e-01
6.576864e+03
1.105292e-02
1.802066e+03
7.834431e-03
7.344210e-02
5.983562e-03
5.237305e+00
7.294533e-01
3.880377e-01
1.166438e+01
1.106446e+02
3.554948e-02
1.078762e+00
1.095707e+00
6.374901e+00
2.912610e+00
2.222228e-04
1.307669e-02
2.082413e-02
3.461786e-05
1.989880e-01
2.090722e-01
1.382815e-05
5.827972e-03
1.515616e+00
1.066895e+02
