6.736646e-01
7.425508e+02
1.469650e+01
1.839650e+01
1.049032e+01
1.466895e+02
1.365648e+00
1.742368e-05
1.963809e-03
1.245747e-02
2.509065e+00
1.339707e+05
2.091159e+01
5.866343e-04
1.279814e-01
9.198034e-03
4.220241e-02
9.588009e+05
9.068657e-03
1.155113e+02
4.093956e-01
1.753761e+05
3.056492e+01
3.405204e+00
6.494731e-02
3.015977e-01
3.651178e+01
1.726138e+02
1.863488e+00
3.632554e+01
1.704559e-01
2.721754e+04
2.691713e+00
1.504397e+02
1.367049e-01
4.764129e+02
1.000000e+00
9.302147e-04
6.012340e-03
6.404238e-05
3.732676e+01
4.879099e+04
2.769475e-04
5.609468e+01
1.260703e+00
3.013631e-02
1.411509e-01
2.155544e-01
9.099687e+00
1.137025e+04
6.885242e-02
1.299249e+02
7.959243e-02
5.116820e-01
4.049204e-03
6.075437e+01
7.770180e-02
3.973457e-02
2.360350e+00
2.761267e+00
4.973145e-02
5.125191e+01
9.922201e+00
3.195728e+00
1.171155e+00
1.816465e-03
2.761842e-04
5.832118e-04
3.500000e-06
6.449214e-03
3.969506e-02
3.179244e-04
2.037607e-02
1.817574e+00
7.992944e+01
