2.245700e-01
4.607273e+02
2.689343e+01
1.818538e+01
2.603085e+01
1.337352e+02
1.676751e+00
9.358829e-05
3.467211e-03
1.468454e-03
2.672977e+00
1.297549e+04
8.931680e-01
9.809375e-04
7.132714e-03
1.662174e-02
4.361117e-02
5.827758e+05
4.088214e-03
1.118952e+02
1.727570e-01
1.148636e+04
1.128916e+01
2.880296e-01
1.091493e-02
8.899269e-02
1.501518e+01
3.862189e+02
5.910789e+00
1.533074e+00
2.499617e-01
1.099606e+04
5.864084e+00
1.295641e+01
3.988628e-01
1.307991e+02
1.054734e+00
1.346777e-03
8.806148e-04
1.678838e-05
7.811480e+00
3.007814e+03
7.128789e-04
2.644962e+02
9.203903e-01
2.214935e-02
3.478635e-01
1.100480e-01
6.661829e-01
1.337774e+03
2.476794e-02
1.313914e+03
5.463290e-02
1.696393e-02
3.015863e-04
7.301160e+00
8.061471e-01
1.690856e-01
9.356209e-01
2.520423e+01
1.147568e-02
6.754078e+00
3.595167e-01
1.463118e-01
1.944380e+00
7.797514e-05
2.596048e-04
9.630687e-04
1.691598e-05
4.305189e-03
8.710113e-02
1.621248e-05
1.322940e-02
1.257405e+00
1.821653e+02
