1.799864e-01
6.340569e+02
1.195675e+02
6.531648e+01
2.563225e+02
2.405842e+02
1.704195e+00
3.660319e-04
3.673701e-03
3.895542e-04
8.063311e-01
7.493145e+04
3.435485e-01
4.315917e-03
6.586324e-03
9.689499e-02
1.224905e-01
3.170019e+05
7.764330e-03
1.392409e+03
2.876370e+00
1.065950e+05
2.521233e+01
5.268104e+00
2.277277e-02
6.613952e-02
2.594943e+01
4.005050e+02
4.842416e+01
6.785193e+00
4.228042e+00
6.863726e+03
5.258004e+01
4.446091e+01
1.280499e+00
4.334659e+01
1.107184e+00
1.101837e-03
5.756381e-03
5.981726e-05
2.527507e+00
1.344747e+03
4.322553e-04
7.975254e+01
2.862457e-01
1.940318e-02
1.870371e+00
4.532182e-01
3.402848e+00
1.789029e+03
2.468370e-01
4.742255e+03
1.059793e-02
1.740274e-01
5.064928e-04
2.898285e+00
4.231928e+00
1.334274e+00
3.481052e+00
4.589824e+01
9.430520e-02
4.215327e+00
1.287756e+00
1.663919e-01
1.622799e+00
4.245332e-04
1.181948e-03
7.509805e-04
8.616928e-05
3.235820e-02
1.651865e-01
1.005539e-04
3.804125e-02
1.322737e+00
4.013717e+02
