5.572747e-01
6.948682e+02
1.527741e+01
3.929199e+01
6.542129e+00
1.156917e+02
2.221164e+00
1.458708e-05
4.155388e-03
1.245747e-02
4.959872e+00
3.238677e+05
8.809508e-01
3.269403e-03
9.956968e-03
2.618175e-02
1.182173e+00
7.355987e+06
2.199563e-03
3.878377e+01
1.628188e-01
1.649964e+04
5.486913e+01
1.073816e+00
1.935201e-01
1.715454e-02
3.075538e+00
1.592330e+03
8.591922e+00
3.232879e+01
7.428198e-01
2.198923e+04
1.339548e+01
3.694058e+01
3.448957e+00
2.574235e+02
1.819549e+00
9.228053e-03
7.912888e-04
3.543854e-05
9.013645e-01
1.254442e+04
6.441478e-04
1.111858e+03
1.067042e+01
2.620323e-01
7.472582e-02
4.350988e-02
9.099687e-02
6.449548e+03
1.334718e-02
3.089179e+03
9.904819e-03
1.523969e-02
4.561190e-03
9.235594e+00
6.100874e-01
1.115940e-01
3.867405e+00
2.023948e+02
1.736618e-02
1.012442e+00
8.608216e-01
4.622651e+00
3.366950e+00
1.944815e-04
1.023942e-02
2.448164e-02
7.721252e-05
1.989880e-01
2.393225e-01
1.196274e-05
4.251740e-03
1.841308e+00
8.245175e+01
