2.210446e-01
4.450681e+02
2.572308e+01
2.937964e+01
6.857043e+01
4.906265e+01
3.237520e+00
2.752507e-04
3.991750e-02
1.043930e-03
5.403915e+00
6.088286e+03
1.631732e+00
1.367433e-04
1.137080e-02
1.346331e-01
4.465805e-02
5.193293e+05
2.214310e-03
2.955650e+03
4.049790e-01
4.975456e+04
2.546000e+01
4.695693e+00
5.387926e-02
1.155977e-01
7.262865e+01
5.877299e+02
3.417095e+01
6.233689e+00
9.924101e-02
4.644374e+04
3.818726e+01
8.905716e+00
1.935123e+00
3.768555e+01
1.490948e+00
1.211392e-03
9.481957e-04
2.811343e-04
2.212069e+00
7.070374e+04
4.965296e-04
3.284390e+02
1.060512e+00
1.347958e-01
7.343312e-02
1.680539e-01
2.213615e+00
1.951484e+03
3.743093e-02
4.285290e+03
1.726932e-02
1.050202e-01
1.260822e-03
1.039692e+01
7.544010e-01
2.113900e-01
6.709131e+00
9.527598e+01
1.298926e-02
1.838801e+00
6.718168e-01
1.425666e-01
1.649959e+00
2.893647e-05
9.551643e-04
2.281532e-02
2.455372e-05
1.452484e-02
5.132011e-01
8.425243e-05
5.977007e-03
2.307281e+00
2.380027e+02
