2.890471e-01
2.586586e+03
2.656551e+01
2.852533e+01
4.108246e+00
5.549263e+01
1.206497e+00
2.415336e-04
2.861484e-02
7.364354e-03
4.576554e+00
1.754150e+04
2.992347e-01
1.172165e-04
7.624578e-03
1.046970e-02
8.746077e-02
7.355987e+04
4.965289e-02
4.727870e+02
2.423043e-01
2.425451e+05
1.673858e+00
9.139399e+00
2.975509e-03
7.486105e-01
8.677223e+01
8.681343e+01
1.528585e+00
1.499181e+00
1.913170e-01
8.861024e+04
3.054307e+01
5.473654e+01
2.057590e-01
3.694332e+02
1.718650e+00
1.316942e-03
1.028254e-03
2.629144e-04
6.020966e+00
2.202191e+04
5.464792e-04
1.151123e+03
1.314044e+00
3.810744e-01
6.250128e-01
1.332498e+00
2.264495e-01
1.853152e+04
4.961362e-01
3.120282e+03
3.889340e-01
1.534642e-02
4.943947e-04
5.622930e+00
9.494878e-02
5.449505e-01
3.273253e+00
3.695462e+01
2.657257e-02
2.467402e+00
1.026835e-01
1.660846e+00
2.693875e+00
1.540824e-03
3.970931e-04
6.483477e-03
1.917439e-05
1.989880e-01
8.804043e-01
8.834154e-06
7.119593e-02
1.307614e+00
6.390898e+02
