3.252479e-01
1.511792e+03
1.565156e+01
3.919748e+01
9.938673e+00
3.619623e+02
1.956081e+00
2.644089e-04
7.875765e-02
2.803135e-03
5.636949e+01
9.621925e+04
2.883032e+01
2.074108e-03
1.549539e-02
1.337556e-01
3.567539e-01
7.187404e+05
5.180026e-03
5.664286e+02
6.614784e-01
9.768297e+04
9.067114e+00
9.139399e-02
2.092505e-01
1.298040e+00
1.923118e+00
8.545047e+01
1.713954e+01
1.086103e+01
5.650389e-01
2.672924e+04
1.379479e+02
7.281639e+00
2.240095e+00
2.451655e+01
1.892173e+00
1.723764e-02
8.326529e-04
2.197640e-04
4.071662e+01
1.595960e+03
2.712957e-03
2.516725e+03
1.380425e+01
3.369285e-02
5.452852e+00
4.593179e-01
3.865465e-01
4.692947e+02
1.407800e-01
3.491608e+03
4.282833e-02
9.215910e-03
6.255997e-03
1.580784e+00
3.261053e-01
5.174486e-02
2.618308e+00
3.176714e+01
1.646825e-01
3.748349e+01
1.026835e+01
5.188794e+00
2.320951e+00
1.565188e-03
6.245890e-04
2.448164e-02
6.818072e-06
1.849884e-01
1.760146e-01
2.778548e-04
1.186720e-02
2.963421e+00
1.689330e+02
