4.304020e-01
2.753358e+02
1.905336e+01
2.638878e+01
1.571741e+01
4.356079e+01
1.652425e+00
2.959407e-04
3.020369e-03
4.746859e-04
1.982378e+00
5.139765e+04
1.758529e+00
3.888679e-04
1.375736e-02
1.109583e-02
1.620669e-01
5.974422e+05
6.366518e-03
3.192001e+02
2.328689e-01
3.006882e+04
3.567237e+01
9.026976e+00
6.310602e-03
7.556914e-02
9.571547e+00
5.135120e+02
1.354270e+00
1.308045e+01
1.555691e+00
6.750242e+04
7.353441e+00
8.155109e+00
3.881696e-01
5.810217e+02
1.507500e+00
6.963388e-03
4.398349e-04
6.134537e-05
3.358814e+01
9.044805e+03
2.850884e-04
2.813481e+02
2.592649e+00
6.603561e-02
9.905272e-01
1.225385e-01
1.059349e+00
1.408551e+03
6.386621e-02
5.294393e+02
6.416156e-02
7.731415e-02
5.468531e-04
1.379818e+01
8.490372e-01
4.485187e-01
6.337014e-01
6.641450e+00
5.045674e-03
6.030273e+00
1.004529e+00
2.369205e+00
1.705808e+00
1.856247e-04
6.070239e-04
1.074045e-03
5.037698e-06
1.412791e-02
1.475353e-01
2.182165e-04
2.486964e-02
2.073364e+00
1.172718e+02
