2.999702e-01
5.685869e+02
3.742320e+01
1.424221e+02
2.841475e+01
2.009423e+02
1.674128e+00
1.431905e-04
7.130237e-03
1.741539e-03
2.717985e+00
2.088756e+04
3.706823e+00
9.212735e-04
2.311729e-02
3.151087e-02
2.248876e-01
3.439007e+05
5.551470e-03
6.441183e+02
1.344055e-01
5.750237e+04
4.146407e+00
2.246554e-01
3.229345e-02
6.012984e-02
4.288957e+01
3.266669e+02
2.915139e+00
1.560905e+01
2.472046e+00
6.063088e+04
8.070205e+00
2.468802e+01
9.853172e-01
1.232180e+02
1.345137e+00
1.630428e-03
2.872426e-03
4.043867e-05
1.361805e+01
1.388961e+03
3.946238e-04
6.788705e+02
1.090023e+00
1.633053e-02
1.068743e+00
1.145791e-01
1.647607e+00
2.249989e+03
9.238894e-02
2.873428e+02
3.140196e-02
1.457997e-01
2.917432e-03
9.880407e+00
2.057663e+00
5.784252e-01
1.872816e+00
2.402500e+01
1.746740e-02
2.232989e+00
4.656145e-01
1.865410e-01
2.035304e+00
1.430553e-04
2.402860e-03
1.186056e-03
1.090676e-04
4.339553e-02
5.072288e-01
9.760111e-05
4.858898e-03
1.710101e+00
1.643495e+02
