2.679235e-01
1.804921e+02
1.564838e+01
1.215470e+01
4.673797e+01
8.428680e+01
1.089282e+00
1.025395e-04
3.559022e-03
9.100488e-04
3.469688e+00
1.999861e+04
1.194757e+01
3.726634e-04
2.321543e-02
2.702530e-02
3.771744e-01
1.310498e+06
1.991593e-03
1.060906e+02
1.070014e-01
3.427276e+04
7.766943e+00
1.115738e+00
5.311780e-03
3.073211e-01
2.394353e+00
2.341737e+02
2.808106e+00
1.389448e+01
2.204183e-01
7.693802e+03
9.624647e+00
6.414904e+01
2.305038e-01
3.423687e+02
1.905213e+00
2.297281e-03
7.886198e-04
7.107680e-05
1.092862e+01
8.041305e+03
3.010649e-04
4.597995e+02
6.920684e-01
1.357936e-01
1.304698e-01
2.889190e-01
4.314042e-01
3.214487e+03
2.494060e-02
5.670433e+02
3.846125e-02
2.231747e-02
5.418032e-04
2.602185e+00
1.866909e+00
5.687691e-01
1.737410e+00
1.437358e+01
1.046209e-02
7.598714e+00
2.603341e-01
5.101712e-01
1.810102e+00
1.475901e-04
3.877251e-03
6.963327e-03
1.081097e-05
1.161181e-02
2.840780e-01
1.369934e-05
9.466065e-03
1.380844e+00
1.202076e+02
