3.406450e+00
1.362261e+03
1.821894e+01
4.927987e+01
2.170176e+02
1.028634e+02
2.396072e+00
2.551865e-05
2.030601e-03
2.601082e-04
5.848754e+00
3.046402e+04
3.000201e+00
1.159820e-03
2.172492e-01
3.147319e-01
7.283684e-01
1.483134e+06
1.534238e-03
2.293350e+02
3.693496e-01
1.604904e+05
9.596903e+00
1.877834e+00
5.667782e-02
6.661177e-01
1.169473e+02
7.072324e+02
6.116913e+01
1.228113e+02
1.092781e-01
1.357609e+05
2.084399e+00
6.016911e+01
2.802211e+00
3.064575e+02
3.053215e+00
1.145102e-03
4.879003e-04
8.333807e-05
5.117363e+00
8.658662e+02
2.325377e-03
7.048437e+01
5.702600e+00
5.460851e-02
1.769515e-01
2.445160e-01
3.339141e+00
3.102268e+04
4.114761e-02
7.285398e+03
1.324282e-02
1.151237e-02
3.181909e-04
9.554048e+00
9.466335e-01
3.040937e+00
1.051406e+00
1.275388e+02
1.260909e-02
1.014242e+00
8.892546e-01
8.596982e-02
1.365500e+00
8.265698e-04
2.818321e-03
3.131874e-04
3.751591e-06
1.145685e-02
8.350035e-01
6.348559e-06
8.920996e-02
2.762631e+00
4.553818e+01
