2.402503e-01
7.944232e+02
2.105540e+01
1.073720e+02
2.045208e+01
2.899018e+02
2.595460e+00
2.254771e-04
4.246036e-03
2.790971e-04
1.956193e+00
2.780921e+04
1.021918e+00
4.398826e-04
2.804176e-02
1.365537e-02
1.224940e-01
2.251275e+06
2.652850e-02
6.358512e+02
8.834504e-01
6.612861e+04
1.781733e+01
9.448599e-01
2.511659e-02
7.391443e-02
3.039827e+01
6.751365e+02
5.466094e+00
2.678177e+01
8.333139e-01
2.114692e+04
2.801815e+01
1.044027e+01
1.865504e-01
2.753677e+02
2.021117e+00
4.268595e-03
8.062075e-04
4.169467e-05
3.279337e+00
1.128927e+04
1.324231e-03
2.451640e+02
2.133940e+00
5.890485e-02
6.528585e-01
4.360903e-01
3.563493e+00
4.891384e+03
5.337596e-02
1.090132e+03
2.937749e-02
1.305649e-01
1.125443e-03
2.440993e+00
1.348211e+00
8.374098e-01
1.796943e+00
1.227693e+02
3.795184e-02
2.846517e+00
3.547142e-01
4.857788e-01
3.431541e+00
6.627130e-04
6.718097e-04
6.284693e-03
6.709736e-05
4.605953e-02
1.484577e-01
4.760031e-05
2.001596e-02
2.343371e+00
2.135138e+02
