1.735440e-01
2.163845e+03
2.726883e+01
2.319766e+01
2.924109e+00
6.340401e+01
1.000000e+00
2.441739e-04
3.145281e-02
1.245747e-02
4.881042e+00
1.731532e+04
3.744107e-01
1.172165e-04
4.872858e-03
7.573701e-03
7.043461e-02
9.619797e+04
4.013851e-02
5.629802e+02
2.790932e-01
2.855001e+05
2.234600e+00
9.139399e+00
2.592507e-03
9.898966e-01
6.808835e+01
1.063545e+02
1.397687e+00
1.499181e+00
2.528235e-01
1.182448e+05
2.801012e+01
5.154762e+01
2.694945e-01
4.732347e+02
2.082290e+00
1.200894e-03
9.402906e-04
2.306482e-04
6.551750e+00
1.519526e+04
6.545940e-04
1.664068e+03
1.016913e+00
3.009166e-01
1.076784e+00
1.332498e+00
1.571345e-01
1.657367e+04
7.671746e-01
1.641214e+03
5.978614e-01
9.884151e-03
3.134229e-04
3.556998e+00
7.451069e-02
3.498514e-01
3.312142e+00
2.641919e+01
3.433799e-02
2.955672e+00
1.026835e-01
7.888379e-01
2.582622e+00
2.319909e-03
3.704532e-04
5.458940e-03
1.798040e-05
1.716735e-01
8.167290e-01
4.130000e-06
8.331210e-02
1.421132e+00
6.024030e+02
