2.839561e-01
3.537496e+02
3.577009e+01
3.635936e+01
3.903703e+01
3.064678e+01
3.207198e+00
2.988530e-04
4.437989e-02
1.357737e-03
4.678047e+00
4.196788e+03
1.938934e+00
1.766495e-04
9.817693e-03
1.405712e-01
7.772539e-02
1.257525e+06
3.426438e-03
3.004574e+03
4.608051e-01
4.007657e+04
1.241651e+01
6.604226e+00
1.909206e-02
1.651424e-01
6.906848e+01
4.445134e+02
4.204165e+01
8.091990e+00
7.176990e-02
4.722104e+04
4.557405e+01
1.426918e+01
2.136954e+00
3.386694e+01
1.484937e+00
1.170769e-03
1.219680e-03
3.523071e-04
3.102827e+00
7.702279e+04
4.311704e-04
3.276209e+02
1.208137e+00
2.051660e-01
5.587345e-02
3.192203e-01
2.129088e+00
1.871670e+03
5.501483e-02
5.069801e+03
2.316877e-02
6.232233e-02
1.445585e-03
1.064332e+01
8.503243e-01
1.941788e-01
3.142566e+00
6.835432e+01
2.686161e-02
2.464476e+00
8.486867e-01
2.522240e-01
1.794163e+00
2.932908e-05
9.271265e-04
2.341470e-02
1.918752e-05
1.978847e-02
3.666510e-01
8.201402e-05
8.376123e-03
2.527821e+00
2.179562e+02
