1.702484e-01
1.216615e+02
1.017692e+01
5.641841e+00
3.884474e+01
8.919700e+01
1.162934e+00
1.312888e-04
2.638502e-03
7.346713e-04
5.059323e+00
9.676852e+03
1.255506e+01
4.479259e-04
1.997326e-02
1.941284e-02
3.502833e-01
1.414354e+06
2.829113e-03
5.368388e+01
1.090302e-01
1.819819e+04
4.918940e+00
1.354147e+00
4.920815e-03
3.739880e-01
3.401527e+00
2.212707e+02
1.806073e+00
1.159804e+01
1.880260e-01
6.910855e+03
8.551705e+00
5.046277e+01
1.513796e-01
3.349063e+02
1.815673e+00
2.395757e-03
8.772065e-04
6.150355e-05
8.891420e+00
9.865707e+03
3.173995e-04
3.833361e+02
7.467777e-01
1.037425e-01
1.065603e-01
2.725560e-01
3.561883e-01
3.945349e+03
1.694286e-02
3.796751e+02
4.865102e-02
2.911603e-02
3.067123e-04
3.382777e+00
2.522975e+00
6.635754e-01
1.639958e+00
1.103272e+01
9.730519e-03
1.217773e+01
2.749577e-01
5.107772e-01
1.724144e+00
1.315802e-04
3.499290e-03
7.014659e-03
9.250125e-06
1.113380e-02
1.749484e-01
1.332077e-05
6.951178e-03
1.385152e+00
1.447291e+02
