4.302178e-01
1.518761e+03
1.506009e+01
2.652261e+01
3.975646e+01
3.271161e+02
1.387570e+00
2.020708e-04
3.020707e-03
1.218971e-03
1.206409e+01
4.255809e+04
2.371753e+00
3.515084e-04
1.150758e-02
7.648687e-02
1.354407e-01
2.795913e+05
3.671474e-03
5.577620e+02
1.683573e-01
6.330413e+04
9.433013e+00
9.093237e-01
4.921195e-02
5.983314e-02
2.233819e+01
2.617940e+02
3.296767e+00
1.543033e+01
3.436697e-01
4.941136e+03
1.856688e+01
9.804721e+00
1.141148e+00
8.424024e+01
1.922614e+00
2.094737e-03
1.187924e-03
3.447891e-05
9.550070e+00
5.350892e+03
9.369640e-05
1.520418e+02
4.450602e+00
3.224485e-02
3.558126e-01
4.421228e-02
7.855998e-01
4.335428e+03
1.190446e-01
7.864501e+02
4.803332e-02
7.728929e-02
1.277166e-03
1.612606e+01
6.595240e-01
6.842809e-01
1.061978e+00
1.073338e+01
8.068591e-03
1.002372e+01
1.030525e+00
5.669477e-01
1.702646e+00
5.521871e-04
8.359209e-04
1.753013e-03
2.388472e-05
1.527896e-02
2.292164e-01
2.811168e-05
1.440236e-02
2.975144e+00
1.794160e+02
