1.974019e-01
4.358010e+02
2.533089e+01
4.598109e+01
2.152840e+01
7.226075e+01
2.185278e+00
1.838029e-04
1.104764e-02
2.129567e-03
3.733388e+00
3.319153e+04
9.482985e-01
9.818285e-04
3.398575e-02
5.571366e-02
9.142834e-02
3.863367e+05
5.751774e-03
5.605257e+02
2.675785e-01
3.299984e+04
4.217871e+01
5.670272e+00
8.891389e-03
7.145178e-02
3.282899e+01
2.979835e+02
3.386066e+00
2.970590e+00
7.107053e-01
3.731093e+04
7.040743e+00
1.424777e+01
1.423037e+00
1.012246e+02
1.375802e+00
1.859916e-03
1.107815e-03
3.548846e-05
3.310281e+00
4.383058e+03
6.259764e-04
2.168869e+02
1.172277e+00
2.422828e-02
3.503956e-01
2.792606e-02
1.630067e+00
2.438488e+03
7.059636e-02
1.440790e+03
4.344072e-02
9.675185e-02
4.725861e-04
1.376865e+01
4.074775e-01
2.285647e-01
1.626399e+00
1.767504e+01
8.163103e-03
4.071505e+00
1.097347e+00
7.083288e-01
1.537635e+00
7.548342e-05
6.831701e-04
1.717716e-03
1.734540e-05
5.862456e-03
8.125115e-01
4.690149e-05
5.474981e-03
2.560209e+00
1.693937e+02
