2.518498e-01
3.273710e+02
2.634246e+01
3.648464e+01
5.176156e+01
3.596129e+01
3.165466e+00
2.795049e-04
3.869215e-02
1.329515e-03
4.805730e+00
5.550493e+03
1.745619e+00
1.712012e-04
8.912084e-03
1.191397e-01
5.071259e-02
7.747582e+05
2.803260e-03
3.475125e+03
3.918985e-01
3.687855e+04
1.852799e+01
5.551941e+00
3.318583e-02
1.586095e-01
5.814134e+01
4.470627e+02
3.298673e+01
5.166716e+00
9.195812e-02
4.631615e+04
4.492367e+01
1.071937e+01
2.073698e+00
4.330689e+01
1.562091e+00
1.320640e-03
8.890092e-04
3.224058e-04
2.137242e+00
6.198300e+04
4.230408e-04
2.884570e+02
1.078539e+00
1.495183e-01
7.588673e-02
2.463185e-01
2.342151e+00
1.870926e+03
4.291089e-02
4.467964e+03
1.768347e-02
9.209936e-02
1.034387e-03
9.828471e+00
9.688709e-01
2.309308e-01
6.005592e+00
6.613819e+01
1.721072e-02
2.130323e+00
5.227916e-01
1.440104e-01
1.646177e+00
2.863388e-05
7.772554e-04
2.195893e-02
1.968566e-05
1.726077e-02
4.534962e-01
7.995797e-05
7.186594e-03
2.345200e+00
2.087381e+02
