5.166350e-01
1.789817e+03
5.864786e+01
7.270874e+01
1.879895e+01
2.934358e+01
1.973843e+00
3.360440e-04
1.891322e-02
5.070288e-03
5.799292e-01
3.263378e+04
3.841779e+00
7.319739e-04
1.102621e-02
7.046790e-01
3.424513e-01
1.237581e+05
1.782812e-02
3.066446e+03
9.619970e-02
7.351668e+04
1.818023e+00
7.847956e+00
1.656624e-02
1.160552e+00
7.762153e+00
5.833919e+01
8.829541e+00
4.130144e+00
2.215881e-01
2.916673e+03
3.367689e+00
1.504397e+02
8.603727e-01
1.635098e+02
1.308919e+00
1.148263e-02
1.104608e-03
1.174348e-04
1.310814e+01
4.057848e+04
5.630599e-04
1.462655e+03
7.126358e+00
7.037924e-01
6.324023e-01
2.060826e-01
3.528371e+00
1.130999e+04
3.022741e-01
2.015483e+03
1.611434e-01
1.857488e-01
1.670815e-02
1.497419e+02
1.007466e-01
2.623368e+00
2.397588e-01
1.118078e+01
5.585039e-02
9.582580e-01
2.970667e+00
2.854218e+00
1.271964e+00
4.936312e-04
4.235932e-04
1.370169e-02
9.645548e-05
2.018489e-03
2.078699e+00
8.517267e-06
2.498815e-02
3.803636e+00
2.184140e+02
