2.882434e-01
4.921366e+02
2.484904e+01
1.407746e+01
7.730032e+01
7.303733e+01
1.323081e+00
8.221054e-05
6.486195e-03
5.542243e-03
4.072496e+00
8.283300e+03
4.121565e+00
3.644410e-04
1.094360e-02
5.090918e-02
2.245394e-01
1.958218e+06
1.699686e-03
5.775962e+02
2.638021e-01
4.224555e+04
1.665145e+01
3.807752e-01
5.893932e-02
1.030129e-01
9.604122e+00
1.990369e+02
1.844554e+01
1.040067e+01
1.363958e+00
1.367943e+04
4.969622e+00
1.067698e+01
2.349650e-01
1.736062e+02
1.792831e+00
1.937471e-03
6.821737e-04
4.951142e-05
7.142152e+00
1.073849e+03
1.222524e-04
2.386915e+02
2.752060e+00
4.260772e-02
8.974289e-01
3.341331e-01
2.684561e-01
2.556806e+03
1.787416e-02
4.355330e+03
3.275136e-02
1.386460e-02
1.932602e-03
1.459654e+01
2.532939e-01
1.965948e-01
2.128839e+00
6.258071e+01
9.311649e-03
5.472311e+00
4.243091e-01
7.225908e-02
1.622740e+00
4.335288e-04
6.223125e-04
9.792996e-04
8.165193e-05
4.683030e-03
1.329791e-01
2.598819e-05
1.353477e-02
2.596049e+00
1.383797e+02
