4.211781e-01
3.582315e+02
1.915839e+01
7.846396e+01
5.428126e+01
3.628247e+01
1.715336e+00
5.223050e-05
1.181432e-02
5.040959e-03
2.729686e+00
2.011172e+04
2.902381e+01
1.909341e-03
7.339788e-03
2.175767e-02
1.083155e-01
6.621671e+05
2.804020e-03
2.215610e+02
8.065680e-01
8.600524e+04
6.647727e+01
1.566475e+00
4.049214e-03
1.035781e-01
1.447587e+02
3.877344e+02
8.063489e+00
6.888751e+00
2.707468e-01
8.602343e+03
2.580243e+00
3.067296e+01
4.392050e-01
5.205482e+02
2.274897e+00
2.746120e-03
9.039172e-04
1.173678e-04
6.818837e+00
1.848340e+04
4.882682e-03
8.917099e+01
5.081687e-01
6.157500e-02
3.197613e-01
7.924997e-01
3.451938e+00
2.318329e+03
3.713398e-01
1.047261e+03
6.568651e-01
1.304877e-01
3.552423e-03
5.033173e+00
9.969169e-01
1.674044e-01
1.081268e+00
3.593634e+01
9.125801e-02
5.086513e+01
1.431512e-01
2.520718e-01
1.562244e+00
2.451875e-04
9.130284e-03
8.880328e-04
3.460711e-04
1.158755e-02
1.298451e-01
6.918513e-06
3.146061e-02
1.800861e+00
1.076986e+02
