5.034371e-01
1.738712e+02
3.138612e+00
6.097000e+00
1.370874e+02
1.730448e+01
2.249644e+00
2.181705e-04
1.141150e-03
6.240233e-04
2.073269e+00
1.493678e+05
5.319339e-01
4.043765e-03
3.091097e-02
2.616802e-02
3.072835e-01
6.561790e+05
1.807043e-03
9.218208e+01
1.419092e-01
6.803324e+04
6.705753e+01
6.791667e-01
6.615287e-02
4.462378e-02
1.221846e+01
7.611391e+01
7.974129e-01
4.412726e+01
1.685659e-01
1.452445e+05
1.574714e+01
1.201220e+01
5.679934e+00
4.334441e+02
1.061211e+00
2.906878e-03
5.170816e-04
2.473819e-04
3.555898e+00
7.797785e+03
1.476355e-04
6.635547e+02
1.050101e+01
6.078973e-01
8.817382e-01
1.249068e+00
2.883841e-01
1.302547e+03
1.404801e-01
1.124060e+04
1.609060e-02
1.078771e-01
1.652987e-03
1.212710e+01
1.391883e+00
1.748215e+00
4.156380e-01
3.349743e+01
1.749681e-03
9.154443e+01
4.845097e-01
2.633523e-01
2.328246e+00
1.219575e-04
1.459020e-03
5.986957e-04
7.839305e-06
1.062874e-02
1.151498e+00
5.731987e-05
1.210197e-02
3.142612e+00
6.676633e+01
