2.052750e-01
4.328878e+02
2.734954e+01
3.887680e+01
2.079197e+01
6.505916e+01
1.958562e+00
2.217811e-04
1.062731e-02
1.891092e-03
3.155220e+00
2.690314e+04
9.750849e-01
1.146049e-03
3.572322e-02
4.692714e-02
1.027154e-01
3.707199e+05
5.976862e-03
5.595432e+02
2.559489e-01
3.940762e+04
3.385427e+01
5.746414e+00
8.054264e-03
7.119696e-02
3.162200e+01
3.618443e+02
3.787762e+00
3.022109e+00
8.684848e-01
5.093483e+04
5.529872e+00
1.571921e+01
1.509014e+00
9.872135e+01
1.330777e+00
1.750789e-03
1.111834e-03
4.184496e-05
2.539523e+00
3.699121e+03
5.846781e-04
2.140280e+02
9.716583e-01
2.345316e-02
3.791707e-01
3.637636e-02
1.542221e+00
2.200979e+03
6.094458e-02
1.272682e+03
4.035159e-02
1.132102e-01
4.434971e-04
1.168178e+01
4.303224e-01
1.745069e-01
1.538305e+00
1.929406e+01
8.859984e-03
4.141743e+00
1.200088e+00
6.274986e-01
1.571383e+00
6.429305e-05
8.669671e-04
1.895439e-03
1.841139e-05
6.805729e-03
8.425017e-01
5.686994e-05
6.329146e-03
2.411698e+00
1.683528e+02
