2.589534e-01
5.490885e+02
3.076306e+01
3.562549e+01
5.707232e+01
2.477106e+01
2.984468e+00
2.960322e-04
5.275731e-02
1.473492e-03
3.379815e+00
5.293364e+03
2.356374e+00
1.395129e-04
1.406043e-02
1.099245e-01
1.062985e-01
1.787622e+06
4.318787e-03
2.810029e+03
5.799437e-01
5.290120e+04
1.881711e+01
6.741389e+00
2.290438e-02
1.471989e-01
4.985298e+01
3.946768e+02
4.347275e+01
1.223761e+01
9.123144e-02
3.969317e+04
5.013512e+01
1.939659e+01
1.413964e+00
4.707456e+01
1.414604e+00
1.275189e-03
1.187518e-03
3.962228e-04
3.485731e+00
7.432442e+04
5.734358e-04
2.553634e+02
1.168145e+00
3.459276e-01
5.650512e-02
2.998097e-01
2.822494e+00
3.139844e+03
7.911074e-02
7.876909e+03
2.670333e-02
5.010665e-02
9.429351e-04
1.044956e+01
1.172337e+00
1.310962e-01
3.299985e+00
4.667423e+01
2.497718e-02
2.736566e+00
7.813079e-01
2.851891e-01
1.640719e+00
4.335850e-05
9.406739e-04
1.224248e-02
1.146499e-05
1.717818e-02
2.938561e-01
5.825623e-05
6.744205e-03
2.747432e+00
2.669956e+02
