1.232227e-01
1.425837e+02
2.315424e+01
2.847859e+01
2.644043e+01
1.400611e+02
1.447634e+00
3.196359e-04
4.750200e-03
7.353093e-04
1.594634e+00
2.693898e+04
4.496583e+00
6.428517e-04
1.807111e-02
4.896507e-02
8.399429e-02
4.954412e+05
8.784642e-03
1.150206e+02
2.768670e-01
1.685889e+04
1.542151e+01
7.695793e-01
1.266516e-02
1.796996e-01
1.246295e+01
8.620446e+01
1.174257e+01
3.992627e+01
2.599957e+00
5.309390e+04
5.286230e+00
2.020012e+01
7.968128e-01
2.931071e+02
2.156159e+00
4.108843e-03
1.605884e-03
1.690047e-04
8.921382e+00
3.728467e+03
4.680625e-04
4.502699e+02
2.084703e+00
4.710044e-02
3.266514e-01
1.496374e-01
1.165786e+00
4.160931e+03
2.674096e-02
1.224923e+03
7.190301e-02
3.390657e-02
5.539181e-03
5.178365e+00
4.318664e-01
1.532944e-01
8.254730e-01
1.973523e+01
2.593559e-02
5.424072e+00
1.354915e+00
4.755122e-01
2.940696e+00
4.939477e-04
3.340103e-03
3.491163e-03
6.086987e-05
2.536109e-02
2.508949e-01
6.867468e-05
8.990098e-03
1.539410e+00
2.086210e+02
