1.110647e-01
6.990204e+01
1.042039e+01
3.808821e+00
2.924109e+00
4.400361e+02
2.698700e+00
2.583810e-04
2.672258e-03
9.953050e-03
2.342162e+01
3.418048e+03
2.992347e-01
1.467587e-03
4.885153e-03
1.495920e-02
2.040723e-02
8.886400e+04
1.576138e-02
3.878377e+03
1.168795e-01
1.044825e+05
2.547012e+00
1.717383e+00
1.110928e-02
4.336703e-01
5.262898e+01
2.236558e+03
1.032814e+00
1.499181e+00
5.833962e-02
2.131269e+03
8.797516e+00
1.504397e+00
3.007456e-01
9.253196e+01
1.495525e+00
8.516106e-03
7.464537e-04
1.606174e-04
4.546879e+00
2.393631e+03
2.913963e-04
1.734421e+02
3.975724e+00
1.957589e-02
2.034198e+00
1.069477e-01
9.099687e-02
4.296469e+02
4.512706e-02
5.141097e+02
2.993268e-01
1.475088e-01
1.829278e-03
2.646725e+01
1.119151e-01
4.289569e-01
3.324372e+00
6.483718e+01
2.635822e-03
3.537166e+00
4.476767e+00
2.577822e-01
1.037858e+00
4.091290e-05
5.004908e-04
1.058902e-02
3.329673e-05
5.824306e-02
2.825961e-01
2.765209e-05
2.711011e-02
1.000000e+00
1.789266e+02
