2.309511e-01
3.419865e+02
1.565428e+01
2.795735e+01
5.555753e+01
9.273497e+01
1.743143e+00
5.516192e-05
6.658202e-03
4.057421e-03
4.759667e+00
1.592969e+04
2.536107e+00
1.815765e-03
6.744454e-03
4.635996e-02
6.617476e-02
3.625748e+05
2.249200e-03
3.160698e+02
4.561814e-01
6.224775e+04
1.214760e+01
1.819436e+00
2.524893e-02
9.830703e-02
8.105641e+00
6.397529e+02
1.473930e+01
1.632570e+01
2.803614e-01
1.366944e+04
2.301406e+01
8.951000e+00
6.100413e-01
1.584236e+02
1.394287e+00
2.696938e-03
6.572995e-04
7.243506e-05
9.234483e+00
1.175267e+03
6.718704e-04
3.777136e+02
4.107274e-01
5.970552e-02
1.799939e-01
8.830748e-02
3.983287e-01
3.968251e+03
6.269367e-02
1.142069e+03
1.693383e-01
2.063645e-02
1.042293e-03
1.232442e+01
8.839354e-01
1.501988e-01
1.812597e+00
8.125834e+00
1.271056e-02
5.920851e+00
3.377653e-01
6.381960e-01
2.364625e+00
3.522360e-04
2.336262e-03
3.696393e-04
2.716088e-05
9.678349e-03
2.303321e-01
2.598905e-05
1.566052e-02
1.482541e+00
1.832765e+02
