2.261195e+00
2.534819e+03
7.798057e+00
2.244692e+01
6.451264e+01
5.786179e+01
2.286130e+00
3.303340e-05
5.004416e-02
7.438935e-03
5.636949e-01
1.401187e+05
2.992347e-01
1.684672e-03
5.960646e-02
1.203711e-02
7.587166e-02
2.090567e+06
1.913713e-03
1.657487e+02
1.046095e-01
1.426281e+04
1.866487e+01
5.942127e+00
7.847897e-02
9.261050e-01
8.242995e+00
1.249835e+02
3.522457e+01
1.499181e+00
1.013445e-01
2.131269e+03
7.761631e+01
5.018836e+01
1.722245e-01
2.024540e+02
1.512135e+00
8.366083e-04
1.240847e-03
2.703378e-04
8.725420e+01
3.092476e+03
5.724459e-04
1.192140e+02
6.030088e+00
1.025012e-01
1.424329e+00
9.588853e-01
1.389779e-01
3.992061e+04
1.058914e-01
2.130773e+02
1.050410e-02
1.719649e-02
2.346912e-04
1.957908e+00
2.173330e+00
3.704651e-01
3.463724e-01
2.869367e+01
1.427867e-02
4.172428e+00
3.286790e-01
1.593624e-01
1.524382e+00
1.338832e-03
1.542540e-04
1.587612e-03
3.859901e-06
3.762640e-03
1.578031e-01
6.265857e-05
1.129870e-02
1.000000e+00
2.186276e+01
