2.916929e-01
2.140845e+02
1.742829e+01
1.189737e+01
4.641019e+01
1.305292e+02
1.159689e+00
7.343858e-05
5.182955e-03
1.145016e-03
3.635418e+00
1.733316e+04
5.301745e-01
7.949203e-04
2.454411e-02
2.547233e-02
1.226062e-01
2.932340e+05
3.611577e-03
2.662002e+02
1.968533e-01
2.185830e+04
3.524942e+00
6.794036e-01
5.702191e-02
1.079290e-01
1.244374e+01
2.586408e+02
2.717797e+01
7.802519e+00
1.237538e-01
8.601005e+03
3.270866e+01
2.543678e+00
2.291142e-01
5.141877e+02
1.863715e+00
1.531471e-03
8.089315e-04
6.775197e-05
5.635848e+00
2.490032e+03
2.406284e-04
4.943990e+02
2.138098e+00
1.030806e-01
2.374313e-01
6.946993e-02
1.187096e-01
3.677397e+03
4.530934e-02
7.410316e+02
3.294457e-02
1.360325e-02
2.177309e-03
5.686926e+00
1.002484e+00
1.188151e-01
4.588790e-01
3.468611e+01
1.864688e-03
1.620990e+00
7.201375e-01
7.066635e-01
2.574475e+00
4.047219e-04
1.033520e-03
1.276491e-03
2.591972e-05
4.497397e-03
1.240369e-01
2.650852e-05
2.880920e-03
1.255640e+00
1.465089e+02
