3.428484e-02
7.437395e+01
2.152264e+01
3.375061e+00
2.924109e+00
1.230486e+02
3.403793e+00
2.063761e-04
1.852346e-03
1.813079e-03
8.608233e-01
3.418048e+05
1.009659e+00
2.355942e-04
1.556218e-02
4.633267e-02
5.403142e-02
8.521402e+05
6.878743e-03
7.691639e+02
2.469372e-01
1.280092e+05
8.270422e+00
1.607087e+00
6.800708e-03
4.122997e-02
5.526197e+00
4.415834e+01
7.374560e+00
5.270139e+00
6.410431e-01
2.292537e+04
1.884178e+00
3.411575e+01
1.653067e-01
8.108576e+02
1.430178e+00
8.265135e-03
1.051927e-03
3.798093e-05
4.595096e+01
3.744619e+03
2.432988e-03
1.244010e+03
1.737358e+00
4.231344e-02
1.470404e+00
8.393785e-02
1.431788e-01
6.852567e+02
7.671746e-03
1.295720e+03
4.607616e-02
3.513990e-02
3.666223e-04
2.201886e+00
1.802395e+00
3.622457e-01
3.204230e-01
1.447936e+01
3.761053e-02
1.301929e+00
4.449078e-01
8.049279e-02
1.991116e+00
2.776821e-04
3.646622e-03
2.989168e-03
3.901008e-06
1.527354e-02
3.334142e-01
1.787046e-05
1.309190e-02
4.000000e+00
4.630941e+02
