1.544615e-01
1.016037e+03
1.793278e+01
8.641112e+00
2.833004e+01
3.463856e+01
1.529703e+00
2.024163e-04
5.639541e-03
4.033227e-04
3.502941e+00
1.520151e+04
6.480475e+00
1.894232e-04
2.684126e-02
2.427473e-02
8.774187e-02
2.501572e+05
1.728120e-02
2.345129e+02
1.645597e-01
6.993030e+04
8.840216e+00
1.176558e+00
1.425739e-01
3.707355e-02
4.884812e+00
2.478740e+02
4.997633e+00
6.680586e+00
5.699652e-01
3.384278e+04
7.214001e+00
8.511282e+01
7.742483e-01
5.031466e+01
1.695905e+00
4.099977e-03
5.346051e-04
2.906077e-04
1.462685e+00
1.601807e+04
1.498543e-04
1.259040e+03
1.777217e+00
6.118461e-02
2.699891e-01
1.410574e-01
4.598102e-01
7.313514e+03
5.680972e-02
7.398422e+02
9.081172e-03
1.601629e-02
1.496609e-03
2.188308e+00
1.423848e+00
1.280394e+00
6.273580e+00
3.681215e+01
2.587508e-02
1.215260e+01
7.303775e-01
3.975300e-01
2.152757e+00
6.974504e-04
3.780059e-03
1.159984e-03
2.529542e-05
2.222067e-02
1.332210e-01
2.040839e-05
1.964776e-02
1.738983e+00
2.355661e+02
