3.085727e-01
1.399454e+02
1.227099e+01
7.785576e+00
4.052724e+00
7.603085e+02
2.734742e+00
5.393741e-04
4.150216e-03
1.245747e-02
3.283127e+01
3.418048e+03
2.992347e-01
8.011186e-04
6.881491e-03
6.814297e-02
7.092767e-02
2.053554e+05
3.373985e-02
3.187310e+03
3.786197e-01
1.583426e+05
2.834541e+00
2.462615e+00
1.272940e-02
8.757452e-01
6.031727e+01
2.742050e+03
1.089433e+00
2.931494e+00
1.997722e-01
2.131269e+03
7.766687e+00
2.668969e+00
3.254252e-01
9.118054e+01
1.895921e+00
1.278830e-02
1.386232e-03
2.862411e-04
3.350930e+00
2.591924e+03
2.184753e-04
5.269484e+02
4.777662e+00
2.796389e-02
5.452852e+00
2.374622e-01
1.063883e-01
9.503026e+02
8.839327e-02
7.622522e+02
3.963749e-01
3.041312e-01
2.320660e-03
4.164542e+01
2.255790e-01
9.911529e-01
5.376089e+00
1.188930e+02
6.290022e-03
7.138631e+00
1.026835e+01
3.152801e-01
1.000000e+00
1.789290e-04
9.315292e-04
7.068653e-03
9.905055e-05
9.971632e-02
4.697608e-01
2.164293e-05
2.831477e-02
1.098712e+00
9.955122e+01
