4.223521e-02
4.185513e+02
2.665562e+01
1.844125e+02
1.928780e+01
4.506387e+02
4.000000e+00
7.090109e-05
9.039968e-03
2.014435e-03
4.687562e+01
3.359988e+04
2.618304e+01
2.173555e-03
7.127237e-03
9.319238e-03
7.412830e-01
2.338401e+06
8.291562e-04
1.461843e+02
3.790231e-01
5.686131e+04
4.899645e+01
4.981925e-01
2.159111e-01
3.482035e-01
2.173763e+00
4.093158e+02
4.184440e+00
7.939996e+01
8.070030e-02
3.769902e+04
4.817844e+00
3.199983e+01
1.744766e-01
4.430410e+01
1.972292e+00
5.967342e-04
6.012340e-03
3.728541e-05
2.796629e+00
8.562744e+02
1.280369e-04
8.060193e+01
3.636612e-01
1.778896e-01
5.452852e-02
4.778699e-02
4.839151e+00
1.070780e+04
9.936848e-02
4.479034e+03
2.374008e-01
4.249949e-02
3.842380e-04
2.414279e+01
7.847271e-02
4.647115e-01
4.271524e+00
2.659483e+00
1.646825e-01
2.055745e+00
1.585942e-01
9.629320e-01
3.014234e+00
5.727843e-05
2.489882e-04
2.766723e-04
1.266355e-05
2.578102e-03
2.753726e+00
2.161927e-05
8.689322e-03
2.447598e+00
4.056955e+02
