7.849537e-01
1.395705e+03
1.127171e+01
1.402420e+02
1.494689e+02
4.433382e+02
1.740419e+00
5.592443e-05
5.033282e-02
1.981555e-03
1.035610e+01
1.069696e+05
1.001528e+01
2.410486e-04
8.369977e-02
1.517766e-01
3.901513e-01
4.980068e+05
4.337351e-02
4.386871e+02
1.141127e+00
3.991716e+04
1.624588e+01
9.954515e-01
8.587009e-02
4.409135e-01
7.288020e+00
2.694899e+03
1.520451e+00
7.747302e+01
1.611724e+00
1.000299e+05
1.104455e+02
1.160727e+01
1.001155e-01
2.087504e+01
2.524362e+00
3.057028e-02
2.068537e-03
1.100220e-04
2.354569e+00
8.235549e+03
2.181005e-04
1.973793e+03
2.613623e-01
3.905683e-01
3.227915e-01
2.718121e-01
1.051936e+00
1.268763e+04
1.437837e-01
3.992686e+03
9.041718e-03
2.138284e-01
3.971081e-03
8.829055e+00
3.495630e-01
3.583828e-01
1.675791e+01
5.245811e+01
5.092548e-02
8.895747e+00
3.038423e+00
5.849683e-01
1.126938e+00
2.490767e-04
6.322987e-04
2.648401e-04
2.392325e-04
5.914161e-03
6.705475e-01
1.811340e-04
6.422962e-02
3.557941e+00
1.238411e+02
