2.953662e-01
5.095515e+02
2.021992e+01
3.869013e+01
5.123178e+01
2.037873e+02
1.575124e+00
9.993759e-05
2.984486e-03
1.466540e-03
1.262452e+01
1.152047e+04
1.807944e+00
6.033105e-04
3.348365e-02
8.765757e-02
7.672678e-02
3.816427e+05
2.922418e-03
1.009180e+02
5.179845e-01
2.534020e+04
2.409892e+01
8.867953e-01
1.782845e-02
3.545058e-02
1.281458e+01
8.488450e+01
1.504380e+01
7.195167e+01
4.485103e-01
9.109851e+03
8.928621e+00
1.769127e+01
3.857290e-01
1.434382e+02
1.406061e+00
1.274547e-03
2.775626e-03
1.166323e-04
3.898560e+00
1.580428e+04
1.687875e-04
2.040858e+02
2.222029e+00
1.314483e-02
2.911298e-01
3.699374e-02
1.459841e+00
3.186071e+03
3.791731e-02
2.062009e+03
1.159741e-02
1.958435e-02
1.144655e-03
6.280300e+00
7.876794e-02
5.236720e-02
3.842070e-01
4.826492e+01
1.121634e-02
1.161197e+01
4.794372e-01
3.802255e-01
1.449299e+00
2.060865e-04
4.014447e-04
4.636480e-04
1.621807e-05
7.648259e-03
5.441924e-02
6.139410e-05
5.468501e-03
2.099621e+00
1.220764e+02
