2.498864e-01
8.898246e+02
2.178770e+01
7.055248e+01
2.772894e+01
3.715152e+02
1.726255e+00
1.872566e-04
1.990987e-03
1.808714e-03
2.483894e+01
1.557199e+04
1.325772e+00
1.259267e-03
3.778842e-02
8.656343e-02
9.290921e-02
6.153880e+05
3.199063e-03
1.590061e+02
5.693196e-01
2.278707e+04
1.923370e+01
6.839669e-01
3.479937e-02
4.675118e-02
2.408769e+01
9.915543e+01
1.770767e+01
1.054953e+02
7.444548e-01
2.047214e+04
9.161791e+00
1.778611e+01
5.632006e-01
1.901314e+02
1.606705e+00
1.867476e-03
2.988095e-03
1.185798e-04
7.918601e+00
1.928994e+04
3.001052e-04
4.051520e+02
1.775111e+00
1.239807e-02
5.551913e-01
2.158632e-02
1.575609e+00
4.696495e+03
5.570246e-02
3.599217e+03
2.667126e-02
2.145990e-02
1.612228e-03
1.079924e+01
1.831001e-01
7.790837e-02
4.457006e-01
5.594084e+01
9.719436e-03
1.579348e+01
7.469904e-01
2.558474e-01
1.474656e+00
2.589922e-04
5.366518e-04
3.286192e-04
1.632580e-05
1.234528e-02
1.005867e-01
3.978973e-05
5.436756e-03
2.285691e+00
2.075026e+02
