2.203812e-01
8.816042e+02
2.239123e+01
6.034207e+01
2.854240e+01
2.865093e+02
1.740241e+00
1.774678e-04
1.891042e-03
1.377140e-03
1.640626e+01
1.395004e+04
1.263597e+00
9.751251e-04
3.934736e-02
8.699397e-02
7.386425e-02
3.658061e+05
2.822361e-03
1.826484e+02
4.413754e-01
1.609743e+04
1.988547e+01
5.159706e-01
3.009979e-02
3.192998e-02
2.210975e+01
1.055895e+02
1.663391e+01
1.092938e+02
6.427302e-01
1.925770e+04
7.977076e+00
1.262552e+01
4.625991e-01
1.492158e+02
1.466247e+00
1.842014e-03
2.235592e-03
1.030363e-04
5.363866e+00
1.420479e+04
2.159878e-04
3.510653e+02
1.705038e+00
1.069162e-02
4.249000e-01
1.665844e-02
1.378797e+00
5.596741e+03
4.425216e-02
2.927800e+03
2.214243e-02
2.082868e-02
1.189459e-03
1.034317e+01
1.325891e-01
5.955221e-02
4.346431e-01
5.900952e+01
8.903415e-03
1.403166e+01
7.919626e-01
3.218947e-01
1.566637e+00
2.154941e-04
5.214961e-04
3.207340e-04
1.694775e-05
8.742326e-03
6.603333e-02
4.226013e-05
4.872067e-03
2.391084e+00
2.052502e+02
