3.997165e-02
2.438700e+02
1.139362e+01
9.050054e+00
2.323285e+01
4.793527e+02
1.571994e+00
7.501562e-05
3.318149e-02
9.566818e-03
8.911384e-01
3.031848e+04
4.131536e-01
2.200747e-03
4.953326e-03
7.046790e-03
4.697346e-02
7.788183e+05
5.648117e-04
2.306348e+02
2.078427e-01
1.658786e+05
3.713807e+01
4.890588e-01
4.142606e-02
4.924997e-01
4.177507e+01
3.541485e+03
1.842471e+00
6.551699e+01
3.297765e+00
1.657578e+04
6.630068e+01
8.107531e+01
1.013979e-01
3.631666e+02
1.951250e+00
2.188024e-03
1.074359e-03
2.088141e-04
5.775042e+00
1.346972e+03
2.658737e-03
2.040369e+02
1.496044e+00
1.066284e-01
6.215890e-01
4.771627e-02
5.860473e-01
5.122964e+03
1.845455e-01
7.797822e+02
4.084868e-01
2.357776e-02
9.824107e-04
2.016762e+01
3.498704e+00
6.670331e-01
2.335459e-01
1.672904e+02
3.688165e-02
4.125676e+01
1.026835e-01
1.335206e-01
1.195778e+00
5.115879e-04
2.246203e-04
1.082600e-03
4.427829e-06
2.314313e-03
9.371868e-01
4.130000e-06
5.202846e-02
2.143275e+00
3.680696e+02
