7.083070e-02
3.251931e+02
4.463411e+01
2.994074e+02
5.107783e+01
3.242735e+02
1.898733e+00
1.550363e-04
4.184608e-03
4.178384e-04
3.669289e+00
3.418048e+05
1.191584e+01
1.172165e-02
4.069659e-02
5.457618e-02
3.844200e-01
2.758252e+06
1.153294e-02
4.372493e+01
3.442956e-01
1.703169e+04
7.891475e+00
4.172589e+00
1.855562e-01
1.298040e+00
4.679094e+00
1.041278e+03
5.049211e+00
5.363887e+01
1.120080e+00
2.202565e+04
2.643664e+01
2.700548e+00
6.552142e+00
7.807968e+02
1.811671e+00
3.349249e-03
1.076104e-03
8.255002e-06
1.024878e+01
9.326608e+03
9.921389e-04
8.445748e+01
9.069170e+00
9.723400e-02
4.637064e-01
1.332498e+00
1.061976e+00
8.424691e+03
6.153508e-01
2.394105e+02
1.053029e-01
2.679730e-02
1.728364e-03
9.401928e+00
6.860205e+00
2.647368e-01
1.451501e+01
6.973392e+01
5.383437e-03
1.332402e+00
2.759994e+00
4.356270e+00
1.861064e+00
1.691962e-04
1.524365e-03
8.137806e-03
8.667398e-05
5.834576e-02
1.268768e+00
1.754821e-04
8.558335e-02
1.983593e+00
3.229545e+02
