1.507796e-01
6.945855e+02
2.016454e+01
3.191507e+01
5.148378e+01
8.085195e+01
1.805676e+00
1.333828e-04
1.287713e-02
9.328218e-04
2.200976e+00
1.872231e+04
1.343436e+00
1.278343e-03
3.261200e-02
5.772690e-02
7.678302e-02
5.184048e+05
4.751233e-03
7.623270e+01
5.229212e-01
4.549403e+04
1.401438e+01
1.554194e+00
2.865318e-02
9.427644e-02
1.933591e+01
1.694258e+02
8.888319e+00
1.030585e+01
2.657099e-01
3.385052e+04
5.218972e+00
2.161388e+01
3.038069e-01
8.768153e+01
1.252756e+00
2.966288e-03
6.749960e-04
5.044389e-05
9.037693e+00
9.360814e+03
5.246163e-04
3.060219e+02
9.571110e-01
5.340004e-02
4.271815e-01
3.696521e-02
9.959015e-01
1.727132e+03
3.707438e-02
2.548836e+03
2.972875e-02
1.567461e-02
1.202067e-03
3.361290e+00
5.226099e-01
2.955438e-01
5.085361e-01
1.781979e+01
1.991568e-02
7.039346e+00
4.068613e-01
2.280425e-01
1.834532e+00
9.972726e-04
8.731468e-04
1.898304e-03
1.367794e-05
1.080238e-02
4.008460e-01
2.992552e-05
1.411642e-02
1.630317e+00
2.967554e+02
