3.258983e-01
1.433562e+03
1.328108e+01
1.183154e+02
6.584893e+01
1.970282e+02
3.830031e+00
2.682131e-05
2.722690e-03
3.047088e-03
9.941436e+00
4.218999e+04
1.495106e+00
2.704777e-04
9.075324e-03
8.018798e-02
3.811933e-01
3.522440e+06
5.649902e-04
1.233595e+03
1.685219e-01
2.678235e+05
1.609795e+01
2.147679e-01
1.850418e-01
9.301979e-01
1.064910e+02
1.450438e+02
2.393764e+00
6.186431e+00
2.747736e-01
5.523236e+03
1.281761e+02
1.226114e+02
6.493310e-01
3.553047e+02
1.503828e+00
8.937370e-04
1.772243e-03
1.616095e-05
8.570255e+00
2.453777e+04
6.576366e-04
1.026659e+03
1.037197e+00
9.190324e-02
4.128440e-01
5.549575e-02
7.436731e-01
8.318569e+02
1.321452e-01
4.726041e+02
9.633241e-02
6.254640e-02
5.724821e-04
3.570829e+00
1.803892e+00
8.527060e-01
2.813967e+00
2.641744e+01
1.826268e-02
4.346358e+00
1.924072e-01
1.175170e+00
2.069217e+00
1.348942e-04
1.592907e-03
2.407331e-03
1.272177e-04
1.059683e-01
4.582734e-01
1.518135e-04
5.554355e-03
1.137970e+00
1.180995e+02
