1.350137e-01
6.976892e+02
2.550911e+01
3.432609e+01
5.111415e+01
8.091810e+01
1.888286e+00
1.566076e-04
1.388606e-02
8.654239e-04
1.935922e+00
2.092934e+04
1.649449e+00
1.257211e-03
3.457385e-02
5.939985e-02
8.368042e-02
5.786533e+05
5.844753e-03
1.379783e+02
6.480737e-01
4.433544e+04
1.697452e+01
1.871120e+00
2.911925e-02
1.150506e-01
1.851389e+01
2.384044e+02
7.710518e+00
1.426554e+01
2.915800e-01
3.651208e+04
4.681787e+00
2.259804e+01
3.658672e-01
9.021723e+01
1.265013e+00
2.864905e-03
8.303549e-04
5.146711e-05
9.352460e+00
8.745604e+03
5.544212e-04
3.388749e+02
1.014079e+00
5.215647e-02
4.759265e-01
4.011474e-02
8.688135e-01
2.498952e+03
4.261337e-02
2.442122e+03
3.230356e-02
1.874679e-02
1.109549e-03
4.252555e+00
5.242405e-01
3.091806e-01
5.609121e-01
2.228506e+01
2.237478e-02
8.010484e+00
4.703592e-01
2.243815e-01
1.904733e+00
1.105582e-03
1.107726e-03
1.794633e-03
1.208385e-05
1.236994e-02
3.807285e-01
2.893858e-05
1.642927e-02
1.769866e+00
3.144876e+02
