1.504667e-01
9.500590e+02
1.665676e+01
6.852953e+01
2.974755e+01
2.433415e+02
1.554198e+00
1.767352e-04
8.313212e-03
1.118090e-03
3.470793e+00
4.990441e+04
9.702049e-01
3.965052e-04
2.819907e-02
6.453880e-02
1.396079e-01
1.143898e+06
7.157678e-03
2.165168e+02
2.652953e-01
2.575625e+04
2.304727e+01
8.687866e-01
1.910367e-01
8.187375e-02
9.036877e+00
1.080998e+02
8.186675e+00
3.489170e+01
4.308455e-01
3.406996e+04
1.445662e+01
1.612578e+01
5.325231e-01
2.092500e+02
1.401711e+00
1.932500e-03
1.408038e-03
2.929114e-04
6.309464e+00
2.617382e+04
1.487566e-04
1.246785e+03
1.611988e+00
2.288685e-01
2.854299e-01
5.165319e-02
1.399609e-01
1.746721e+03
1.345365e-01
6.366734e+02
4.748526e-02
9.064468e-02
4.960437e-04
2.478265e+00
2.992433e-01
1.740142e-01
5.892784e-01
9.018208e+00
7.031092e-03
3.693814e+00
1.173878e+00
1.750709e-01
1.667211e+00
9.784478e-04
5.784339e-04
8.572515e-04
1.364157e-05
1.660561e-02
1.285910e-01
3.089297e-05
8.397862e-03
1.235035e+00
3.072800e+02
