2.637835e-01
8.641895e+02
2.192477e+01
5.628169e+01
5.213113e+01
3.333007e+02
1.736943e+00
1.469086e-04
2.261345e-03
1.548083e-03
1.984672e+01
1.534368e+04
1.564085e+00
9.793389e-04
4.077599e-02
9.867053e-02
9.002506e-02
4.337642e+05
3.100551e-03
1.453259e+02
5.117078e-01
1.674067e+04
3.134134e+01
7.473648e-01
2.773496e-02
3.548401e-02
2.101218e+01
1.333225e+02
1.880243e+01
1.357850e+02
6.895599e-01
1.486183e+04
7.686961e+00
1.540905e+01
4.114039e-01
1.724104e+02
1.447111e+00
1.612634e-03
2.553011e-03
1.305226e-04
3.863561e+00
1.067811e+04
1.964175e-04
3.341846e+02
1.814762e+00
1.205427e-02
4.032045e-01
1.690720e-02
1.664062e+00
7.151754e+03
5.547639e-02
3.555196e+03
2.598781e-02
1.748783e-02
1.180208e-03
9.582421e+00
1.019575e-01
5.819771e-02
3.584867e-01
5.787472e+01
9.452760e-03
1.221080e+01
8.633335e-01
3.749910e-01
1.665243e+00
2.785890e-04
5.793888e-04
3.156310e-04
2.780675e-05
8.305921e-03
6.965991e-02
6.004443e-05
6.411257e-03
2.291997e+00
1.689872e+02
