1.586535e-01
1.972477e+03
2.695881e+01
2.165601e+02
1.292961e+02
3.689571e+01
2.048428e+00
8.707313e-04
8.809699e-03
1.332027e-04
5.258849e+00
3.432518e+03
5.811644e-01
1.628415e-03
1.032469e-01
5.592243e-01
7.956092e-01
4.358654e+05
4.466545e-03
7.747757e+01
1.277945e+00
3.349310e+03
9.438468e+01
6.730562e-01
3.821407e-03
4.230254e-02
3.407930e+01
9.298763e+02
1.595767e+00
9.331134e+01
6.284203e-01
6.531443e+04
2.999977e+00
4.965048e+01
4.463487e-01
9.292916e+01
1.149181e+00
1.593551e-02
3.710724e-04
2.603345e-04
1.955185e+00
1.307476e+03
1.066705e-03
3.060848e+03
7.423444e+00
3.652441e-02
3.881701e-01
2.655994e-01
2.047130e-01
8.911111e+02
6.836950e-02
2.222529e+02
8.444246e-03
1.978699e-01
6.054227e-04
1.065682e+02
8.212528e-02
9.459718e-02
3.007263e-01
2.084191e+02
2.087888e-03
4.894673e+01
5.579516e+00
2.803604e-01
1.146872e+00
1.614268e-04
3.716938e-03
4.914145e-03
2.080618e-04
1.028702e-01
3.845318e+00
3.538100e-04
1.751125e-02
2.243091e+00
7.643714e+01
