1.474970e+00
1.310102e+03
5.948459e+01
2.937618e+02
1.147839e+02
2.256184e+01
2.368765e+00
3.422628e-05
4.156264e-03
2.005337e-04
8.475131e+00
2.905735e+04
6.786236e+00
3.320083e-03
1.739723e-01
1.604696e-02
3.275204e-01
3.718989e+06
1.387343e-02
6.013216e+01
5.978808e-02
1.710853e+05
1.507475e+01
5.491742e+00
8.412416e-03
1.939191e-01
2.284349e+01
6.438381e+02
2.009471e+00
1.562980e+01
1.320237e+00
8.591827e+03
1.379479e+02
1.161354e+01
1.929963e+00
9.446107e+01
2.429146e+00
9.454463e-04
4.370954e-03
2.427092e-05
8.907637e-01
6.871596e+04
2.626529e-03
9.212176e+02
3.276619e+00
1.052013e-01
5.848626e-01
6.223368e-02
3.312836e-01
4.934290e+02
2.748367e-01
1.703155e+03
9.719261e-02
5.116820e-01
4.505738e-04
3.787539e+01
6.129260e-01
3.144705e-02
1.153760e+01
1.224619e+02
1.646825e-01
2.231435e+00
7.132027e-01
1.369949e+00
3.806294e+00
5.135177e-04
1.050800e-03
2.016019e-02
2.208359e-05
1.648512e-02
1.555483e-01
5.557586e-05
1.891444e-02
2.929453e+00
8.662128e+01
