1.002272e-01
8.429180e+02
1.658115e+01
1.708050e+01
2.031390e+01
1.737806e+02
1.933400e+00
1.344976e-04
1.473307e-02
1.860495e-03
5.126143e+00
2.129627e+04
4.773297e+00
1.439229e-03
3.107195e-02
3.101714e-02
9.406444e-02
2.308370e+05
4.576610e-03
1.033503e+03
2.909287e-01
4.792304e+04
5.305382e+00
6.771811e-01
4.330988e-02
1.111613e-01
4.437006e+01
8.601186e+02
6.269480e+00
3.388805e+01
4.859459e-01
3.122626e+04
5.536119e+01
3.350837e+01
6.122702e-01
8.600382e+01
1.414652e+00
4.894919e-03
6.663085e-04
1.636291e-04
4.278288e+00
3.345998e+03
3.526957e-04
2.713545e+02
2.584406e+00
1.224962e-01
5.989403e-01
8.465462e-02
7.252504e-01
2.417930e+03
7.079376e-02
8.264340e+02
9.885755e-02
2.008189e-02
1.401784e-03
3.120067e+01
1.338276e+00
3.097537e-01
4.782677e+00
1.307347e+01
8.371312e-03
4.780967e+00
5.344847e-01
8.755068e-01
1.742903e+00
1.461552e-04
1.493615e-03
4.837611e-03
1.973091e-05
8.765898e-03
1.715888e-01
6.832505e-05
1.445973e-02
1.877357e+00
3.785711e+02
