2.619226e-01
2.321173e+02
2.602229e+01
2.757941e+01
1.159393e+02
1.235899e+02
1.985313e+00
7.793691e-05
3.209523e-03
1.653495e-03
2.376276e+01
1.280615e+04
3.257929e+00
5.841640e-03
1.930441e-01
3.848314e-02
9.124739e-01
5.209130e+06
1.473152e-02
3.035502e+03
5.361176e-01
4.958684e+04
9.316620e+00
8.075552e-01
9.721610e-03
5.251273e-02
3.357004e+01
1.807061e+03
4.222430e+00
4.077607e+01
1.568281e+00
1.839295e+04
1.305668e+01
4.982438e+00
3.766049e-01
1.376172e+02
1.448390e+00
1.871106e-03
8.448850e-04
1.696615e-04
3.272327e+00
5.478908e+03
3.817491e-04
5.457810e+02
7.972530e-01
5.950140e-02
4.221470e+00
3.497563e-02
1.438644e+00
3.528656e+03
1.366755e-01
1.250328e+02
8.093839e-02
3.208989e-02
4.691272e-04
2.088129e+01
2.817344e-01
1.131943e-01
1.140470e+00
2.932415e+01
9.323584e-03
4.694583e+01
4.534433e-01
3.903518e-01
2.258082e+00
1.367227e-04
4.190434e-03
2.000949e-03
1.106954e-05
3.959280e-02
2.533508e-01
1.819052e-04
1.957990e-03
2.278220e+00
1.687733e+02
