5.207865e-01
2.503658e+02
8.440959e+00
8.630638e+00
5.506135e+00
1.146654e+02
1.386344e+00
6.464829e-05
1.374752e-02
7.544443e-03
5.636949e+01
4.728873e+04
3.154219e+00
5.051043e-03
2.950596e-02
1.026170e-02
1.383096e+00
4.782534e+05
7.094257e-04
3.092224e+03
2.833508e-01
8.368164e+04
2.309916e+00
1.026752e-01
4.163822e-03
7.108820e-01
1.923118e+00
4.882999e+02
6.574760e-01
2.572219e+01
8.265587e-02
1.075442e+04
5.888336e+00
1.504397e+02
1.660458e+00
3.692947e+02
2.275277e+00
2.207239e-03
7.438480e-04
5.351317e-05
4.697513e+00
3.004297e+03
4.337810e-04
9.999076e+02
8.925429e-01
1.713576e-02
6.197978e-01
1.152209e+00
3.191150e-01
1.154843e+04
8.336823e-03
6.019377e+03
6.227801e-02
9.065929e-02
1.185297e-02
1.580784e+00
1.432461e+00
2.294116e+00
4.862379e-01
2.596726e+01
3.368600e-02
1.899254e+00
8.191095e+00
4.333092e+00
2.502845e+00
3.579183e-04
1.443889e-02
8.046885e-04
1.442687e-05
1.057245e-02
1.174383e+00
1.876039e-04
6.575875e-02
1.774382e+00
1.054197e+02
