2.109727e-01
2.574093e+02
2.482094e+01
3.114323e+01
1.118332e+02
1.544094e+02
1.930234e+00
1.186236e-04
3.741989e-03
1.291686e-03
1.721083e+01
1.717350e+04
3.526676e+00
4.663916e-03
1.824421e-01
3.145563e-02
7.197053e-01
6.954445e+06
1.543793e-02
3.761733e+03
4.506603e-01
4.662961e+04
9.702181e+00
8.974819e-01
1.064171e-02
5.913326e-02
3.545033e+01
2.402778e+03
2.995453e+00
4.821931e+01
1.367754e+00
1.974698e+04
1.583343e+01
6.546693e+00
3.471163e-01
1.189414e+02
1.364517e+00
1.642994e-03
9.470283e-04
1.444195e-04
2.765512e+00
4.517469e+03
4.005526e-04
8.235050e+02
1.001353e+00
6.606558e-02
4.815057e+00
2.984382e-02
1.156985e+00
2.997920e+03
1.820242e-01
1.295563e+02
6.886967e-02
2.820965e-02
3.640384e-04
1.920618e+01
3.036981e-01
7.919561e-02
1.805183e+00
5.675810e+01
1.078313e-02
4.900816e+01
5.030262e-01
5.361155e-01
2.269912e+00
1.361399e-04
3.364255e-03
2.203406e-03
1.224049e-05
3.271017e-02
2.929834e-01
1.442952e-04
1.949555e-03
1.919257e+00
1.824378e+02
