1.451428e-01
7.227363e+02
3.965709e+01
1.414344e+02
1.274190e+01
1.693954e+02
2.409299e+00
3.453134e-04
2.200077e-02
1.746105e-03
4.400741e+01
7.812707e+03
5.999071e-01
8.000944e-04
2.807911e-03
3.353465e-01
1.593632e-01
1.622855e+05
1.692127e-03
2.616780e+02
8.704604e-01
2.230348e+05
1.559179e+01
6.520299e+00
1.243589e-02
4.602325e-02
4.475369e+00
1.164001e+03
3.258657e+01
1.522943e+01
3.918770e-01
3.450626e+03
2.033614e+01
8.542053e+01
1.626092e+00
2.356017e+02
2.688473e+00
5.824043e-03
1.694735e-03
9.671005e-06
8.335753e+01
4.451444e+03
8.477648e-04
2.941626e+02
9.119967e+00
1.924984e-02
1.117531e-01
1.711937e-02
4.667213e+00
1.993132e+04
7.793935e-03
3.129748e+03
6.138532e-02
5.066886e-01
1.157690e-02
9.289711e+00
8.945539e-01
3.710523e-02
5.098393e-01
3.455851e+00
1.329191e-01
7.049638e+00
1.512746e+00
1.590616e-01
3.911407e+00
1.280638e-03
2.764063e-03
1.846807e-02
4.022873e-05
2.444019e-02
2.886861e+00
3.084550e-04
1.113308e-02
1.680947e+00
3.585419e+02
