1.003069e+00
1.799083e+03
1.971829e+01
2.779512e+01
2.469259e+01
1.551054e+02
1.632771e+00
1.566866e-04
3.239018e-03
1.752427e-03
2.996797e+00
1.272522e+05
5.100228e+00
1.445050e-03
3.892743e-02
3.575728e-01
7.669030e-02
3.285365e+05
1.328418e-02
1.811779e+02
7.136640e-01
4.692721e+04
1.368741e+01
1.598010e+00
2.891471e-02
3.271278e-01
4.869537e+01
7.256690e+02
6.096321e+00
9.843408e+00
3.710669e-01
3.085757e+04
1.855139e+01
1.045406e+01
6.304080e-01
2.713544e+02
1.188768e+00
1.429423e-03
1.352419e-03
5.173498e-05
7.919006e+00
4.961379e+03
5.182455e-04
1.362749e+03
2.725866e+00
6.670737e-02
7.627863e-01
5.369413e-02
2.746541e+00
2.641451e+03
2.171200e-02
1.694317e+03
6.417204e-02
1.338820e-01
5.583146e-04
3.639327e+00
6.311449e-01
2.461638e-01
1.747348e+00
1.381465e+01
2.776889e-02
1.487170e+01
3.585977e-01
1.433506e+00
1.422192e+00
3.250512e-04
2.565792e-03
1.872035e-03
2.445853e-05
2.087716e-02
7.838504e-01
8.182512e-05
1.691425e-02
1.827744e+00
1.452123e+02
