1.812767e-01
2.836505e+02
3.519494e+01
5.227108e+01
1.108081e+02
1.161231e+02
1.732966e+00
1.363480e-04
2.935097e-03
2.154084e-03
2.651485e+00
7.674927e+04
1.315397e+00
1.172786e-03
2.661012e-02
1.257456e-01
1.786680e-01
2.218116e+06
1.485556e-02
4.861719e+02
1.620982e-01
1.644342e+04
5.765050e+00
2.404476e+00
2.862646e-02
2.618161e-01
2.179462e+01
4.222998e+02
1.522429e+01
1.019992e+01
3.148143e-01
7.507568e+04
4.511141e+00
1.098073e+01
4.041803e-01
5.172728e+01
1.600593e+00
2.190657e-03
8.371505e-04
1.051656e-04
6.404175e+00
6.638348e+03
1.038409e-03
5.462570e+02
4.060568e+00
1.218276e-01
6.536932e-01
1.970750e-01
6.264685e-01
4.806528e+03
5.416584e-02
2.455296e+03
5.584888e-02
5.253471e-02
1.119121e-03
3.188846e+01
9.973611e-01
2.444211e-01
3.309346e+00
1.878995e+01
8.765498e-03
1.077055e+01
1.263104e+00
2.516536e-01
1.210088e+00
7.823842e-05
9.170878e-04
6.186918e-03
2.834544e-05
8.100195e-03
2.400924e-01
8.400653e-05
2.865800e-02
2.893994e+00
1.963162e+02
