5.185326e-02
5.528075e+02
1.050701e+01
2.994074e+00
1.540892e+02
2.390306e+01
1.582771e+00
4.023502e-05
3.820288e-02
1.954731e-03
1.959203e+01
5.681291e+04
1.716421e+00
3.956574e-03
4.609531e-02
6.357178e-02
1.277689e-01
4.141594e+05
4.443109e-03
9.565655e+02
1.745038e+00
4.830702e+04
3.854749e+01
5.803964e+00
1.810058e-02
7.048706e-02
2.358966e+00
8.145358e+02
1.347973e+01
1.968382e+00
9.308038e-02
5.842655e+03
2.482531e+01
5.410072e+00
6.107914e-01
2.809189e+02
1.577373e+00
7.522152e-03
3.499278e-04
3.522972e-05
2.728529e+01
2.491903e+03
4.183517e-04
2.821527e+02
1.745848e+01
2.310899e-02
1.371182e-01
4.733120e-01
5.460239e-01
4.957156e+03
1.785665e-02
1.157116e+04
7.670165e-02
1.132782e-02
5.063405e-03
8.700803e+00
4.103347e+00
6.174910e-01
5.230391e-01
2.571469e+01
2.407190e-02
1.157882e+00
6.048409e-01
6.407627e-01
2.203009e+00
2.050940e-04
9.408541e-03
2.448164e-04
3.327212e-05
3.231745e-02
2.669014e-01
1.921175e-04
1.514946e-02
1.232361e+00
6.169599e+02
