2.544861e-01
1.348289e+03
2.229550e+01
6.003034e+01
5.568641e+00
3.795230e+01
2.781436e+00
1.696105e-05
1.692451e-03
1.245747e-02
5.636949e+01
1.142448e+05
4.120496e+00
1.172165e-02
1.115671e-01
9.599328e-03
1.596688e-01
4.659773e+05
5.166342e-02
1.088042e+02
7.613128e-01
1.595334e+05
4.030056e+00
4.101938e+00
3.126558e-02
2.558462e-01
7.692923e+01
1.502521e+03
6.574760e+01
4.500090e+00
1.593199e+00
2.131269e+05
4.137151e+00
1.504397e+02
5.904128e+00
1.859761e+03
1.913692e+00
5.767394e-03
4.839243e-04
2.029769e-04
2.601051e+01
2.791796e+04
2.201937e-04
1.979729e+02
1.745848e+01
3.641538e-01
1.640397e-01
1.332498e+00
9.099687e+00
8.339057e+03
3.866346e-01
1.754612e+03
3.111570e-01
5.652192e-02
1.670815e-02
7.999376e+00
1.750684e-01
2.362211e+00
7.979648e-01
3.504286e+01
8.372133e-02
9.544308e+01
1.464959e+00
6.374901e+00
4.000000e+00
3.418410e-04
5.576679e-03
4.208853e-04
3.708972e-05
1.218809e-02
3.969506e+00
1.195197e-05
2.252496e-02
3.248892e+00
3.315457e+02
