2.205554e-01
2.305749e+02
2.516065e+01
2.798548e+01
1.029136e+02
1.412807e+02
1.694476e+00
1.244507e-04
2.921913e-03
1.958947e-03
1.649089e+00
6.803181e+04
1.014848e+00
1.354809e-03
2.488418e-02
1.386123e-01
1.232628e-01
1.756905e+06
1.237058e-02
4.327207e+02
7.720943e-02
1.280899e+04
6.616182e+00
1.946644e+00
2.688198e-02
2.059242e-01
1.165524e+01
3.089794e+02
1.333329e+01
4.885439e+00
2.632891e-01
4.681874e+04
3.322147e+00
1.151202e+01
3.487467e-01
6.192857e+01
1.654679e+00
1.301263e-03
8.683093e-04
5.986134e-05
8.294606e+00
5.667318e+03
1.491711e-03
3.988977e+02
3.554099e+00
1.007314e-01
5.439885e-01
1.712149e-01
6.361594e-01
5.434490e+03
3.076922e-02
2.052992e+03
5.940205e-02
4.582509e-02
1.166605e-03
2.097416e+01
9.581704e-01
2.975885e-01
2.222070e+00
1.304340e+01
7.744595e-03
8.429722e+00
1.325301e+00
1.699336e-01
1.171731e+00
8.452533e-05
7.896582e-04
4.628578e-03
1.697960e-05
5.257271e-03
2.045288e-01
6.012483e-05
2.274093e-02
2.777684e+00
1.431935e+02
