1.825255e-01
4.456333e+02
2.989021e+01
1.068136e+02
9.927861e+00
1.244355e+02
2.210348e+00
1.756466e-04
7.257650e-03
1.936380e-03
4.026958e+01
5.973653e+03
2.992347e-01
1.368730e-03
2.426976e-03
1.898239e-01
1.097863e-01
1.348727e+05
9.256046e-04
1.475400e+02
7.127815e-01
1.895063e+05
5.011001e+00
3.989578e+00
8.076757e-03
3.165442e-02
6.156195e+00
5.992349e+02
1.935779e+01
7.925128e+00
1.088392e-01
3.792380e+03
1.243676e+01
1.379883e+02
1.138116e+00
3.345178e+02
2.654177e+00
1.141412e-03
1.694457e-03
1.309703e-05
8.716742e+01
2.225046e+03
9.258237e-04
2.619622e+02
5.453502e+00
1.070134e-02
7.189194e-02
1.332498e-02
2.916252e+00
2.003319e+04
9.001544e-03
2.758419e+03
9.191275e-02
3.337533e-01
8.450335e-03
5.693022e+00
7.577383e-01
3.144705e-02
2.335459e-01
2.659483e+00
1.312456e-01
4.604316e+00
1.996727e+00
8.311244e-02
3.338400e+00
1.064591e-03
2.446282e-03
1.436394e-02
2.214116e-05
1.844695e-02
2.789298e+00
1.574303e-04
1.102512e-02
1.382216e+00
1.993159e+02
