2.849641e-01
1.423981e+02
2.192214e+01
4.703630e+00
2.955214e+00
7.610477e+02
1.556908e+00
3.385856e-04
1.145466e-03
1.173422e-03
4.770501e+00
2.466641e+05
2.425881e+01
1.729055e-04
1.281942e-02
2.918574e-02
1.282962e+00
4.415232e+05
6.706932e-04
9.447451e+01
1.002311e-01
9.072816e+03
5.924903e+00
5.331891e-01
2.592507e-03
7.890391e-02
1.798591e+01
5.507033e+02
6.909861e-01
1.499181e+00
1.023213e-01
1.806423e+04
1.479112e+01
1.537788e+01
3.647400e+00
4.105867e+02
1.493911e+00
6.149865e-03
6.604471e-04
8.045625e-05
1.161727e+01
2.507300e+03
7.242993e-04
6.003467e+02
4.959852e-01
4.810827e-02
5.727490e-01
1.084036e+00
3.804003e+00
3.992061e+04
1.761262e-01
1.162038e+02
4.299819e-02
2.006755e-02
9.129691e-03
1.855512e+01
6.860205e-02
4.170316e-01
4.387963e+00
4.776287e+01
8.796580e-02
9.544308e-01
2.701388e+00
4.549332e-01
1.323769e+00
4.656515e-04
2.523311e-04
2.845761e-04
7.946920e-05
6.404577e-03
6.687224e-02
4.130000e-06
1.384439e-03
1.481605e+00
1.571314e+02
