1.188984e-01
2.403164e+02
3.267170e+01
4.044481e+01
8.886775e+01
1.313576e+02
1.717913e+00
1.427803e-04
2.919483e-03
2.396624e-03
3.807219e+00
1.306705e+05
1.598023e+00
9.739633e-04
2.958219e-02
1.319562e-01
1.806603e-01
4.258394e+06
8.782611e-03
3.971920e+02
1.483580e-01
1.306093e+04
6.564636e+00
2.863969e+00
4.283743e-02
1.426616e-01
1.557684e+01
3.673680e+02
2.749965e+01
1.173632e+01
2.860893e-01
5.670616e+04
6.196207e+00
1.056966e+01
2.688139e-01
3.477414e+01
1.480640e+00
3.270504e-03
7.980537e-04
1.161982e-04
1.114864e+01
1.122701e+04
9.640643e-04
4.201849e+02
5.387111e+00
1.468142e-01
8.433137e-01
1.807388e-01
3.600330e-01
5.206067e+03
1.283650e-01
3.172566e+03
5.620682e-02
5.381842e-02
1.277947e-03
4.883242e+01
7.820936e-01
2.673984e-01
1.569744e+00
1.211566e+01
4.299284e-03
1.051137e+01
1.533203e+00
2.505105e-01
1.163674e+00
1.021942e-04
1.093472e-03
8.651040e-03
3.198662e-05
1.169677e-02
1.804351e-01
8.929326e-05
2.900743e-02
3.029365e+00
2.497105e+02
