4.111997e-01
7.918659e+02
1.938737e+01
2.803849e+01
1.349338e+01
1.049533e+02
1.842259e+00
8.672723e-05
4.217264e-03
2.818172e-03
4.553984e+01
1.651344e+04
1.797955e+00
1.213173e-03
3.991283e-02
1.535524e-01
4.345112e-01
3.588349e+05
1.697473e-02
1.763685e+02
4.364645e-01
5.082223e+04
1.659902e+01
1.759190e+00
1.045610e-02
8.886585e-02
1.110351e+02
2.159639e+02
1.209468e+01
1.109498e+01
2.386214e-01
1.110628e+04
1.362812e+01
5.018218e+01
8.372999e-01
2.174563e+02
1.504572e+00
2.448518e-03
9.968630e-04
1.131041e-04
1.482159e+01
2.964519e+03
2.703613e-04
3.064298e+02
2.246586e+00
3.741585e-02
1.827333e-01
2.781081e-02
3.415794e+00
6.536877e+03
6.088962e-02
2.336722e+03
1.162829e-01
3.167075e-02
1.626834e-03
5.233930e+00
1.136999e+00
4.188339e-01
2.518260e+00
2.459068e+01
1.683372e-02
5.254762e+00
2.276136e-01
5.393347e-01
1.677686e+00
3.619432e-04
1.616623e-03
1.522107e-03
4.356322e-05
1.406483e-02
4.199587e-01
1.232661e-04
8.409558e-03
2.820041e+00
1.533362e+02
