1.900073e-01
1.307462e+03
3.646547e+01
2.462442e+02
2.062782e+02
4.294930e+02
1.713769e+00
8.640525e-05
7.183109e-03
7.035821e-04
4.959092e+00
2.022739e+04
5.818477e+00
1.587928e-04
2.575570e-03
7.512141e-02
7.122057e-02
4.806923e+05
4.060707e-02
1.124245e+03
1.907444e-01
1.981190e+05
6.328323e+00
1.536336e+00
3.062780e-02
9.655583e-01
9.573992e+00
1.567674e+02
1.162095e+00
6.367386e+01
1.856574e+00
5.648764e+03
2.689693e+01
5.883252e+01
7.122680e-02
3.378581e+02
1.260044e+00
4.321389e-03
1.441609e-03
4.633675e-05
5.397536e+01
2.272355e+03
3.593079e-04
5.025490e+02
1.222401e+01
3.156337e-01
3.882760e+00
3.165363e-01
6.085373e-01
6.036026e+02
4.405356e-01
5.858328e+02
1.291611e-02
3.378067e-02
4.832665e-04
2.034719e+00
8.688135e-02
6.894928e-02
2.054277e+01
2.638784e+01
7.497944e-02
2.023222e+00
1.115849e+00
1.962037e-01
1.748684e+00
1.281665e-04
1.014615e-03
3.974117e-03
1.810678e-04
1.060748e-02
8.941247e-02
5.602548e-06
2.064777e-03
1.245037e+00
2.059104e+02
