2.114583e-01
6.608302e+02
1.262445e+01
2.698043e+01
9.722226e+01
1.137699e+02
1.909475e+00
2.888806e-04
4.811620e-03
1.866748e-03
3.385547e+00
1.855229e+04
9.237081e-01
6.920255e-04
3.633978e-02
1.966691e-01
7.253956e-02
6.356382e+05
2.700396e-03
2.228806e+02
3.254669e-01
2.682271e+04
5.914643e+01
3.281213e+00
1.636405e-02
2.801723e-02
2.420931e+01
1.021924e+02
8.577067e+00
1.593495e+01
2.352899e-01
4.334332e+03
2.039803e+01
2.199642e+00
3.873431e-01
4.017912e+02
1.354680e+00
1.089908e-02
6.684290e-04
6.275275e-05
5.433787e+00
2.400182e+03
3.503959e-04
6.729833e+02
8.852987e-01
3.359975e-02
4.025816e-01
6.413491e-02
1.140289e+00
3.113178e+03
4.952498e-02
3.227386e+03
4.550299e-02
2.338564e-02
2.565566e-04
1.639560e+01
4.556740e-01
1.438816e+00
4.997062e+00
1.713508e+01
2.053775e-03
1.212959e+01
3.446142e-01
2.923920e-01
2.058648e+00
1.673528e-04
1.724635e-04
2.808156e-03
4.383755e-05
1.063531e-02
1.526572e-01
1.286012e-05
1.775198e-02
2.631418e+00
2.054986e+02
