3.440161e-01
8.180629e+02
1.959698e+01
2.317196e+01
1.346240e+01
1.032676e+02
1.857371e+00
1.044674e-04
3.562785e-03
2.446270e-03
5.146770e+01
1.198885e+04
1.377674e+00
9.314702e-04
3.466402e-02
1.698520e-01
3.696916e-01
2.616662e+05
1.635484e-02
1.644618e+02
4.138468e-01
4.780230e+04
2.262362e+01
2.566459e+00
1.158117e-02
7.818668e-02
1.068680e+02
2.043687e+02
1.391694e+01
9.765080e+00
2.200256e-01
9.431175e+03
1.565502e+01
4.178373e+01
7.315741e-01
2.670417e+02
1.525053e+00
2.585488e-03
1.026820e-03
9.763430e-05
1.312915e+01
2.895037e+03
2.274098e-04
3.473433e+02
1.742782e+00
2.851900e-02
1.973567e-01
2.508085e-02
3.766854e+00
4.523932e+03
5.247753e-02
2.459157e+03
1.311624e-01
3.061681e-02
1.167514e-03
5.430894e+00
1.037374e+00
4.625636e-01
2.424335e+00
2.068875e+01
1.135827e-02
4.452865e+00
2.408886e-01
4.886309e-01
1.802627e+00
3.578546e-04
1.491032e-03
1.398633e-03
4.922048e-05
1.214784e-02
4.650160e-01
1.258025e-04
1.247685e-02
3.086304e+00
1.820057e+02
