1.746757e-01
2.481511e+02
2.126759e+01
2.617308e+01
1.533468e+01
8.782295e+01
1.665565e+00
2.585050e-04
2.138828e-03
1.430732e-03
3.221465e+00
6.151145e+04
1.479346e+00
2.228010e-03
1.166337e-02
3.473630e-02
1.232795e-01
3.397129e+05
2.691820e-03
1.931337e+02
1.175518e-01
1.751376e+04
6.421094e+00
2.436133e+00
1.938905e-02
1.354748e-01
1.371248e+01
4.277922e+02
5.129300e+00
5.064868e+00
1.946478e-01
1.169296e+04
5.550894e+00
6.803494e+00
4.381448e-01
8.921345e+01
1.197666e+00
1.588304e-03
1.535275e-03
7.056377e-05
1.311452e+01
3.609468e+03
5.888309e-04
1.193611e+03
1.953801e+00
3.042168e-02
5.517514e-01
7.545222e-02
2.498668e+00
2.302115e+03
2.344534e-02
5.996321e+02
3.211515e-02
8.645697e-02
4.814819e-04
3.026354e+00
2.328067e-01
1.888810e-01
9.157714e-01
1.214073e+01
1.321721e-02
1.602119e+01
5.946088e-01
1.218172e+00
1.732736e+00
2.968108e-05
7.504213e-04
2.433427e-03
2.159812e-05
6.360561e-03
3.422749e-01
1.693784e-05
1.165555e-02
1.969381e+00
1.826448e+02
