1.118696e-01
1.268569e+03
1.869271e+01
2.555807e+01
1.299671e+02
2.511371e+02
1.865840e+00
2.872585e-05
4.599693e-03
2.799273e-03
5.000407e+00
2.024013e+05
6.292343e+00
7.515759e-04
3.553184e-02
3.994867e-01
1.641633e-01
5.764388e+05
4.715384e-03
4.177385e+02
5.364491e-01
3.235171e+04
2.042197e+01
8.822679e+00
1.046547e-02
7.588699e-02
1.131608e+01
1.743270e+02
1.061033e+01
5.969749e+00
2.189103e-01
2.683653e+04
6.103211e+01
1.413511e+01
2.707600e+00
4.120025e+02
1.421370e+00
2.348268e-03
1.186709e-03
2.240482e-05
5.163267e+00
9.940422e+03
2.401445e-04
4.020137e+02
9.498249e+00
6.962200e-02
3.185546e-01
1.750920e-01
4.922096e-01
4.091713e+03
2.001422e-01
2.927924e+03
1.285444e-01
6.354701e-02
1.237598e-03
2.158097e+01
9.170198e-01
7.471486e-02
1.667828e+00
1.105134e+02
4.540307e-03
4.016735e+00
1.788171e+00
5.640491e-01
1.849951e+00
3.239958e-04
5.450169e-04
1.601285e-03
2.004370e-04
1.065658e-02
7.080726e-01
2.182079e-05
3.136083e-02
3.497698e+00
6.270352e+02
