1.058112e-01
8.928681e+02
1.024913e+02
1.318118e+02
5.184143e+00
5.837677e+01
1.857345e+00
3.556480e-04
7.979374e-04
8.343076e-03
7.053872e-01
2.283923e+05
2.426261e+00
3.651595e-04
7.688686e-03
3.186161e-01
1.321374e+00
1.608518e+05
1.859106e-02
9.431897e+02
2.135455e+00
1.529070e+05
5.482834e+00
1.948702e-01
1.611183e-02
6.343879e-01
1.587410e+02
3.635157e+03
6.584746e+00
2.223397e+00
3.741046e+00
3.587840e+03
1.599081e+00
4.820791e+01
1.235499e-01
4.980215e+02
1.574690e+00
1.673861e-02
5.533809e-03
3.085485e-04
6.053572e+00
4.269913e+03
9.532819e-04
1.982525e+02
4.478112e-01
1.087494e-01
9.626119e-02
1.665652e-02
2.667398e-01
1.382966e+04
2.480007e-02
4.715398e+02
3.319164e-01
3.911448e-02
2.854104e-04
2.725521e+01
4.612585e-01
4.389514e-02
1.043379e+01
1.229622e+02
9.436759e-03
2.645188e+00
1.020882e+01
2.011972e-01
2.626622e+00
8.035114e-05
8.663853e-03
4.612890e-04
5.219519e-06
6.371774e-02
3.126750e-01
2.308087e-05
1.066255e-01
3.134730e+00
4.893796e+02
