2.036721e-01
6.262932e+02
2.519755e+01
4.764872e+01
2.943290e+01
1.025439e+02
1.953367e+00
1.910767e-04
7.153806e-03
8.271197e-04
7.243075e+00
2.736647e+04
1.043319e+00
1.141106e-03
6.721597e-03
8.213825e-02
1.396718e-01
1.754073e+06
6.716343e-03
6.530984e+02
2.238669e-01
2.051591e+04
1.733670e+01
7.134146e-01
2.529049e-02
4.651876e-02
1.595783e+01
1.189704e+02
6.084412e+00
6.823999e+00
1.387529e-01
2.993268e+04
2.330848e+01
1.132097e+01
1.337824e+00
6.973840e+02
1.832418e+00
1.866672e-03
9.946036e-04
2.945778e-05
7.894780e+00
4.776355e+03
9.226189e-04
5.234824e+02
1.928024e+00
1.383732e-01
1.012916e+00
2.348416e-01
9.433936e-01
3.686145e+03
7.713327e-02
6.607501e+02
7.132916e-02
2.891410e-02
2.157252e-03
1.127587e+01
7.228159e-01
6.256894e-01
1.065733e+00
5.299769e+01
6.680329e-02
5.883530e+00
2.576341e+00
1.617185e-01
1.860580e+00
1.713577e-04
4.214804e-04
4.431262e-03
3.329161e-05
4.522552e-02
4.593450e-01
2.519553e-05
2.166007e-02
2.254815e+00
2.174948e+02
