2.288700e-01
7.311946e+02
2.557516e+01
2.083343e+02
2.710338e+01
2.810521e+02
1.588071e+00
2.825902e-04
4.543895e-03
1.166928e-03
1.799621e+00
2.641823e+04
2.693515e+00
5.255922e-04
6.683403e-02
5.227851e-02
6.308894e-02
6.325896e+05
8.777837e-03
1.285321e+02
1.973135e-01
1.902168e+04
1.430697e+01
8.960890e-01
1.258093e-02
9.093166e-02
1.276468e+01
1.538649e+02
8.993702e-01
1.197295e+01
3.637484e-01
3.856135e+04
6.320544e+00
7.908972e+00
4.549126e-01
1.821343e+02
1.133190e+00
4.810925e-03
5.419374e-04
1.075316e-04
8.863872e+00
4.180374e+03
1.213671e-03
3.751922e+02
9.469464e-01
3.868589e-02
9.050552e-01
2.149536e-02
8.112470e-01
8.500133e+03
1.304450e-01
7.344572e+02
6.195344e-02
1.637054e-01
6.054112e-04
2.098860e+01
3.730884e-01
1.820606e-01
8.125262e-01
4.948548e+01
1.071426e-02
9.530239e+00
6.649006e-01
8.115561e-01
1.199273e+00
2.013107e-04
4.181668e-04
1.360104e-03
1.258464e-05
9.653780e-02
4.316469e-01
3.248224e-05
1.112179e-02
1.860848e+00
1.867003e+02
