2.162985e-01
6.000362e+02
1.948465e+01
3.823252e+01
2.398374e+01
7.736127e+01
1.782399e+00
1.592160e-04
6.550750e-03
8.731511e-04
4.837907e+00
3.192255e+04
8.497755e-01
1.233783e-03
6.366712e-03
8.235456e-02
1.860001e-01
2.412996e+06
4.917007e-03
3.281812e+02
2.746272e-01
1.784095e+04
1.613962e+01
5.664428e-01
2.448337e-02
4.806190e-02
1.348576e+01
1.588535e+02
5.463876e+00
5.837273e+00
1.156225e-01
1.796696e+04
1.520596e+01
9.441172e+00
1.160558e+00
4.818415e+02
1.668401e+00
1.843798e-03
1.010627e-03
2.054061e-05
7.901726e+00
4.455756e+03
6.880209e-04
7.085157e+02
1.476192e+00
9.061442e-02
1.245437e+00
1.894517e-01
1.239556e+00
2.512982e+03
5.573172e-02
4.407400e+02
4.722328e-02
3.549285e-02
1.859817e-03
8.464192e+00
8.409380e-01
4.673052e-01
8.775986e-01
4.000262e+01
5.328342e-02
4.445064e+00
2.509752e+00
1.768757e-01
1.636151e+00
1.469923e-04
5.568982e-04
2.793569e-03
3.413772e-05
3.787228e-02
3.544744e-01
3.724131e-05
1.729655e-02
2.231812e+00
2.101198e+02
