1.034326e-01
8.031789e+01
9.674055e+01
7.147602e+01
1.812504e+02
5.139737e+01
3.010281e+00
2.559543e-05
6.574142e-03
2.204109e-03
1.884626e+00
8.061482e+03
9.170921e-01
2.282117e-03
6.556224e-03
9.904217e-02
1.224931e+00
3.187998e+05
1.678385e-02
1.384007e+03
4.573867e-01
5.495812e+03
2.987868e+01
6.607258e-01
3.181276e-03
2.248305e-02
4.586129e+00
8.679198e+01
1.578558e+00
5.797156e+01
7.760014e-01
1.150940e+05
4.242623e+00
8.818202e+01
2.599216e-01
3.219613e+01
2.847408e+00
5.494711e-03
2.074755e-03
1.050646e-04
1.657346e+01
1.258016e+04
9.521151e-05
1.956050e+02
8.256627e-01
5.865472e-02
2.183116e+00
3.943528e-02
1.549816e+00
3.179765e+03
3.221475e-01
7.424357e+03
1.167435e-01
3.512815e-01
2.892300e-03
2.699611e+00
1.715523e+00
1.343384e-01
1.520034e+01
1.444794e+02
2.204323e-02
2.683260e+00
4.559314e+00
1.442111e-01
2.859460e+00
3.941081e-05
1.243801e-02
3.557943e-04
8.513189e-05
8.105497e-02
4.898880e-02
1.023006e-05
2.592460e-02
3.386081e+00
2.004178e+02
