3.428484e-02
1.056728e+03
1.974922e+01
1.581712e+02
1.961016e+02
1.234166e+02
3.592131e+00
3.450055e-05
1.665166e-03
7.952777e-04
7.685194e+00
3.454237e+04
1.592078e+01
1.660067e-03
1.819103e-01
1.465688e-01
1.700188e-01
2.875367e+06
5.648117e-02
6.783913e+02
6.175588e-02
2.951607e+05
3.269710e+00
4.319612e+00
2.471480e-02
5.812241e-01
1.559296e+01
3.310671e+03
8.811033e+00
3.336353e+00
2.249030e+00
1.878240e+04
1.379479e+02
1.504397e+00
1.352787e+00
6.134804e+01
2.260614e+00
3.421310e-03
5.001880e-04
7.650000e-06
2.384667e+01
1.676325e+04
6.643560e-04
1.066085e+03
1.104398e+00
7.037924e-01
4.837744e-01
4.443241e-01
5.129282e-01
1.877535e+03
5.690943e-02
2.380999e+02
1.829600e-02
3.694041e-02
4.663150e-04
3.570675e+00
7.977468e-02
3.144705e+00
8.868078e+00
5.739738e+00
1.007792e-02
2.437212e+01
6.798164e+00
7.498915e-01
2.862257e+00
2.628092e-04
1.443889e-04
6.159026e-04
7.150912e-06
4.256140e-02
1.372731e+00
7.624199e-06
4.210903e-03
1.673566e+00
6.332982e+02
