4.267589e-02
3.947998e+02
1.949872e+02
2.629786e+02
6.149221e+01
5.379727e+01
2.970169e+00
1.270037e-04
1.667671e-02
3.242542e-03
1.898476e+00
7.812166e+04
3.825637e+00
1.172165e-04
1.960769e-01
5.706119e-01
5.048513e-02
1.736596e+05
9.162063e-03
3.878377e+01
1.736431e-01
8.434830e+04
1.976332e+01
4.851304e-01
1.060772e-01
1.361885e-01
3.306619e+01
4.415834e+01
1.180447e+00
7.297660e+00
6.628984e-01
4.081645e+04
2.672895e+00
1.797129e+00
8.670180e-01
6.254551e+02
2.295563e+00
1.544933e-03
2.429372e-03
7.650000e-06
2.166754e+00
8.562744e+02
5.270938e-03
1.681047e+02
2.422697e-01
9.641443e-03
5.452852e-02
1.336679e-02
3.602116e-01
1.027002e+04
4.544270e-02
1.166569e+03
9.038806e-02
2.259193e-02
1.917730e-03
3.848707e+01
1.459668e-01
1.621648e-01
2.335459e-01
5.282873e+01
3.162214e-02
2.517186e+00
1.472795e+00
2.552556e-01
1.375730e+00
3.847626e-04
1.443889e-04
8.662631e-03
3.766168e-06
6.833768e-03
2.550770e+00
9.929622e-06
5.215840e-02
1.461306e+00
1.122937e+03
