1.739513e-01
5.242250e+02
1.592020e+01
1.385073e+01
4.858551e+01
2.017221e+02
1.654095e+00
1.043992e-04
3.302563e-03
9.840907e-04
8.993216e+00
2.913458e+04
4.752286e-01
6.856769e-04
1.061767e-01
1.098005e-01
1.321310e-01
1.460320e+05
2.137967e-03
6.222945e+01
1.342077e+00
9.938243e+04
9.793187e+00
3.150681e-01
1.989578e-02
2.265796e-02
4.175755e+00
9.610322e+01
1.969201e+00
2.309759e+01
1.452776e-01
5.046348e+03
9.154309e+00
2.196958e+00
2.501826e-01
4.165512e+02
2.027387e+00
1.544150e-03
1.110978e-03
1.179729e-05
1.301489e+01
1.939391e+03
1.988886e-04
2.743817e+02
1.193252e+00
1.769721e-01
6.895023e-01
1.020451e-01
1.749379e+00
4.425010e+03
1.852145e-02
7.845955e+02
4.161888e-02
6.435636e-02
1.238529e-03
1.030705e+01
6.209175e-01
1.325165e+00
1.293669e+00
1.299571e+01
4.986180e-03
9.124023e+00
2.846892e+00
1.701795e-01
1.358768e+00
1.630402e-04
2.888667e-03
1.928545e-03
4.344973e-05
6.546057e-03
2.029637e-01
3.160196e-05
1.344898e-02
1.347884e+00
2.206049e+02
