2.043709e-01
6.634154e+02
1.882541e+01
2.949249e+01
2.942437e+01
1.030784e+02
1.748924e+00
1.987821e-04
5.627687e-03
7.287345e-04
4.864900e+00
2.342115e+04
7.022260e-01
9.932571e-04
6.406703e-03
1.139581e-01
1.996014e-01
1.718021e+06
7.289762e-03
3.789868e+02
2.597845e-01
2.180209e+04
1.859723e+01
8.412675e-01
3.856099e-02
6.301429e-02
1.587979e+01
1.005919e+02
6.394212e+00
5.145431e+00
8.957784e-02
2.822518e+04
2.262014e+01
1.484259e+01
1.376419e+00
7.712193e+02
1.837117e+00
1.440096e-03
1.111249e-03
2.827822e-05
1.434143e+01
2.927038e+03
1.024554e-03
4.842325e+02
1.840407e+00
1.288232e-01
8.691269e-01
2.103703e-01
1.090620e+00
2.680627e+03
6.856524e-02
3.692913e+02
6.716879e-02
4.079240e-02
1.923570e-03
1.543718e+01
8.319186e-01
4.812174e-01
9.925866e-01
4.433600e+01
4.952384e-02
4.779028e+00
3.438796e+00
1.468634e-01
1.663832e+00
1.256314e-04
3.230733e-04
3.624146e-03
2.990657e-05
4.985552e-02
5.706345e-01
1.737519e-05
2.039284e-02
2.068264e+00
2.168415e+02
