1.370011e-01
7.872740e+02
1.998446e+01
2.247870e+01
9.566198e+00
1.491624e+02
1.752938e+00
1.193967e-04
3.611896e-03
2.838145e-03
4.128040e+00
5.977681e+04
6.369047e-01
4.710915e-04
2.394623e-02
2.894408e-01
3.083717e-01
3.743120e+05
3.796344e-03
6.628437e+01
2.982876e-01
4.270317e+04
2.326962e+01
4.157122e+00
2.333067e-02
2.681562e-01
1.438846e+01
9.829450e+01
1.823546e+00
5.883886e+00
1.055028e-01
1.902479e+04
3.358736e+00
7.019653e+01
1.079282e+00
3.342952e+02
1.851593e+00
3.244988e-03
9.021783e-04
2.967123e-05
4.662673e+00
6.657926e+03
2.963938e-03
1.324101e+03
2.465317e-01
4.802820e-02
3.720696e-01
2.087211e-02
4.044369e-01
2.272069e+03
2.030044e-02
4.593094e+02
4.109946e-02
5.623608e-02
1.488063e-03
6.747628e+00
2.104709e+00
3.122550e-01
1.002950e+00
7.141833e+00
5.378634e-03
1.082683e+00
2.006062e+00
1.686785e+00
1.945609e+00
1.094013e-04
1.032346e-03
1.553400e-03
5.411781e-05
5.893504e-02
1.883245e-01
6.408808e-05
3.897603e-03
1.032460e+00
3.299891e+02
