1.010177e-01
2.517560e+02
9.839317e+00
8.909924e+00
6.004722e+01
2.659496e+02
1.928896e+00
1.756447e-04
9.782472e-03
6.651188e-04
8.185531e-01
4.090255e+04
6.695945e-01
2.087527e-03
6.205245e-03
1.973498e-02
5.347350e-02
4.207676e+05
3.285529e-03
2.421775e+02
1.066189e-01
1.110812e+04
7.519760e+00
5.099400e-01
1.256373e-02
1.336187e-01
3.576367e+00
1.807606e+02
2.482950e+00
5.145414e+00
1.782435e-01
1.033182e+04
6.917377e+00
1.263405e+01
2.180837e-01
2.217876e+02
1.296242e+00
4.129155e-03
1.156630e-03
4.813560e-05
1.342471e+01
1.248121e+04
3.871897e-04
3.313360e+02
5.039685e-01
1.416010e-02
1.727277e-01
2.321131e-02
5.065939e-01
1.280139e+03
4.401887e-02
3.825485e+02
4.546920e-02
1.687705e-02
1.115811e-03
9.480966e+00
3.998983e-01
7.514795e-02
2.278872e+00
1.181701e+01
5.141141e-03
2.168114e+00
8.508455e-01
3.861414e-01
1.784999e+00
9.527954e-05
2.971660e-03
1.866082e-03
1.966655e-05
2.287326e-02
3.820008e-01
3.121451e-05
3.762370e-03
1.936972e+00
2.060616e+02
