1.351322e-01
1.519974e+02
7.843126e+01
9.850085e+01
2.528807e+02
7.193752e+01
2.973592e+00
2.242575e-05
1.264079e-02
6.018418e-03
2.186072e+00
1.092462e+04
8.325512e-01
1.915016e-03
5.566085e-03
2.000098e-01
7.082114e-01
3.983084e+05
1.540959e-02
2.543988e+03
6.604984e-01
1.096962e+04
4.191222e+01
1.263318e+00
4.107887e-03
2.337172e-02
6.977402e+00
9.841323e+01
3.471713e+00
7.904774e+01
8.303553e-01
1.557615e+05
5.538851e+00
1.001120e+02
3.972169e-01
4.343855e+01
2.790179e+00
1.353757e-02
1.221461e-03
2.671926e-04
1.735924e+01
2.069141e+04
1.012564e-04
1.860814e+02
1.427614e+00
5.385543e-02
2.418951e+00
5.427068e-02
2.451539e+00
5.709707e+03
7.514050e-01
1.065076e+04
1.219400e-01
3.395252e-01
3.965192e-03
5.644442e+00
2.158888e+00
2.354108e-01
1.984400e+01
2.501782e+02
3.200089e-02
4.432352e+00
6.546006e+00
2.213202e-01
3.208145e+00
4.437791e-05
1.176925e-02
4.633142e-04
1.844333e-04
9.772941e-02
5.133533e-02
2.170583e-05
3.250518e-02
3.167248e+00
2.323351e+02
