1.490400e-01
5.271048e+02
1.708505e+01
1.239931e+02
6.323077e+01
5.333969e+02
2.336050e+00
8.642180e-05
3.167527e-03
6.374525e-03
3.236484e+01
8.817714e+04
6.444817e+00
4.476239e-04
6.735794e-03
5.692162e-02
1.847764e-01
9.144555e+05
1.451176e-02
1.322648e+03
3.565051e-01
5.312041e+04
2.375331e+01
1.244838e+00
2.237543e-02
6.521233e-02
7.368233e+01
1.367305e+03
3.444105e+00
4.723971e+01
2.779958e+00
4.930782e+04
3.580760e+01
4.820234e+01
2.030868e-01
3.427565e+02
1.802098e+00
1.804652e-02
8.384664e-04
7.043105e-05
3.915162e+00
8.337182e+04
2.191017e-03
2.451898e+02
8.805901e-01
4.467598e-02
3.287782e+00
8.605896e-02
1.241757e+00
2.923013e+03
3.086673e-02
6.250695e+03
1.663931e-01
3.814409e-02
1.960649e-03
1.070086e+02
7.367189e-01
1.601338e+00
5.247678e-01
6.910698e+01
5.560109e-02
8.111778e+01
4.297579e-01
5.256186e-01
2.361266e+00
2.460455e-03
5.259622e-03
6.821841e-03
5.207407e-05
2.314387e-02
5.536106e-01
8.356105e-05
1.988711e-02
2.512221e+00
2.017438e+02
