2.360543e-01
7.170555e+02
2.069501e+01
2.953961e+01
3.090148e+01
1.086899e+02
1.836336e+00
2.206484e-04
6.048204e-03
7.531441e-04
5.492475e+00
1.987172e+04
7.301242e-01
1.250259e-03
5.447553e-03
1.311059e-01
2.298072e-01
1.795318e+06
6.775354e-03
4.354579e+02
3.158818e-01
2.092232e+04
2.415877e+01
8.933922e-01
4.076008e-02
6.142844e-02
1.403622e+01
8.834265e+01
5.711611e+00
5.120815e+00
1.087769e-01
3.167747e+04
2.505812e+01
1.680058e+01
1.883970e+00
8.452928e+02
1.883584e+00
1.526936e-03
1.031482e-03
3.663793e-05
1.680310e+01
4.221492e+03
8.951428e-04
3.982632e+02
1.836329e+00
1.295858e-01
1.064765e+00
2.530270e-01
1.232299e+00
3.148788e+03
9.053412e-02
4.936569e+02
6.560765e-02
4.356415e-02
2.147845e-03
2.252587e+01
1.109214e+00
5.291574e-01
1.079930e+00
4.559182e+01
5.863188e-02
3.873802e+00
3.929678e+00
1.737701e-01
1.641931e+00
1.234931e-04
4.618897e-04
3.798125e-03
3.041506e-05
6.280586e-02
5.528216e-01
2.137860e-05
2.399363e-02
2.101762e+00
2.160357e+02
