6.200737e-01
1.382760e+03
7.306389e+00
1.538573e+01
1.149595e+01
4.724921e+02
1.961181e+00
4.133683e-04
3.000021e-02
6.491674e-03
1.047183e+01
8.497396e+03
7.758647e-01
1.508492e-03
2.426976e-01
2.252427e-01
3.091461e-01
7.355987e+06
1.879987e-03
1.684209e+02
5.503461e+00
2.951607e+05
1.009064e+02
1.906086e+00
1.508025e-02
2.603064e-01
5.017147e+00
3.458121e+03
2.153901e+01
1.407771e+02
2.421428e-01
3.966909e+04
4.380349e+01
1.654421e+01
6.952577e-01
1.866485e+01
1.070232e+00
1.101778e-02
5.039011e-03
1.203284e-04
3.413834e+01
8.232631e+03
8.310464e-04
2.047627e+03
2.990776e-01
7.016137e-01
2.709403e-01
3.189729e-02
9.099687e+00
5.582832e+03
3.164378e-01
2.351603e+02
2.088034e-01
4.676091e-01
1.190734e-03
9.155574e+01
8.315626e-02
4.566262e-01
9.120872e+00
5.745643e+01
6.306193e-03
2.133257e+00
5.790089e-01
1.338246e+00
2.079143e+00
2.714321e-05
2.425024e-03
1.610036e-03
2.036760e-05
8.385915e-03
3.969506e+00
2.919735e-05
5.282879e-03
3.055978e+00
1.073791e+02
