9.064742e-02
1.785566e+02
6.435193e+01
1.313428e+02
2.461584e+02
5.101603e+01
3.037252e+00
1.852869e-05
1.005395e-02
4.354542e-03
2.130208e+00
1.327276e+04
8.545768e-01
1.682824e-03
5.729405e-03
2.272508e-01
7.749123e-01
3.071243e+05
2.058118e-02
2.713781e+03
6.047360e-01
8.648012e+03
3.590429e+01
7.589194e-01
5.012750e-03
3.147103e-02
7.318280e+00
6.386577e+01
2.764840e+00
7.113050e+01
9.074359e-01
1.363763e+05
5.915468e+00
5.687466e+01
4.712847e-01
5.294383e+01
2.897445e+00
1.212309e-02
1.090826e-03
2.063666e-04
1.811490e+01
1.204826e+04
1.249838e-04
3.066895e+02
1.224177e+00
4.377874e-02
1.972165e+00
6.350872e-02
1.438136e+00
4.890285e+03
7.288729e-01
8.360349e+03
9.136090e-02
2.546167e-01
2.874925e-03
4.309120e+00
1.931387e+00
2.384234e-01
1.576266e+01
2.202601e+02
3.858521e-02
4.710973e+00
5.535272e+00
1.523296e-01
3.162578e+00
3.870407e-05
8.733613e-03
4.077591e-04
1.589287e-04
9.734882e-02
7.010713e-02
2.264192e-05
1.829666e-02
2.822550e+00
2.345511e+02
