6.859275e-01
1.209642e+03
1.345647e+01
2.235402e+01
4.507210e+01
1.317584e+02
1.813081e+00
5.817268e-05
1.709314e-02
3.870151e-03
5.003180e+00
4.586114e+04
1.970069e+00
1.930123e-03
1.405065e-01
7.204426e-02
1.610293e-01
3.712628e+06
3.762830e-03
3.018989e+02
5.818093e-01
7.890249e+04
7.875572e+00
2.380193e+00
7.266061e-03
5.853891e-01
7.687791e+01
6.234514e+02
3.163379e+00
3.382830e+00
1.310684e+00
5.139240e+04
8.112623e+00
6.438967e+00
3.914899e-01
9.947903e+01
2.173683e+00
3.512300e-03
5.571158e-04
1.089872e-04
2.551337e+01
4.471104e+04
1.258957e-03
7.171382e+02
1.458089e+00
1.908810e-02
1.276018e-01
1.388320e-01
2.852424e+00
1.702815e+03
2.051962e-02
6.390892e+02
1.601339e-02
1.498778e-02
4.221924e-03
8.999210e+01
4.322752e+00
4.000946e-01
4.172440e+00
9.002138e+01
2.115777e-02
8.528338e+00
2.803179e+00
2.079407e-01
2.154314e+00
4.428420e-05
8.612620e-04
3.528423e-03
1.427312e-05
1.625119e-02
8.154876e-01
2.291200e-05
8.192136e-03
2.114790e+00
1.265607e+02
