2.638140e-01
7.039101e+02
3.891301e+01
6.725343e+01
5.885487e+00
5.604518e+01
2.432706e+00
2.234037e-04
1.854149e-03
1.465107e-03
6.068353e+00
1.209232e+04
1.371848e+01
6.856946e-04
5.878914e-03
9.675619e-02
1.213359e-01
1.352353e+06
6.207969e-03
9.627664e+02
1.095287e-01
1.016790e+04
1.077175e+01
9.261709e-01
4.225552e-02
1.052352e-01
2.639077e+01
5.828921e+02
3.034886e+01
7.915551e+01
1.673935e+00
2.539908e+04
1.098922e+01
1.482767e+01
8.045655e-01
4.774859e+02
1.417253e+00
2.358814e-03
2.293205e-03
1.420772e-05
3.418892e+01
1.496522e+03
1.345938e-03
3.250418e+02
9.364386e+00
2.657916e-01
7.213173e-01
7.541302e-01
1.771264e+00
8.894366e+03
5.751328e-01
5.673165e+02
1.119069e-02
3.269362e-01
6.299327e-04
1.351292e+02
3.006551e+00
4.125269e-02
1.304485e+00
5.238916e+01
1.341302e-01
8.389072e+00
1.555010e+00
1.075689e+00
1.592730e+00
1.317551e-04
1.564011e-03
5.520960e-03
7.032836e-06
1.084545e-02
3.121323e-01
1.705886e-05
4.345205e-02
2.121138e+00
1.737378e+02
