1.251875e-01
2.217072e+02
1.790618e+01
1.376231e+01
4.630869e+01
2.768151e+02
2.431093e+00
5.684651e-05
1.533132e-03
6.438334e-04
1.072884e+01
3.319490e+05
8.718898e-01
1.172165e-04
1.022256e-01
1.875314e-02
5.636304e-01
7.355987e+06
8.182700e-03
8.873625e+02
6.241153e-01
2.884769e+04
1.060466e+01
7.925231e-01
2.280594e-02
7.499091e-01
1.650017e+01
5.849420e+01
3.676686e+01
2.130166e+01
6.497311e-01
9.848870e+04
6.016941e+00
3.271036e+01
1.135991e+00
3.096986e+01
1.061627e+00
3.436681e-03
7.823673e-04
1.899794e-05
1.043118e+01
1.553787e+04
1.191214e-04
2.032743e+02
1.434319e+00
7.037924e-03
1.288427e+00
1.332498e-02
5.122806e+00
2.511780e+03
1.356187e-02
1.124277e+04
7.834431e-03
7.730268e-02
4.103802e-03
2.083921e+01
3.531738e-01
2.804226e-01
3.884867e-01
5.461780e+00
2.136786e-02
9.544308e+01
3.085987e-01
6.497932e-01
1.888898e+00
1.625467e-04
9.759593e-03
2.088333e-02
2.883412e-05
4.103471e-02
9.691832e-01
1.153151e-05
7.672242e-03
1.932083e+00
1.892238e+02
