2.361828e-01
3.476201e+02
2.210896e+01
4.685728e+01
1.412793e+01
1.405037e+02
1.909261e+00
8.307185e-05
3.223964e-03
1.148129e-03
7.584864e-01
2.276839e+04
8.048051e+00
1.232543e-03
2.092966e-02
2.029441e-02
1.390902e-01
3.112292e+05
4.786232e-03
3.040198e+02
1.910012e-01
8.531130e+03
5.072090e+01
6.891830e-01
6.170688e-02
9.548098e-02
9.381189e+00
6.240041e+01
7.722916e+00
1.185635e+02
3.671542e-01
5.396588e+03
2.487718e+01
3.441612e+01
4.256936e-01
3.341575e+02
2.567515e+00
3.518601e-03
1.571373e-03
5.123333e-05
1.553163e+00
1.444216e+04
9.980811e-05
2.408647e+02
3.198494e+00
2.186724e-02
3.393668e-01
2.731677e-01
8.891735e-01
4.464204e+03
1.415303e-02
3.486521e+03
1.816516e-02
1.718012e-01
2.063815e-03
1.313551e+01
1.021917e-01
2.641412e-01
1.914701e+00
2.028717e+01
5.602424e-02
7.097630e+00
2.755274e+00
1.008342e+00
1.626861e+00
2.276197e-04
2.185173e-03
3.669200e-03
9.205743e-05
3.683926e-02
1.641798e-01
1.075120e-04
3.305619e-02
2.764556e+00
1.459233e+02
