1.396883e-01
2.598456e+03
3.136840e+01
3.488134e+01
1.935869e+02
2.440219e+01
3.841198e+00
3.042975e-04
7.648001e-02
4.931063e-03
6.646394e-01
1.181297e+05
2.239089e+01
4.857864e-03
9.176819e-03
1.987149e-01
8.174563e-02
2.097325e+06
4.152894e-03
1.615354e+02
5.507499e-01
8.797977e+04
2.333048e+00
3.431218e-01
4.016113e-02
2.492476e-02
1.069534e+01
1.952641e+02
1.504973e+01
3.407323e+00
1.325838e+00
2.875978e+03
4.752961e+01
3.944855e+01
4.442625e-01
3.167756e+02
1.539315e+00
2.700292e-03
7.276996e-04
3.179474e-05
1.231921e+01
6.864309e+04
5.437219e-03
1.353837e+03
5.425285e+00
6.910609e-02
1.414704e+00
4.491824e-02
1.886012e+00
1.265549e+04
3.080866e-01
1.818950e+03
2.326315e-02
5.835320e-02
2.057494e-03
4.370177e+00
1.668851e-01
3.180960e-01
1.398840e+00
4.858454e+01
1.574253e-02
2.768459e+00
1.226319e+00
2.329574e+00
3.119913e+00
2.180028e-03
3.266169e-04
4.427471e-04
1.006823e-04
2.729729e-03
3.940585e-01
2.205847e-04
3.015532e-03
3.306463e+00
4.591366e+02
