1.290618e-01
3.848860e+02
1.322119e+01
3.173947e+01
9.268297e+01
3.925655e+01
2.029021e+00
1.279993e-04
1.296029e-02
1.912999e-03
2.564550e+00
1.556576e+04
8.570145e+00
2.572554e-04
2.257722e-02
1.233488e-01
4.988875e-02
7.233977e+05
5.378205e-03
4.192545e+02
5.338582e-01
1.582060e+04
4.388085e+01
3.497380e-01
6.301984e-02
7.241190e-02
3.179339e+01
7.221823e+02
1.317328e+01
1.233813e+01
1.797802e-01
5.333931e+03
1.763306e+01
9.025230e+00
6.219500e-01
1.542188e+02
1.585147e+00
1.926699e-03
8.528587e-04
1.793771e-04
1.104686e+01
1.397349e+04
2.649429e-04
5.349499e+02
2.240683e+00
1.164260e-01
1.248771e+00
2.960868e-02
8.321538e-01
5.208367e+03
5.020362e-02
1.918022e+03
9.417409e-02
2.317395e-02
5.875289e-04
9.834791e+00
2.297711e+00
1.158358e-01
2.117376e+00
3.802144e+01
7.342697e-03
8.555649e+00
8.829405e-01
2.831130e+00
1.688281e+00
4.600484e-04
1.845929e-03
2.394320e-03
4.008851e-05
1.299199e-02
2.346281e-01
1.812165e-05
2.862228e-02
1.702804e+00
1.952877e+02
