9.265496e-02
7.557908e+02
1.537696e+01
7.620612e+01
4.012934e+01
1.127871e+02
1.830108e+00
2.237508e-04
4.116815e-03
9.848437e-04
6.082193e+00
5.656858e+04
2.540189e+00
1.016155e-03
3.599728e-02
6.768497e-02
8.360661e-02
1.742507e+06
1.497167e-02
3.216495e+02
5.786819e-01
4.169014e+04
9.950601e+00
5.381490e-01
5.994365e-02
7.598511e-02
1.397066e+01
5.557876e+02
7.545054e+00
9.662786e+00
2.991586e-01
1.577502e+04
1.722992e+01
2.591677e+01
5.619256e-01
1.920055e+02
1.152592e+00
1.954874e-03
8.451393e-04
6.488372e-05
9.700118e+00
6.894304e+03
7.946161e-04
8.331356e+02
1.827772e+00
1.689371e-01
8.143757e-01
7.558254e-02
8.742071e-01
2.705728e+03
1.127677e-01
1.666463e+03
1.051079e-01
3.994827e-02
3.515730e-04
9.278446e+00
1.603980e+00
1.888789e-01
1.573258e+00
4.604214e+01
6.058789e-03
1.512361e+01
1.068689e+00
1.055353e+00
2.321784e+00
1.996253e-04
1.499884e-03
4.518390e-03
4.165579e-05
2.044356e-02
1.989287e-01
2.822549e-05
3.017373e-02
1.958180e+00
4.013087e+02
