7.954200e-02
2.625925e+02
2.870805e+01
6.711220e+01
2.924109e+02
5.860973e+02
2.727553e+00
2.175083e-04
1.036013e-03
1.180496e-03
1.218973e+01
7.627873e+04
6.470551e+00
8.901275e-04
3.227729e-02
4.356866e-02
3.639759e-02
2.134644e+06
5.512579e-03
6.665677e+02
1.211318e-01
3.975016e+04
8.099385e+01
9.139399e+00
2.592507e-01
7.914119e-02
3.141089e+01
1.552399e+02
3.245552e+01
2.058812e+01
1.411017e-01
2.131269e+05
1.035025e+02
1.504397e+02
4.971741e-01
4.601533e+02
1.770185e+00
1.450094e-03
8.869902e-04
7.001811e-05
3.381066e+00
3.470023e+03
3.938138e-03
5.285524e+03
9.455636e-01
4.055988e-01
5.452852e+00
2.964445e-02
1.796913e-01
7.529784e+02
4.569805e-01
9.595385e+02
4.170684e-01
5.116820e-01
3.291595e-04
3.538212e+01
1.605780e-01
4.152898e-01
2.075351e+00
6.706221e+00
7.956054e-02
9.544308e+01
4.089624e-01
2.126787e+00
4.000000e+00
1.697018e-03
6.632609e-04
1.158160e-03
6.570115e-05
1.989880e-03
8.823726e-01
4.130000e-04
6.288981e-02
1.349136e+00
2.156862e+02
