2.206196e-01
5.256936e+02
2.279530e+01
2.786900e+01
3.496455e+01
1.959814e+02
2.109789e+00
7.250707e-05
2.095105e-03
2.426039e-03
6.498816e+00
2.416829e+04
3.016026e+00
9.235646e-04
1.121931e-02
5.782884e-02
1.912708e-01
2.755375e+05
4.161337e-03
4.492748e+02
1.321318e-01
5.239015e+04
6.476272e+00
2.388785e-01
2.623646e-02
1.416389e-01
1.798747e+01
2.711020e+02
1.405000e+01
6.235518e+00
7.509170e-01
5.487239e+03
8.192068e+00
4.940356e+00
3.726029e-01
1.955587e+02
1.853847e+00
3.756642e-03
1.027406e-03
4.770714e-05
6.205483e+00
4.059135e+03
5.805951e-04
6.772450e+02
4.211878e-01
3.491638e-02
1.715114e-01
9.556326e-02
9.147468e-01
5.413822e+03
2.056844e-01
7.757385e+02
2.160932e-02
4.310556e-02
1.187942e-03
1.913427e+01
8.201014e-01
3.543717e-01
7.497367e-01
4.953583e+01
1.335347e-02
6.871862e+00
5.357032e-01
2.936341e-01
1.722697e+00
4.350932e-04
9.248214e-04
2.807095e-03
8.241808e-05
2.270235e-02
1.449590e+00
3.877998e-05
7.977409e-02
2.086478e+00
1.875015e+02
