1.213104e-01
8.493852e+02
2.041920e+01
5.247410e+01
3.120965e+01
2.175530e+02
2.334370e+00
6.175666e-05
2.006946e-03
1.064013e-03
2.776429e+00
2.909759e+04
7.969281e+00
7.150010e-04
4.544593e-02
7.311163e-02
1.960398e-02
1.075815e+06
1.678950e-02
1.077449e+03
2.560147e-01
2.517708e+04
2.455217e+01
1.068022e+00
2.221199e-02
2.549383e-02
2.886532e+01
9.276752e+02
6.574807e+00
2.441020e+00
9.462640e-02
9.133633e+03
4.225723e+00
6.829681e+00
1.520074e-01
9.609270e+01
1.789403e+00
2.313489e-03
1.060006e-03
6.409407e-05
1.106496e+01
9.113188e+03
3.876847e-04
6.555435e+02
6.814490e-01
8.740866e-02
6.334552e-01
1.123854e-01
4.649214e-01
7.852172e+03
1.193855e-01
2.968331e+02
3.434486e-02
6.008230e-03
2.030056e-03
1.513365e+01
3.496387e-01
3.577122e-01
1.505012e+00
5.021117e+01
2.186119e-02
9.958746e+00
1.578030e-01
1.402895e+00
1.635119e+00
3.088924e-05
7.052898e-04
5.606120e-03
4.597484e-05
2.577376e-02
4.012662e-01
1.116002e-05
6.824534e-03
2.139364e+00
3.275768e+02
