1.346316e-01
2.043495e+02
2.078507e+01
1.703988e+01
7.949988e+00
2.560315e+02
1.873252e+00
2.432952e-04
2.115214e-03
1.588421e-03
5.662490e+00
7.708231e+03
4.690743e+00
1.331852e-03
8.111173e-03
9.242489e-02
1.711727e-01
4.242545e+05
7.829246e-03
7.763284e+02
4.273809e-01
3.516015e+04
2.092612e+01
1.378244e+00
1.561090e-02
4.967438e-02
1.836923e+01
3.516127e+02
4.897577e+00
3.152114e+01
1.528306e-01
2.326390e+04
1.701894e+01
5.339207e+00
1.610195e-01
1.179970e+02
1.664685e+00
1.930996e-03
9.531406e-04
8.884906e-05
7.275267e+00
1.973048e+03
2.669756e-04
4.445789e+02
1.439243e+00
1.844226e-01
4.945198e-01
1.659124e-01
1.115794e+00
1.139584e+04
1.983042e-02
6.270373e+02
6.049692e-02
5.143964e-02
1.175017e-03
2.410491e+01
3.753974e-01
1.871390e-01
1.331038e+00
3.714701e+01
1.321216e-02
3.236843e+00
6.659279e-01
4.499455e-01
2.230603e+00
1.607368e-04
1.590140e-03
1.865523e-03
2.215224e-05
1.889395e-02
2.037959e-01
3.566799e-05
1.478532e-02
2.779041e+00
1.940445e+02
