3.536821e-02
4.434369e+02
7.431387e+00
1.367218e+01
2.658045e+02
1.259913e+02
1.594285e+00
2.255954e-04
2.386582e-02
2.140740e-03
1.955308e+00
8.072085e+03
1.119386e+00
1.693215e-04
6.108196e-02
6.807110e-01
2.342196e-02
1.607698e+05
1.362056e-02
3.121873e+02
5.044882e-01
1.347957e+04
1.105302e+01
1.595059e-01
6.137059e-03
7.374583e-01
5.193154e+00
6.003257e+02
3.121056e+00
5.976362e+01
2.422142e+00
6.779932e+03
5.230046e+01
3.462344e+01
5.103855e-01
1.235539e+03
2.284438e+00
2.733188e-03
8.127941e-04
6.239979e-04
5.753582e+00
3.407610e+04
1.403901e-03
1.293051e+02
4.598272e-01
9.750919e-02
1.792146e+00
3.531539e-02
4.452373e-01
1.030767e+04
1.656654e-02
5.012029e+03
5.450499e-01
2.289346e-02
4.291662e-04
3.260304e+00
1.175249e+00
9.984594e-01
4.360914e-01
6.430756e+00
5.289092e-03
5.286723e+01
3.603739e-01
1.252541e-01
2.790135e+00
2.336807e-04
8.778658e-03
1.632962e-03
3.813233e-06
1.293010e-02
2.302371e-01
5.748408e-05
5.705282e-03
3.393067e+00
6.882061e+02
