7.729108e-02
2.663377e+02
1.895971e+01
2.957365e+01
2.499855e+02
7.837789e+01
2.334422e+00
1.722390e-04
3.092352e-02
2.741301e-03
4.162315e+00
3.354500e+04
1.413511e+01
4.866099e-04
1.511504e-02
2.415656e-01
3.176839e-02
1.932076e+06
4.279207e-03
6.742223e+02
1.300440e+00
1.277675e+04
8.849703e+01
6.709977e-01
6.762133e-02
2.763610e-01
4.703307e+01
8.774837e+02
6.211548e+00
1.872038e+01
3.801781e-01
1.053976e+04
1.882651e+01
3.909857e+01
1.750283e+00
1.136651e+02
1.726418e+00
3.379203e-03
1.038333e-03
2.300108e-04
9.527847e+00
1.533136e+04
2.467958e-04
6.696917e+02
2.189100e+00
1.680553e-01
1.282645e+00
2.860613e-02
1.266617e+00
5.087378e+03
1.557149e-01
6.361589e+03
8.935460e-02
2.054731e-02
3.579342e-04
5.267708e+00
3.761229e+00
1.453336e-01
1.687800e+00
2.913403e+01
8.147757e-03
6.909898e+00
1.861560e+00
1.779030e+00
2.218359e+00
4.265434e-04
2.353729e-03
9.924708e-03
2.348310e-05
5.673654e-03
3.069619e-01
2.589612e-05
1.687697e-02
1.514397e+00
3.104292e+02
