8.030934e-02
3.523459e+02
2.093264e+01
4.021549e+01
2.609004e+02
7.013507e+01
2.321778e+00
1.707278e-04
4.132692e-02
2.624212e-03
3.373458e+00
3.288019e+04
2.550439e+01
5.861515e-04
1.862408e-02
2.110766e-01
4.160030e-02
2.102365e+06
4.578923e-03
5.893687e+02
1.358824e+00
1.751763e+04
6.919944e+01
9.771514e-01
7.907735e-02
3.038926e-01
5.204934e+01
6.969854e+02
9.204772e+00
2.827891e+01
4.781381e-01
8.700618e+03
2.378108e+01
4.128788e+01
1.372500e+00
1.043548e+02
1.946758e+00
3.640665e-03
1.230163e-03
1.851096e-04
1.244495e+01
1.676552e+04
3.089614e-04
9.450987e+02
3.166353e+00
1.740239e-01
1.279798e+00
2.843178e-02
1.851084e+00
5.901171e+03
1.609147e-01
6.416954e+03
7.368323e-02
2.149095e-02
4.520821e-04
4.673513e+00
3.049311e+00
1.043990e-01
1.480075e+00
2.669158e+01
7.245464e-03
6.478385e+00
2.254053e+00
2.028617e+00
2.253228e+00
5.732735e-04
2.211927e-03
1.006519e-02
2.597748e-05
4.690975e-03
3.069345e-01
2.546163e-05
1.611372e-02
1.719943e+00
3.279243e+02
