7.296957e-02
2.760060e+02
2.287702e+01
1.833415e+02
5.497059e+01
1.192258e+02
1.026251e+00
7.840970e-04
5.233203e-02
2.270327e-03
1.931957e+00
2.589696e+04
1.234271e+01
2.004831e-04
4.071169e-02
1.371706e-02
1.502223e+00
2.249290e+05
2.822864e-03
3.862081e+03
1.864235e+00
1.404200e+04
9.662467e+01
8.811500e-01
7.322862e-02
9.271128e-01
2.670908e+00
2.584128e+03
1.217480e+01
3.078413e+01
1.414755e-01
1.453354e+05
3.167578e+00
2.365137e+01
1.019039e-01
8.996573e+02
1.264797e+00
4.458169e-03
1.470395e-03
6.644303e-05
2.511199e+00
3.165369e+03
6.073903e-04
4.421128e+02
4.820616e-01
5.886531e-02
5.094441e+00
1.176582e+00
8.802946e+00
3.040644e+04
1.433879e-01
2.220645e+03
8.819994e-02
4.753927e-02
1.080994e-03
4.521658e+00
8.786553e-01
1.790980e+00
1.910254e+01
1.952752e+02
4.577796e-02
3.947650e+01
1.190273e-01
4.587813e+00
2.525380e+00
4.845587e-05
5.333358e-04
9.370331e-04
9.501073e-05
7.952514e-02
4.150056e-02
5.121884e-06
1.084971e-02
3.318824e+00
2.374456e+02
