9.350034e-02
2.215993e+02
2.446152e+01
1.048633e+02
3.669498e+01
1.579453e+02
2.786133e+00
3.923201e-04
1.881625e-03
1.245747e-04
5.227696e+00
1.067324e+05
7.561748e+00
1.732467e-04
3.324088e-02
1.013870e-01
6.230312e-02
1.006540e+06
1.516331e-03
1.012855e+02
2.014391e-01
7.900561e+03
1.797058e+01
4.625834e+00
9.179428e-02
2.314921e-01
3.252709e+01
2.776806e+03
3.932137e+01
2.075861e+00
2.446346e+00
8.676435e+03
8.056437e+01
5.524856e+01
1.653197e+00
3.947364e+02
1.389267e+00
1.251571e-03
1.347525e-03
7.702636e-06
6.318504e+01
6.140225e+04
1.559052e-03
8.180043e+02
3.648596e+00
2.949740e-02
4.840288e+00
1.144242e-01
1.409343e+00
9.314742e+02
4.117055e-01
4.247974e+02
9.681866e-03
3.123172e-02
1.570572e-03
3.362017e+00
3.359973e-01
1.757882e+00
3.249241e-01
8.792865e+00
7.939378e-02
1.222425e+01
9.417413e+00
1.495159e+00
3.238834e+00
8.273175e-04
1.783351e-04
1.160206e-03
3.185319e-05
4.708444e-03
7.832734e-02
4.030701e-04
4.368138e-03
3.953945e+00
2.944233e+02
