7.524231e-02
1.467269e+02
2.030947e+01
7.323637e+01
2.134085e+01
1.798629e+02
2.679831e+00
4.266051e-04
2.149372e-03
2.222857e-04
8.253318e+00
1.329356e+05
3.329559e+00
3.541558e-04
9.960910e-03
5.225698e-02
4.681187e-02
4.817456e+05
1.530606e-03
1.587365e+02
8.057764e-02
1.040855e+04
1.871835e+01
3.248379e+00
1.482278e-01
2.333901e-01
3.745399e+01
1.086980e+03
1.387502e+01
4.291074e+00
5.419964e-01
1.941472e+04
2.214212e+01
7.785935e+01
9.493137e-01
6.608267e+02
1.197735e+00
2.171739e-03
1.186062e-03
8.940104e-06
4.873974e+01
3.947218e+04
1.177209e-03
5.451114e+02
9.334581e-01
3.924579e-02
2.672255e+00
3.738995e-01
2.233550e+00
4.025015e+02
3.987523e-01
2.708828e+02
1.129396e-02
1.779928e-02
1.907454e-03
1.870877e+00
4.648682e-01
3.747583e-01
2.570295e-01
5.835436e+00
6.273097e-02
1.556476e+01
3.189544e+00
1.517856e+00
3.304569e+00
8.116256e-04
1.776730e-04
7.283099e-04
1.200198e-05
6.506818e-03
1.235547e-01
2.696229e-04
2.575196e-03
3.664326e+00
2.136003e+02
