7.846449e-02
1.103215e+03
2.117650e+01
8.873685e+00
8.187390e+01
2.137546e+01
1.770609e+00
1.452065e-04
4.681493e-03
1.935371e-03
6.630387e+00
2.211925e+04
3.095680e-01
3.127148e-03
8.816191e-03
7.047221e-02
1.065771e+00
1.275648e+05
2.494976e-03
2.458172e+03
2.092412e-01
2.833806e+04
2.657223e+01
1.764522e-01
1.126091e-01
5.796968e-02
6.500654e+01
5.804727e+02
4.355252e+00
2.465238e+00
1.886801e-01
2.487773e+04
2.207046e+00
8.870035e+01
3.309528e+00
1.325486e+03
1.039518e+00
1.842776e-03
7.948786e-04
1.460519e-05
1.339816e+00
1.197030e+03
1.155607e-04
1.725954e+03
3.686006e-01
1.073796e-02
6.353573e-01
1.693010e-02
5.792399e+00
6.861557e+03
1.069675e-02
2.976109e+03
1.121503e-02
9.890125e-02
3.993651e-04
7.003482e+00
1.924128e+00
3.795267e-02
4.027081e+00
4.591620e+00
1.042889e-02
2.012593e+01
1.124996e+00
3.704525e-01
1.768898e+00
1.677102e-04
2.099822e-03
3.843509e-04
2.467818e-04
4.627372e-02
4.241981e-02
4.227346e-06
1.384439e-03
1.435376e+00
4.763788e+02
