6.465878e-01
1.456972e+02
2.757712e+01
9.521268e+01
3.965168e+00
1.900452e+02
3.447392e+00
1.034403e-04
7.875765e-04
4.451634e-03
2.762495e+00
9.306837e+03
8.059105e-01
6.479680e-04
4.604889e-02
7.046790e-03
2.714943e-01
1.224311e+05
8.821619e-03
8.252345e+02
5.469895e-01
1.347405e+05
3.559873e+01
9.139399e+00
9.366258e-02
3.204097e-02
3.478833e+00
2.685665e+03
2.923993e+00
1.055786e+01
2.852729e+00
5.259147e+04
7.295494e+00
3.134871e+00
1.271120e+00
1.452950e+02
1.341409e+00
2.175256e-03
1.083997e-03
2.823696e-05
6.530051e+01
1.186987e+04
2.955581e-04
7.274349e+02
9.591839e-01
4.142893e-01
3.015239e-01
1.232908e+00
8.036245e+00
1.012005e+04
5.910881e-01
2.622317e+02
5.894589e-01
4.262490e-01
4.893409e-04
1.588314e+01
1.784802e+00
1.962596e-01
6.403382e-01
3.693572e+01
7.172709e-03
3.887295e+00
2.352323e+00
5.571947e+00
2.421478e+00
2.928107e-04
2.386251e-04
3.888835e-03
3.500000e-04
3.882845e-02
7.018302e-01
4.294052e-05
1.204244e-02
3.612260e+00
4.022390e+01
