2.218951e-01
8.308744e+02
1.545843e+01
1.329295e+01
4.801022e+01
2.280041e+02
2.154694e+00
1.510918e-04
7.528908e-03
7.612399e-04
5.921861e+00
2.024788e+04
1.827243e+00
1.173862e-03
2.869589e-02
1.052095e-01
3.618198e-01
1.106650e+06
7.664012e-03
6.274025e+02
1.238790e+00
8.422212e+04
7.097075e+00
4.338175e-01
2.778567e-02
8.288069e-02
1.552943e+01
1.964759e+02
1.119763e+01
1.965340e+01
5.498062e-01
5.842374e+03
1.309128e+01
2.853153e+01
5.313134e-01
1.327753e+02
1.840394e+00
6.061008e-03
1.279427e-03
5.775510e-05
4.994112e+00
9.203588e+03
8.508044e-04
3.983140e+02
3.995705e+00
1.147249e-01
7.505820e-01
7.528126e-02
7.080679e-01
1.557892e+03
2.397606e-01
2.006116e+03
9.750885e-02
8.520217e-02
1.568703e-03
1.835669e+01
2.353332e-01
3.849803e-01
1.179409e+00
5.163563e+01
9.941951e-03
1.577854e+01
2.160042e+00
7.069443e-01
1.532057e+00
1.861945e-04
8.048165e-04
1.981774e-03
4.636108e-05
4.676817e-02
3.910705e-01
2.891127e-05
5.646916e-03
2.002897e+00
2.629296e+02
