4.981896e-02
1.151555e+02
1.626904e+01
7.922137e+01
1.995582e+01
1.858110e+02
3.172243e+00
3.925529e-04
3.001016e-03
2.131161e-04
7.682540e+00
1.344326e+05
3.528388e+00
4.032981e-04
1.715217e-02
5.366160e-02
7.310524e-02
4.771589e+05
1.277444e-03
1.019297e+02
1.025231e-01
9.666683e+03
1.718277e+01
3.080257e+00
1.286879e-01
3.282846e-01
3.586957e+01
1.756276e+03
1.620507e+01
2.311853e+00
1.062305e+00
1.168585e+04
3.314208e+01
6.535839e+01
9.266929e-01
4.163358e+02
1.251717e+00
2.277843e-03
8.385926e-04
9.746542e-06
4.245991e+01
4.648580e+04
1.821017e-03
7.334565e+02
1.138411e+00
5.473536e-02
5.216319e+00
3.223465e-01
2.605289e+00
6.568129e+02
3.892091e-01
2.673833e+02
1.114651e-02
1.736894e-02
1.537538e-03
1.750812e+00
4.419004e-01
5.987394e-01
3.612306e-01
8.147639e+00
4.914107e-02
1.320055e+01
3.916789e+00
2.584172e+00
2.996287e+00
8.259554e-04
1.658990e-04
9.264151e-04
1.792088e-05
4.818747e-03
1.214733e-01
2.651126e-04
2.912915e-03
3.863246e+00
2.513714e+02
