3.506454e-01
4.645698e+02
1.911171e+01
9.742255e+00
1.735705e+01
5.929684e+01
2.319489e+00
1.161295e-04
7.915042e-03
2.156229e-03
3.925239e+00
1.703049e+04
1.804763e+00
1.266876e-03
5.511888e-02
7.035986e-02
1.101757e-01
1.786060e+06
1.314765e-03
2.434961e+02
2.251032e-01
1.748917e+04
1.786229e+01
6.143944e-01
5.034572e-02
8.064440e-02
3.524748e+01
8.351406e+02
5.622830e+00
8.427954e+00
1.888157e-01
2.115307e+04
1.251296e+01
2.631269e+01
7.304117e-01
2.021975e+02
1.224679e+00
1.710143e-03
8.389725e-04
8.895742e-05
4.826068e+00
4.698263e+03
4.069810e-04
5.664509e+02
8.130708e-01
1.066948e-01
4.495062e-01
5.396784e-02
1.784869e+00
1.747250e+03
4.149669e-02
1.281028e+03
4.338931e-02
1.958928e-01
1.075819e-03
6.465485e+00
5.240429e-01
1.364870e-01
2.291426e+00
4.991387e+01
8.524692e-03
6.540581e+00
1.130058e+00
2.132262e-01
1.929249e+00
2.246527e-04
8.054828e-04
1.812065e-03
3.605507e-05
2.574876e-02
7.327198e-01
1.771538e-05
1.209386e-02
2.141761e+00
1.498637e+02
