2.510037e-01
6.042443e+02
1.410802e+01
1.507556e+01
5.715310e+01
1.205880e+02
1.970481e+00
9.001837e-05
6.615516e-03
8.642460e-04
6.617252e+00
5.698238e+04
1.348896e+00
3.536757e-03
4.473113e-02
5.211050e-02
2.581818e-01
6.609112e+05
2.160958e-03
7.073627e+02
4.691085e-01
6.422349e+04
1.902574e+01
1.396558e+00
2.074399e-02
1.147319e-01
1.633470e+01
8.335985e+01
1.442392e+00
1.188377e+01
5.117572e-01
1.258425e+04
1.170251e+01
1.124510e+01
7.196612e-01
2.981293e+02
1.847827e+00
4.256108e-03
8.629315e-04
1.233818e-04
5.432994e+00
2.584569e+03
7.042862e-04
1.426747e+03
1.746431e+00
1.385744e-01
2.381503e-01
3.737028e-02
9.465881e-01
5.340312e+03
2.836612e-01
1.893219e+03
3.697181e-02
1.066644e-01
1.076619e-03
6.949020e+00
7.784152e-01
1.301471e+00
4.124689e+00
3.775459e+01
2.179478e-02
1.960224e+01
1.846226e+00
6.882557e-01
1.566742e+00
1.947028e-04
1.483356e-03
2.963337e-03
7.917475e-05
3.787370e-02
3.836739e-01
9.184915e-06
5.591201e-03
2.250621e+00
1.737651e+02
