1.277385e-01
9.559514e+02
4.160552e+01
8.347221e+01
7.488261e+01
1.844394e+02
1.448495e+00
1.968834e-04
6.073668e-03
1.139650e-03
6.256643e+00
3.940837e+04
3.638283e+00
4.529470e-04
4.917625e-02
8.352615e-02
1.521715e-01
1.890371e+06
3.454241e-03
8.745058e+01
1.084162e-01
2.597408e+04
1.154390e+01
3.233605e+00
4.430185e-02
2.336530e-01
1.113228e+01
1.575496e+02
3.390750e+00
2.057872e+01
1.010035e-01
2.940174e+04
1.585468e+01
1.531665e+01
5.071247e-01
1.019188e+02
1.495280e+00
7.702330e-03
7.979139e-04
1.895954e-04
5.805238e+00
1.338421e+04
3.764759e-04
2.028224e+02
6.046530e+00
6.576590e-02
3.450494e-01
1.960386e-01
2.086415e+00
9.154509e+03
2.384779e-01
4.121047e+02
3.451554e-02
1.554587e-01
1.134213e-03
7.069742e+00
1.695729e+00
6.442824e-01
3.590587e-01
1.684278e+01
4.137938e-02
2.352407e+01
9.198630e-01
6.024232e-01
1.634598e+00
4.749958e-04
1.847727e-03
1.562159e-02
4.641060e-05
2.117294e-02
6.020698e-01
1.996733e-05
1.676896e-02
2.551397e+00
4.479183e+02
