5.721369e-01
8.841083e+02
7.848860e+00
1.618102e+02
1.426434e+01
3.057431e+02
2.730276e+00
2.611184e-04
3.565059e-03
1.708459e-04
1.487489e+01
7.110873e+03
4.539010e+00
9.666576e-03
1.278209e-01
1.178587e-01
2.890123e-02
5.153133e+05
2.715795e-03
2.938632e+02
7.281086e-01
7.840274e+03
3.844612e+01
1.462558e+00
1.053021e-02
1.044504e-01
1.923118e+00
6.458086e+01
1.183900e+00
8.183007e+00
2.967687e-01
7.140893e+03
3.257088e+01
1.090006e+01
6.552142e+00
6.564480e+01
1.690374e+00
4.198282e-04
4.593184e-03
8.890359e-06
2.168857e+00
4.072408e+04
1.416832e-03
5.285524e+01
1.745848e-01
6.385512e-01
9.210559e-01
1.084856e-01
1.448912e+00
8.533686e+03
7.671746e-03
2.689247e+02
7.834431e-03
1.353810e-02
1.004914e-03
1.705868e+00
4.676581e-01
4.793579e-01
1.197725e+00
2.248760e+01
4.338977e-03
6.464843e+00
1.026835e+01
3.566023e+00
2.219649e+00
8.213185e-04
8.151842e-04
1.477558e-03
5.384203e-06
7.309173e-02
3.969506e-02
5.782658e-05
2.432127e-03
1.984568e+00
7.138241e+01
