8.277809e-02
1.227891e+02
2.092839e+01
9.194211e+01
7.554679e+00
4.516480e+02
1.479017e+00
1.999151e-04
1.058890e-02
3.655157e-03
1.220822e+01
4.413863e+04
1.024224e+00
2.019460e-03
1.139185e-01
5.324110e-02
9.625467e-02
2.268551e+06
1.027606e-03
8.538252e+01
2.075334e-01
4.585723e+04
3.950269e+00
2.546111e+00
6.778208e-03
8.973822e-02
5.057608e+01
6.610837e+02
9.441002e+00
4.562336e+01
4.911032e-01
4.762547e+04
5.011760e+01
1.738259e+01
9.918481e-01
1.210853e+03
2.611846e+00
1.289404e-03
1.240598e-03
2.109043e-04
2.520532e+01
8.501272e+03
2.044827e-04
8.267284e+01
9.227367e-01
6.615047e-02
2.088529e-01
1.133158e-01
3.313786e-01
1.116973e+04
2.884460e-02
2.643846e+03
2.444036e-02
4.401013e-02
5.254857e-04
7.163979e+00
2.351960e+00
1.324247e+00
1.128761e+00
3.123913e+00
1.186213e-01
1.075702e+01
1.534342e-01
1.499676e+00
1.053302e+00
1.213394e-04
1.322042e-03
6.601619e-04
4.674768e-05
6.209819e-02
9.552013e-01
1.092349e-05
3.340670e-02
1.419139e+00
2.653357e+02
