9.534355e-02
1.848827e+02
2.743345e+01
9.783382e+01
3.309607e+01
1.580429e+02
2.800695e+00
4.016050e-04
2.235417e-03
1.749658e-04
7.990130e+00
1.206630e+05
7.870090e+00
3.265633e-04
3.305478e-02
5.906845e-02
5.033186e-02
1.144676e+06
1.257767e-03
8.479729e+01
1.219882e-01
8.476091e+03
1.813501e+01
5.139138e+00
1.038883e-01
2.677502e-01
2.779965e+01
1.394952e+03
3.908931e+01
1.538182e+00
1.497603e+00
5.595914e+03
6.184055e+01
3.564092e+01
1.233909e+00
4.438266e+02
1.278501e+00
1.582839e-03
1.006105e-03
1.696908e-05
6.883495e+01
6.349464e+04
1.546531e-03
6.975267e+02
2.319943e+00
3.292281e-02
5.350899e+00
1.605103e-01
2.900228e+00
9.376389e+02
3.700470e-01
3.679538e+02
9.284333e-03
2.436826e-02
2.154048e-03
2.202903e+00
4.357667e-01
1.248835e+00
3.436952e-01
8.302268e+00
8.324771e-02
1.375989e+01
6.128317e+00
1.574830e+00
3.144105e+00
7.736593e-04
1.843009e-04
1.224541e-03
2.700670e-05
3.817891e-03
6.458623e-02
3.219403e-04
4.090849e-03
3.689002e+00
3.038293e+02
