8.032730e-02
1.398145e+02
2.570786e+01
9.544835e+01
9.490475e+00
3.167152e+02
1.414259e+00
1.717909e-04
1.119438e-02
3.112689e-03
1.042230e+01
5.181275e+04
1.067532e+00
1.964707e-03
1.395899e-01
4.917434e-02
1.015957e-01
1.962544e+06
1.017456e-03
6.586268e+01
2.209743e-01
4.385266e+04
4.673756e+00
2.160672e+00
7.887211e-03
8.589651e-02
6.069402e+01
7.659939e+02
9.361746e+00
4.676008e+01
4.309213e-01
4.157048e+04
7.199497e+01
1.904089e+01
1.000467e+00
9.409667e+02
2.439489e+00
1.478413e-03
9.727240e-04
1.984966e-04
3.629550e+01
8.134570e+03
2.195175e-04
9.025349e+01
1.316591e+00
5.199677e-02
2.801577e-01
1.106429e-01
3.681357e-01
1.448408e+04
2.973495e-02
2.921152e+03
2.863545e-02
5.020893e-02
5.882544e-04
7.480796e+00
2.090779e+00
1.051418e+00
1.157555e+00
3.456535e+00
8.797389e-02
7.349883e+00
1.449002e-01
1.730060e+00
1.064139e+00
1.182592e-04
1.369526e-03
6.225534e-04
4.748025e-05
6.026215e-02
9.238062e-01
1.120396e-05
3.797015e-02
1.285421e+00
2.762792e+02
