7.005488e-01
1.129793e+02
2.750118e+01
1.472885e+02
2.924109e+00
1.987772e+02
3.302302e+00
1.515664e-04
1.555551e-03
6.257345e-03
2.016280e+00
1.578073e+04
8.993215e-01
8.987431e-04
2.914630e-02
1.102991e-02
1.864336e-01
2.026109e+05
1.237639e-02
1.079423e+03
4.718115e-01
9.239840e+04
6.161801e+01
7.067859e+00
6.632500e-02
4.810184e-02
3.437130e+00
2.067728e+03
6.006684e+00
2.576908e+01
4.378640e+00
5.201357e+04
1.705315e+01
4.952872e+00
9.935550e-01
1.520545e+02
1.191704e+00
2.487858e-03
1.302980e-03
3.398412e-05
8.907637e+01
2.454734e+04
8.165934e-04
9.652082e+02
9.624034e-01
7.037924e-01
2.190375e-01
1.117568e+00
8.418778e+00
2.172124e+04
7.671746e-01
2.807109e+02
7.834430e-01
3.626869e-01
1.281962e-03
3.839233e+01
1.145232e+00
3.071298e-01
9.772809e-01
4.670584e+01
1.106472e-02
4.327661e+00
2.003987e+00
5.806118e+00
2.871207e+00
5.336423e-04
5.106977e-04
3.257767e-03
1.861590e-04
3.295849e-02
2.040734e+00
6.059964e-05
1.457912e-02
4.000000e+00
4.866288e+01
