1.568629e-01
9.089878e+02
4.763368e+01
1.337071e+02
1.070510e+01
1.107057e+02
1.666000e+00
3.492638e-04
5.549427e-03
9.239864e-04
8.578014e+00
1.959214e+04
5.886426e+00
7.221274e-03
3.895173e-02
8.629557e-02
7.307898e-02
1.809705e+06
9.245358e-04
7.964861e+02
3.959102e-01
4.520783e+03
8.278226e+01
3.433254e+00
3.412171e-02
3.905546e-02
6.657153e+00
7.578331e+01
2.511088e+01
3.505682e+01
2.225906e-01
4.896129e+03
1.208113e+02
7.764630e+00
7.454572e-01
6.920692e+01
1.264046e+00
3.071366e-03
1.002329e-03
2.601593e-05
1.471707e+01
7.028288e+03
5.662319e-04
2.408016e+02
9.074971e-01
1.559467e-01
2.142806e-01
1.558964e-02
6.343815e+00
2.140575e+03
8.086402e-03
4.421965e+02
1.528734e-01
6.787535e-03
8.722528e-04
2.328889e+00
7.716949e-01
1.637772e-01
5.824011e+00
7.686303e+01
2.217157e-02
4.280087e+00
7.644586e+00
5.140839e-01
2.989150e+00
4.109055e-05
1.817907e-04
3.654395e-03
1.139282e-05
8.305575e-03
1.416436e-01
9.701909e-06
7.579820e-03
3.552103e+00
3.579965e+02
