2.414284e-01
1.736187e+03
1.205506e+01
1.687460e+01
6.457431e+01
1.270330e+02
1.960724e+00
2.097278e-04
1.066343e-02
6.365379e-04
1.424002e+01
1.344426e+04
1.847778e+00
1.417249e-03
3.955194e-02
8.287196e-02
5.172605e-01
2.749313e+06
1.312203e-02
4.757631e+02
1.425316e+00
1.194644e+05
9.774659e+00
6.698402e-01
1.633010e-02
7.295135e-02
2.160602e+01
2.475697e+02
7.803456e+00
2.245052e+01
1.272961e+00
5.102120e+03
1.164559e+01
2.732898e+01
3.618401e-01
1.987436e+02
1.725846e+00
7.224790e-03
1.155107e-03
8.141859e-05
6.909863e+00
9.781285e+03
1.114519e-03
5.787748e+02
4.512482e+00
1.330345e-01
6.743779e-01
6.722143e-02
6.385998e-01
1.652093e+03
3.149832e-01
2.679635e+03
9.779035e-02
2.112877e-01
2.131044e-03
1.836026e+01
3.282985e-01
4.319674e-01
8.438672e-01
8.678617e+01
1.528829e-02
2.668612e+01
2.602273e+00
7.377310e-01
1.256255e+00
1.556778e-04
3.477422e-04
2.900484e-03
4.354601e-05
3.644011e-02
6.560998e-01
2.029196e-05
6.697838e-03
2.015383e+00
2.648342e+02
