2.590328e-01
8.276660e+01
1.563820e+01
1.740411e+01
1.450181e+02
6.015426e+02
1.426154e+00
6.393220e-05
5.872572e-03
4.678237e-04
1.860372e+01
1.760753e+05
7.047509e+00
7.370300e-04
1.955888e-02
2.556518e-02
3.268367e-01
2.086127e+05
2.266285e-02
1.858509e+02
2.739066e+00
1.255169e+04
8.503212e+01
2.895471e-01
7.085563e-03
1.410555e-01
7.655355e+01
4.003679e+02
4.472500e+01
6.844432e+00
5.653213e-02
1.113353e+05
4.103889e+00
1.102152e+02
6.352157e+00
2.969377e+02
1.114692e+00
2.131005e-03
1.935991e-03
3.369746e-05
9.772929e+00
1.821660e+03
1.316782e-04
2.691054e+03
1.366370e+00
4.418660e-01
1.772036e-01
1.360359e-01
1.927634e-01
4.248307e+03
6.577805e-01
6.253494e+03
4.340468e-02
7.208748e-03
8.575973e-04
1.893203e+01
2.839891e-01
4.462874e-01
3.727541e+00
5.602619e+00
6.379890e-02
5.430876e+00
8.592972e-01
6.782668e-02
2.499399e+00
4.053942e-04
1.508350e-03
1.056795e-03
5.354741e-06
6.540042e-03
2.829052e+00
2.649317e-04
4.213412e-02
2.898513e+00
1.141033e+02
