2.336846e-01
1.197159e+02
1.671473e+01
2.132847e+01
7.153520e+01
3.186560e+02
1.350394e+00
8.625830e-05
4.580929e-03
3.912079e-04
9.980563e+00
3.107366e+05
4.523047e+00
6.744424e-04
2.444976e-02
1.786036e-02
1.839013e-01
2.564419e+05
3.278254e-02
1.187234e+02
1.640480e+00
1.226843e+04
6.062754e+01
5.720535e-01
6.027765e-03
1.490786e-01
6.068151e+01
3.215235e+02
2.234705e+01
7.893530e+00
5.185298e-02
9.911447e+04
2.443873e+00
6.122823e+01
6.313957e+00
4.588683e+02
1.131599e+00
3.629908e-03
1.328353e-03
3.010958e-05
1.135097e+01
2.908469e+03
1.122217e-04
3.021871e+03
9.544380e-01
3.312113e-01
2.296452e-01
9.330515e-02
2.015620e-01
3.523919e+03
4.755666e-01
2.457601e+03
3.077496e-02
5.689658e-03
1.479779e-03
1.313754e+01
4.510143e-01
3.995959e-01
2.711378e+00
6.743667e+00
4.006132e-02
7.210429e+00
5.815272e-01
6.374901e-02
2.307472e+00
2.742945e-04
1.091126e-03
1.096029e-03
6.755044e-06
5.446497e-03
3.613954e+00
2.368212e-04
3.678874e-02
2.988677e+00
1.408034e+02
