5.664182e-02
9.208241e+01
2.227422e+01
1.707062e+01
9.503831e+00
2.105194e+02
1.662012e+00
1.070887e-04
2.472983e-03
6.390065e-03
2.429087e+00
3.012396e+04
4.076940e+00
6.773815e-04
1.573337e-02
1.048535e-02
1.559891e-01
1.878924e+05
2.546056e-03
1.779103e+02
3.866939e-01
7.961650e+04
4.680059e+00
6.010660e-01
3.346287e-02
1.176521e-01
5.447707e+00
2.512112e+02
1.735881e+00
6.860781e+00
2.631461e-01
4.315773e+03
2.654714e+01
3.271571e+01
6.065819e-01
2.309198e+02
1.458579e+00
2.953011e-03
9.676178e-04
1.655160e-05
8.597460e+00
2.043324e+03
3.503276e-04
1.335677e+02
1.081265e+00
2.674196e-02
2.007631e-01
7.100175e-02
9.930706e-01
1.102992e+03
1.871695e-02
5.573541e+02
6.200462e-02
3.445865e-02
6.062615e-04
1.971783e+01
2.218807e-01
1.072755e-01
1.525985e+01
1.866373e+01
1.115318e-02
2.297395e+01
8.497440e-01
2.933211e+00
1.808500e+00
3.312961e-05
1.913737e-03
5.771217e-03
1.267346e-05
1.646369e-01
1.961011e-01
2.875434e-05
1.066200e-02
1.827968e+00
3.908434e+02
