5.252418e-02
2.009404e+02
1.533840e+01
1.088001e+01
2.858439e+02
5.426564e+01
2.271376e+00
1.455217e-04
3.245816e-02
2.987748e-03
1.162137e+00
1.435513e+04
2.886121e+00
2.063434e-04
4.436341e-02
4.647611e-02
1.708723e-01
2.315403e+05
3.735971e-02
8.527091e+01
3.934087e-01
1.572793e+05
4.963129e+01
1.389711e-01
1.159281e-02
8.311941e-02
9.571822e+00
2.292554e+02
1.597917e+00
3.155179e+00
3.070316e+00
2.874917e+03
5.765029e+01
3.508192e+01
1.415230e+00
3.071801e+02
3.424102e+00
2.436144e-03
2.327264e-03
1.905760e-04
1.473269e+01
3.246793e+03
3.027547e-04
4.464781e+02
9.317331e+00
1.909249e-01
2.910316e-01
8.699582e-01
5.950929e+00
3.984569e+04
1.616852e-02
9.722024e+02
1.773037e-02
1.235798e-01
1.954910e-04
9.793604e+01
1.062062e+00
1.942418e+00
2.709817e+00
7.951958e+00
5.201259e-03
2.565604e+01
6.095454e-01
3.430315e-01
2.085823e+00
6.681018e-05
5.408164e-03
4.370170e-03
2.049153e-05
1.123860e-02
1.048926e+00
2.739714e-04
1.093069e-01
2.218142e+00
4.344420e+02
