1.638457e-01
3.520262e+02
1.981134e+01
1.144771e+01
2.924109e+00
8.084964e+02
1.397625e+00
2.704509e-05
2.006932e-03
5.172039e-04
2.068458e+00
1.594841e+04
2.992347e+01
3.017732e-04
4.901031e-03
1.048624e-02
3.925965e-02
7.355987e+04
4.591312e-02
6.751830e+01
1.490602e-01
7.832123e+04
2.150310e+00
1.504260e+00
2.008687e-01
2.473138e-01
1.312595e+01
9.295816e+01
1.296011e+01
1.741947e+01
8.602876e-01
9.191847e+03
1.197463e+02
1.254397e+01
1.385980e+00
8.972701e+02
1.721073e+00
5.245312e-04
1.893607e-03
7.925293e-05
2.542306e+01
8.562744e+02
1.137453e-03
5.285524e+01
1.011254e+00
1.288077e-02
3.329252e+00
4.259760e-01
5.593475e+00
1.644387e+03
2.139682e-01
1.525394e+03
7.834431e-03
3.238599e-02
7.109881e-04
7.994898e+00
1.756891e-01
5.062483e-01
8.272538e-01
3.528366e+00
1.549326e-02
5.704139e+01
6.005335e-01
1.345928e-01
1.552517e+00
2.523958e-04
1.059884e-03
5.313583e-04
2.480947e-04
7.322399e-02
1.100741e-01
2.330430e-04
3.469604e-03
2.971096e+00
1.780575e+02
