9.812636e-02
3.964934e+02
1.898979e+01
1.206880e+01
6.567012e+00
6.851103e+02
1.408844e+00
2.009324e-05
2.583474e-03
1.244414e-03
4.651137e+00
2.647540e+04
2.992347e+01
3.137491e-04
5.956628e-03
7.046790e-03
1.037127e-01
7.355987e+04
4.043339e-02
5.092408e+01
1.302035e-01
6.012674e+04
2.258334e+00
1.117768e+00
2.592507e-01
4.014052e-01
1.212104e+01
4.415834e+01
1.738171e+01
6.272100e+00
5.011801e-01
8.714306e+03
9.776728e+01
1.279575e+01
1.575510e+00
8.417123e+02
1.376696e+00
4.683801e-04
1.800694e-03
5.774882e-05
1.927957e+01
8.562744e+02
2.182469e-03
1.088092e+02
1.161779e+00
9.793858e-03
3.542660e+00
5.957248e-01
4.276614e+00
1.155869e+03
1.787984e-01
2.140707e+03
7.834431e-03
5.719534e-02
1.126163e-03
9.763550e+00
3.093725e-01
6.831977e-01
7.207567e-01
8.504985e+00
2.024723e-02
6.207786e+01
3.614886e-01
1.052486e-01
1.354189e+00
2.402409e-04
1.107028e-03
5.339635e-04
1.919863e-04
1.630718e-01
1.139595e-01
3.148085e-04
2.344122e-03
2.584811e+00
2.134558e+02
