2.353059e-01
1.219889e+02
1.616870e+01
3.154213e+01
1.540668e+02
5.609844e+02
1.542450e+00
5.872244e-05
7.560126e-03
4.450426e-04
3.385595e+01
2.710317e+05
1.429168e+01
1.252229e-03
2.378469e-02
2.042706e-02
3.240442e-01
2.575556e+05
2.000996e-02
2.520168e+02
2.372896e+00
1.873118e+04
7.778192e+01
3.996256e-01
5.451713e-03
1.841031e-01
5.831150e+01
6.819828e+02
4.038789e+01
6.282313e+00
6.126688e-02
1.959981e+05
4.730463e+00
1.094553e+02
4.405121e+00
4.595883e+02
1.274830e+00
2.225494e-03
2.329035e-03
2.915004e-05
8.513948e+00
1.553363e+03
1.314151e-04
4.147258e+03
1.201910e+00
7.037924e-01
2.076461e-01
1.631231e-01
2.654929e-01
2.801289e+03
4.087131e-01
4.317075e+03
4.837847e-02
7.474546e-03
7.140901e-04
2.456949e+01
2.037810e-01
4.292378e-01
4.931101e+00
5.600220e+00
6.150181e-02
5.574664e+00
5.964766e-01
1.063308e-01
2.100400e+00
6.552695e-04
1.609490e-03
1.133682e-03
5.058437e-06
6.432007e-03
3.969506e+00
4.130000e-04
4.703226e-02
3.340016e+00
1.588504e+02
