5.814417e-02
2.835692e+02
2.952770e+01
7.541550e+01
2.502254e+01
1.146745e+02
1.754356e+00
1.376230e-04
5.839464e-03
2.093461e-03
2.143931e+00
4.653984e+03
1.605848e+00
1.727688e-03
4.803284e-03
1.149906e-02
4.620325e-02
8.857217e+05
5.862277e-03
2.649510e+02
1.662188e-01
4.656904e+04
1.720711e+01
2.334660e+00
2.926472e-02
6.757034e-02
2.441706e+01
2.503806e+02
4.701474e+00
2.237957e+00
1.559596e-01
9.295746e+03
1.990605e+01
9.009936e+01
7.724411e-01
5.251117e+01
1.084342e+00
2.935653e-03
6.987642e-04
2.529334e-05
1.866732e+01
5.525542e+03
2.618428e-04
1.435198e+03
2.897230e+00
7.123531e-02
3.781037e-01
1.628208e-01
2.337869e+00
4.893319e+03
6.917548e-02
4.153511e+02
3.992244e-02
3.056053e-02
2.768943e-03
2.159045e+01
1.117867e+00
7.005135e-01
9.925739e-01
1.312656e+02
7.821674e-03
4.108768e+00
1.783086e-01
2.162656e-01
2.783026e+00
8.509822e-04
7.050784e-03
1.821064e-03
3.280340e-05
4.357654e-02
8.279725e-02
3.693638e-05
3.034550e-02
1.585946e+00
3.781485e+02
