4.962694e-02
2.207463e+02
2.549227e+01
6.700335e+01
2.125126e+01
1.091196e+02
1.589932e+00
1.262217e-04
6.583295e-03
2.307155e-03
2.256926e+00
7.295759e+03
1.935394e+00
1.233568e-03
3.127597e-03
9.325915e-03
4.996869e-02
6.264714e+05
5.932884e-03
2.201314e+02
1.118292e-01
4.439368e+04
1.898635e+01
2.978824e+00
2.616326e-02
9.367458e-02
1.841843e+01
1.782316e+02
4.828614e+00
2.676937e+00
1.524261e-01
8.601918e+03
1.348208e+01
9.534151e+01
9.778033e-01
4.806482e+01
1.017692e+00
3.140394e-03
8.952308e-04
1.874288e-05
2.018260e+01
6.635960e+03
2.366437e-04
1.060930e+03
3.014957e+00
7.959757e-02
4.113605e-01
1.698757e-01
1.899621e+00
5.243012e+03
6.652147e-02
3.122031e+02
3.834675e-02
2.459242e-02
3.792982e-03
2.095916e+01
8.160010e-01
4.470498e-01
7.702315e-01
1.176036e+02
6.786312e-03
2.984034e+00
1.315210e-01
2.425502e-01
2.577274e+00
6.363086e-04
5.675536e-03
2.109712e-03
2.674906e-05
5.408646e-02
8.890691e-02
2.897063e-05
3.892976e-02
1.812005e+00
3.423863e+02
