1.618967e-01
1.844041e+02
1.638749e+01
3.833340e+01
2.602158e+01
1.759094e+02
1.652823e+00
5.313756e-05
4.437063e-03
1.098410e-03
4.292648e+00
3.993333e+04
4.470917e-01
4.980367e-03
5.271027e-03
5.137147e-02
1.422279e-01
4.317065e+06
1.067172e-02
2.084202e+02
2.526311e-01
5.211926e+04
2.052555e+01
5.761523e-01
3.291767e-02
6.712827e-02
1.160471e+02
4.354141e+02
6.333001e+00
1.080675e+01
6.235446e-01
4.776236e+04
5.209436e+01
9.502089e+00
5.030815e-01
3.940447e+01
1.129716e+00
8.924294e-03
7.575295e-04
2.356304e-05
3.445263e+01
5.944382e+04
1.172720e-03
5.610890e+02
4.439382e+00
7.590706e-02
9.103819e-01
4.746050e-02
6.123091e-01
1.393003e+03
7.901434e-03
1.227843e+03
4.211044e-02
1.255998e-02
9.493054e-04
2.516364e+01
1.436552e+00
9.848167e-01
6.470269e+00
6.840861e+01
3.391360e-02
4.843106e+00
1.253489e+00
4.949383e-01
1.382803e+00
9.321600e-05
2.454095e-03
1.872532e-03
1.260294e-05
1.535598e-02
1.301127e-01
3.885247e-05
1.111075e-02
1.116059e+00
1.604626e+02
