7.398691e-02
2.582396e+02
2.118713e+01
2.244537e+01
2.405330e+02
3.495866e+01
2.335600e+00
1.296949e-04
1.864832e-02
2.422162e-03
2.597975e+00
2.099238e+04
2.386370e+00
3.735708e-04
1.214772e-01
4.584517e-02
1.678546e-01
2.517925e+05
5.086863e-02
8.211782e+01
4.132844e-01
1.975075e+05
7.183638e+01
1.150840e-01
9.153116e-03
1.317981e-01
9.012784e+00
1.801771e+02
1.287375e+00
4.956329e+00
2.336422e+00
2.970342e+03
3.984717e+01
2.515665e+01
7.164499e-01
2.606039e+02
3.639298e+00
1.411767e-03
1.622113e-03
5.484523e-04
1.169607e+01
2.043793e+03
3.367358e-04
3.948857e+02
9.587331e+00
2.578997e-01
2.729286e-01
1.049484e+00
5.522298e+00
3.232683e+04
3.171056e-02
1.060804e+03
1.814391e-02
1.576199e-01
1.848210e-04
9.837327e+01
1.146228e+00
1.227444e+00
2.330556e+00
4.020143e+00
7.138238e-03
1.285510e+01
6.994960e-01
2.703517e-01
2.065916e+00
8.587528e-05
7.592554e-03
9.584883e-03
7.754133e-06
1.180876e-02
1.468016e+00
2.915968e-04
9.789620e-02
2.745973e+00
3.072178e+02
