3.097081e-01
9.834058e+01
2.107281e+01
4.833674e+01
1.202292e+01
1.475743e+02
2.109651e+00
2.557149e-04
5.111785e-03
4.588934e-04
1.716635e+00
9.854717e+03
4.748387e+00
2.553599e-03
1.547252e-01
3.814523e-02
6.266188e-02
2.204710e+06
4.914168e-03
6.646155e+01
3.639063e-01
5.632451e+04
3.507887e+00
2.761971e-01
1.657296e-02
2.159742e-01
2.984973e+01
2.982836e+02
1.563910e+00
1.219019e+01
2.338133e-01
6.230394e+04
1.820331e+01
4.107655e+00
3.655258e-01
6.281467e+01
1.255357e+00
2.855459e-03
8.703033e-04
1.855244e-04
6.374476e+00
8.685722e+03
2.287993e-03
4.844695e+02
7.818647e-01
7.137433e-02
4.771576e-01
4.268786e-02
7.338308e-01
4.291168e+03
4.104396e-02
6.730855e+02
5.045031e-02
3.346184e-02
7.158751e-04
2.067418e+01
7.645605e-01
1.290998e+00
2.925459e+00
2.734777e+00
1.449482e-02
4.800538e+00
1.831663e+00
2.433930e-01
1.418701e+00
9.807001e-05
1.571804e-03
9.062443e-04
1.478296e-05
6.200876e-03
2.399546e-01
4.566181e-05
6.353352e-03
1.674543e+00
1.295916e+02
