6.376288e-01
1.743218e+03
2.534164e+01
3.403238e+00
2.325801e+02
1.830420e+01
1.285943e+00
7.732803e-05
4.365266e-03
1.358524e-04
2.165442e+01
1.072098e+04
6.310506e+00
1.490123e-03
1.353965e-02
1.261674e-02
3.093207e-02
1.933239e+06
9.792987e-03
3.668095e+02
5.279995e-01
4.342638e+04
7.340531e+01
1.132756e+00
6.579795e-03
1.881766e-01
1.908617e+01
1.854069e+02
2.628552e+01
5.861823e+00
2.944626e-01
4.265882e+03
1.344452e+02
1.010599e+02
1.147904e+00
3.571936e+01
2.232679e+00
6.739689e-03
2.306100e-04
1.058759e-04
1.946951e+01
3.149204e+04
7.796070e-04
1.764748e+03
1.733017e+00
1.047260e-01
6.126028e-01
2.191157e-02
3.184932e-01
1.164795e+03
1.966426e-02
4.933215e+03
4.764395e-01
3.977158e-02
9.868146e-04
9.210832e+00
2.705040e-01
2.911714e+00
2.365301e-01
1.098654e+02
1.981651e-02
5.410966e+01
1.384623e-01
2.560506e-01
1.204706e+00
1.469458e-03
7.109682e-04
1.979205e-02
3.140107e-05
5.140914e-03
1.474532e+00
9.348057e-06
1.112596e-02
1.012089e+00
1.106364e+02
