1.279072e-01
2.369305e+02
2.667240e+01
7.368032e+01
5.036588e+01
1.584049e+02
2.062877e+00
8.732969e-05
7.432348e-03
8.101267e-04
1.872492e+00
4.384231e+04
1.003885e+01
5.871781e-04
2.578103e-02
4.070309e-02
2.025666e-01
7.743617e+05
5.787073e-03
4.477764e+02
1.107804e-01
1.331263e+04
7.820280e+00
1.637775e-01
2.450944e-02
1.530113e-01
2.299624e+01
1.801819e+02
1.656162e+00
1.653389e+01
8.154009e-02
2.792266e+03
5.248398e+01
4.899146e+01
3.168192e-01
5.629686e+01
1.349094e+00
9.806315e-04
1.674573e-03
2.624447e-05
4.196846e+00
3.616159e+03
3.911253e-04
2.633149e+02
1.214211e+00
2.279134e-01
9.897276e-01
8.608525e-02
4.579528e-01
8.352573e+02
2.602683e-02
1.663820e+03
1.769859e-02
6.171089e-02
1.032229e-03
9.893653e+00
1.236208e+00
1.435348e-01
1.643784e+00
3.115170e+01
2.179688e-02
2.736911e+00
1.462782e+00
4.271454e-01
1.583795e+00
1.687575e-04
5.574204e-04
4.665791e-03
2.955992e-05
1.287863e-02
1.563098e-01
2.834953e-04
1.250734e-02
1.565318e+00
2.321314e+02
