2.160163e+00
3.070415e+03
2.321251e+01
6.913909e+00
1.153015e+02
5.334419e+01
1.279468e+00
3.226797e-05
7.143540e-02
7.678647e-03
2.146918e+00
1.232471e+05
5.150813e-01
3.429338e-04
1.634334e-02
2.508093e-01
7.917906e-02
3.436168e+06
3.903111e-02
1.589261e+03
1.675023e+00
2.237765e+04
4.514097e+01
1.912339e-01
2.840886e-02
1.298040e+00
8.229206e+01
1.169747e+03
4.605482e+01
1.314228e+01
3.812313e+00
5.036611e+03
9.629087e+01
7.020207e+01
1.348409e+00
2.519586e+02
2.549083e+00
6.928737e-04
6.012340e-03
4.851139e-04
6.305551e+00
6.640092e+04
5.973150e-05
4.389679e+02
5.825101e+00
5.478690e-01
2.104471e-01
5.686501e-02
2.351933e-01
1.360163e+04
1.396880e-01
1.723103e+02
7.834430e-01
7.260746e-02
1.455109e-02
1.023898e+02
1.025501e+00
7.497059e-02
2.500733e+00
6.176121e+01
4.089655e-02
1.292048e+00
1.708978e+00
1.618127e+00
2.676946e+00
1.173735e-03
8.676126e-03
2.448164e-02
1.572258e-05
3.245159e-03
2.738731e-01
3.660237e-05
8.096950e-02
2.644722e+00
1.325292e+02
