1.514084e-01
4.375738e+02
1.965521e+01
2.014973e+01
6.042758e+01
2.190826e+02
1.614336e+00
9.585147e-05
1.059667e-02
1.077831e-03
6.955361e+00
3.966074e+04
8.775503e-01
1.425534e-03
5.097376e-02
3.623686e-02
2.036247e-01
7.809670e+05
2.141199e-03
3.847525e+02
9.369125e-01
2.512667e+04
2.184426e+01
1.402911e-01
2.999393e-02
1.208435e-01
3.992700e+01
1.854874e+02
3.747797e+00
4.085263e+00
4.532836e-01
1.795369e+04
1.752174e+01
1.918091e+01
3.067543e-01
1.074190e+02
1.327682e+00
1.263455e-03
1.568972e-03
2.648905e-05
6.300247e+00
6.026378e+03
2.395769e-04
3.259910e+02
1.279464e+00
1.152505e-01
5.797614e-01
6.081471e-01
5.417454e-01
5.177103e+03
8.938625e-02
1.390403e+03
6.099282e-02
2.579764e-02
2.081101e-03
3.668195e+01
4.312721e-01
2.312045e-01
1.250703e+00
8.390720e+00
2.793269e-02
1.111643e+01
1.412604e+00
2.386414e-01
1.564504e+00
5.194910e-04
6.554778e-04
2.521117e-03
3.988757e-05
2.390725e-02
5.245163e-01
2.282575e-05
6.549743e-03
1.608529e+00
2.555557e+02
