3.718099e-01
5.124657e+02
1.758925e+01
3.940452e+01
1.557351e+02
2.851582e+02
2.155087e+00
5.370472e-05
7.624177e-03
5.941846e-04
6.357596e+00
7.946959e+04
1.997604e+00
8.017498e-04
3.422063e-02
3.931010e-02
6.684861e-02
5.431378e+05
3.198835e-03
1.464259e+02
3.501541e-01
4.319588e+04
1.557069e+01
1.352354e+00
3.841779e-02
1.071960e-01
2.455451e+01
5.164854e+02
5.121857e+00
2.205832e+00
1.781070e-01
1.091395e+04
1.351694e+01
8.496422e+00
1.583652e-01
3.708394e+01
1.555884e+00
2.107960e-03
1.011569e-03
7.528225e-05
1.835616e+01
2.137956e+03
2.747506e-04
1.329220e+03
2.187030e+00
6.370396e-02
6.816266e-01
3.103160e-01
1.823446e-01
3.243685e+03
6.002167e-02
8.094500e+02
2.626245e-02
3.505791e-02
1.157722e-03
1.759917e+01
6.539421e-01
6.550988e-02
1.687916e+00
3.462211e+01
1.065461e-02
5.823871e+00
8.694822e-01
6.088672e-01
2.251367e+00
2.476818e-04
6.058598e-04
5.731089e-03
4.561010e-05
1.242163e-02
4.158306e-01
1.337045e-05
1.187275e-02
1.496227e+00
1.414824e+02
