3.943060e-01
6.797608e+02
1.753402e+01
8.180113e+00
9.467703e+00
1.801451e+01
1.182282e+00
2.689103e-04
5.169659e-03
1.715009e-03
2.289801e+00
8.929971e+03
2.357771e+00
5.031114e-04
1.503671e-01
1.793478e-02
8.717907e-02
2.967757e+05
5.557265e-03
5.349970e+02
4.948268e-01
9.239093e+04
1.461531e+01
1.871604e-01
1.414896e-01
6.776183e-02
2.338694e+01
7.817491e+02
1.942439e+00
4.341406e+00
2.820191e-01
1.355072e+04
2.487875e+00
1.940481e+01
6.918148e-02
1.770090e+03
1.485692e+00
2.899988e-03
1.118162e-03
6.086836e-05
4.728317e+00
1.062857e+03
2.468800e-04
8.266892e+02
5.452931e-01
1.901134e-01
2.215221e+00
3.980273e-02
2.856105e-01
4.850792e+03
7.902927e-02
3.286335e+03
1.200709e-02
2.094072e-01
2.358112e-03
4.936052e+00
1.710699e-01
7.625742e-02
4.777516e-01
9.495093e+00
8.266967e-03
1.180132e+01
1.971091e+00
1.858077e-01
1.470699e+00
8.953025e-04
2.609250e-04
7.977763e-03
5.214903e-05
1.477902e-02
3.211852e-01
4.450038e-05
1.052360e-02
1.667383e+00
1.370492e+02
