1.566090e-01
5.072323e+02
1.859957e+01
2.076397e+01
5.141900e+01
2.144329e+02
1.813937e+00
9.160295e-05
1.063117e-02
1.080929e-03
5.968080e+00
4.544221e+04
1.241850e+00
1.310659e-03
5.796235e-02
3.594822e-02
1.964583e-01
8.676386e+05
2.291629e-03
3.348830e+02
8.030439e-01
1.839422e+04
2.676060e+01
1.627230e-01
3.135349e-02
1.554107e-01
3.871457e+01
2.466625e+02
4.398762e+00
4.823163e+00
5.245061e-01
1.924930e+04
1.603328e+01
1.709324e+01
3.630009e-01
1.036289e+02
1.387317e+00
1.280928e-03
1.641307e-03
3.030371e-05
7.688545e+00
7.188905e+03
2.639645e-04
2.399832e+02
1.649671e+00
8.791916e-02
5.898237e-01
5.264209e-01
6.182944e-01
5.745212e+03
1.089000e-01
1.548020e+03
8.132462e-02
3.200964e-02
1.748531e-03
3.434313e+01
3.612203e-01
2.134063e-01
1.553498e+00
9.657964e+00
2.255684e-02
1.054238e+01
1.851359e+00
2.669793e-01
1.733136e+00
5.250426e-04
8.289775e-04
2.500710e-03
3.177484e-05
2.646702e-02
5.007019e-01
2.097627e-05
8.062425e-03
1.717491e+00
2.532981e+02
