3.826905e-01
5.965190e+02
1.714408e+01
3.489682e+01
1.710191e+02
2.995590e+02
2.148110e+00
5.214374e-05
7.655958e-03
6.151223e-04
5.402297e+00
1.026268e+05
1.962279e+00
7.431008e-04
2.962778e-02
3.807342e-02
7.096767e-02
8.143423e+05
2.901583e-03
1.734397e+02
3.942874e-01
3.665785e+04
1.739798e+01
1.164600e+00
3.516498e-02
8.962489e-02
2.377586e+01
4.614475e+02
5.977915e+00
2.817080e+00
1.345999e-01
1.105254e+04
1.870480e+01
8.171663e+00
1.679779e-01
3.620010e+01
1.586413e+00
1.863510e-03
1.104895e-03
6.576785e-05
1.604965e+01
1.848234e+03
2.604466e-04
1.065139e+03
2.030632e+00
7.033816e-02
7.319238e-01
3.872494e-01
1.554790e-01
3.045439e+03
4.873348e-02
7.179001e+02
2.116622e-02
3.218781e-02
1.222818e-03
2.072878e+01
5.396588e-01
6.185674e-02
1.810349e+00
4.104831e+01
1.038418e-02
5.578527e+00
7.231758e-01
5.402296e-01
2.148999e+00
2.203422e-04
5.894128e-04
5.477426e-03
3.014670e-05
1.205357e-02
3.662909e-01
1.388421e-05
1.423050e-02
1.487766e+00
1.576435e+02
