3.535537e-01
9.015956e+02
2.252797e+01
2.430757e+01
4.424533e+01
8.575888e+01
1.903043e+00
6.780924e-05
9.815083e-03
1.578729e-03
2.635016e+00
6.060342e+04
1.176440e+00
1.197851e-03
2.778131e-02
9.003083e-02
1.367502e-01
3.665921e+05
4.746530e-03
1.949179e+02
4.806678e-01
3.773970e+04
1.522257e+01
6.384517e-01
4.741522e-02
2.140446e-01
2.695815e+01
1.051540e+02
4.749301e+00
9.646765e+00
2.590839e-01
4.418821e+03
2.608768e+01
2.246444e+01
4.279952e-01
9.558163e+01
1.265572e+00
2.800341e-03
1.074864e-03
3.782777e-05
9.188682e+00
3.327722e+03
1.452672e-03
2.211462e+02
3.678053e+00
1.383542e-01
1.205295e+00
2.371576e-01
2.329248e-01
3.049194e+03
2.980958e-02
9.164192e+02
3.012019e-02
3.615170e-02
1.604218e-03
9.251722e+00
6.710243e-01
1.518562e-01
1.288438e+00
1.837234e+01
4.146657e-02
5.785778e+00
3.729838e-01
4.653711e-01
1.854501e+00
6.021334e-04
1.191863e-03
2.860763e-03
4.441120e-05
4.578796e-02
4.056507e-01
1.483364e-05
1.722520e-02
1.334351e+00
1.635886e+02
