4.191600e-01
4.863560e+02
2.352888e+01
6.819358e+01
1.492047e+02
1.745489e+02
1.801321e+00
4.839471e-05
5.147943e-03
6.131720e-04
4.807097e+00
7.720917e+04
2.067666e+00
6.122678e-04
3.744039e-02
4.120996e-02
6.375726e-02
4.985982e+05
2.573545e-03
2.304660e+02
5.462493e-01
5.465963e+04
1.329427e+01
7.162529e-01
4.205810e-02
1.367532e-01
2.929745e+01
3.878539e+02
5.274505e+00
4.863407e+00
1.097552e-01
1.774987e+04
1.336060e+01
1.094627e+01
8.612702e-02
3.536755e+01
1.788005e+00
2.787843e-03
8.191441e-04
6.405626e-05
9.092453e+00
1.692846e+03
1.446253e-04
7.179971e+02
1.133729e+00
6.577422e-02
1.323184e+00
1.848946e-01
2.098329e-01
3.135788e+03
6.109714e-02
7.436752e+02
2.312869e-02
2.630059e-02
1.055942e-03
1.686650e+01
6.193351e-01
5.386647e-02
1.350950e+00
2.042189e+01
1.016855e-02
6.661421e+00
1.019608e+00
5.036492e-01
2.059642e+00
2.126619e-04
7.904929e-04
4.757511e-03
3.288006e-05
1.260625e-02
2.629172e-01
1.985208e-05
1.636701e-02
1.467144e+00
1.588296e+02
