4.965131e-01
5.043286e+02
1.958493e+01
7.392834e+00
1.086430e+01
2.417466e+01
1.285236e+00
2.204652e-04
4.649926e-03
1.994044e-03
2.612228e+00
1.107065e+04
2.295616e+00
9.540523e-04
1.923635e-01
2.146599e-02
8.407956e-02
2.365589e+05
5.423287e-03
5.622694e+02
5.091206e-01
7.764739e+04
9.748620e+00
1.983864e-01
9.365411e-02
7.395144e-02
2.580935e+01
9.137475e+02
2.636240e+00
3.178293e+00
2.993513e-01
1.226784e+04
1.776282e+00
1.175921e+01
7.490634e-02
1.584317e+03
1.546001e+00
3.321223e-03
1.007003e-03
4.241754e-05
4.416687e+00
1.239198e+03
2.406038e-04
5.146138e+02
3.972563e-01
1.073445e-01
1.619111e+00
2.419826e-02
2.933903e-01
6.224395e+03
1.270766e-01
4.466459e+03
1.287223e-02
1.826187e-01
2.581195e-03
6.652772e+00
1.502568e-01
7.598734e-02
7.327495e-01
8.491427e+00
9.478440e-03
1.497483e+01
2.027124e+00
2.381426e-01
1.542837e+00
9.602620e-04
3.192641e-04
6.206540e-03
5.740730e-05
9.536809e-03
3.094038e-01
5.010729e-05
1.012497e-02
1.743447e+00
1.230575e+02
