4.631459e-01
1.259401e+03
1.696556e+01
5.925987e+01
1.188203e+02
1.389302e+03
3.874854e+00
1.272397e-04
8.992037e-04
2.210180e-04
7.564700e+00
1.183251e+05
1.551999e+00
1.116492e-02
8.113034e-02
7.047527e-02
2.991643e-01
9.634124e+05
2.109851e-02
3.878377e+01
1.498098e-01
2.841954e+04
4.546397e+00
2.641271e+00
1.664399e-01
6.035834e-01
1.167236e+02
3.249664e+03
3.903378e+01
8.473409e+00
2.591256e-01
1.681730e+04
1.230979e+02
2.073170e+01
6.552142e+00
5.873661e+01
1.712752e+00
1.617473e-03
1.241514e-03
2.264462e-05
5.720049e+01
6.974239e+04
5.973150e-05
7.577336e+02
9.283477e+00
9.373088e-03
1.177231e+00
3.369809e-02
1.178345e-01
1.598088e+03
1.564273e-02
3.708880e+03
1.463943e-02
1.559867e-01
1.900953e-03
1.089631e+01
9.258840e-02
6.083767e-02
2.953704e+00
7.446050e+00
5.813848e-02
2.636408e+00
1.281150e-01
7.806453e-01
3.269588e+00
1.195722e-03
1.855260e-04
2.448164e-02
7.372096e-06
1.099036e-02
6.106552e-01
4.890228e-05
1.321476e-02
4.000000e+00
1.546387e+02
