2.706399e-01
3.420626e+02
2.304975e+01
2.908896e+01
5.903674e+01
8.985355e+01
2.279741e+00
6.175830e-05
9.213972e-03
1.511760e-03
2.037132e+00
1.359038e+04
1.478948e+00
1.258990e-03
3.606689e-02
5.255792e-02
7.905296e-02
1.067967e+06
1.077538e-02
3.744235e+02
8.617425e-01
4.272029e+04
1.013636e+01
9.978365e-01
1.822876e-02
1.352468e-01
3.077045e+01
5.177341e+02
1.060966e+01
1.575945e+01
4.337399e-01
3.479775e+04
8.191263e+00
1.308560e+01
3.426320e-01
1.108025e+02
1.922006e+00
3.819898e-03
6.441270e-04
2.152523e-04
2.635650e+00
2.048167e+04
3.653002e-04
5.923788e+02
1.423290e+00
3.557687e-02
2.683599e-01
4.493066e-02
1.390930e+00
1.193864e+03
1.537131e-01
7.233834e+02
6.910206e-02
5.065421e-02
3.071491e-03
5.987655e+00
4.537395e-01
1.564492e-01
1.176521e+00
1.837318e+01
1.863312e-02
6.931335e+00
5.227726e-01
9.140436e-01
1.893533e+00
1.219888e-04
1.562232e-03
5.160638e-03
3.456949e-05
2.103824e-02
2.659352e-01
4.307263e-05
1.270835e-02
1.847743e+00
1.341502e+02
