6.761849e-02
2.747422e+02
2.086442e+01
1.525319e+01
3.064562e+01
6.351429e+01
1.353466e+00
1.070264e-04
3.083636e-03
9.897036e-04
1.747783e+01
1.469887e+04
3.718924e+00
2.110784e-04
2.091949e-02
2.574342e-02
4.517504e-02
4.452736e+05
4.187581e-03
8.243830e+01
4.386211e-01
6.372292e+03
8.775780e+01
2.541846e-01
2.090459e-01
6.173689e-01
2.421321e+01
1.982488e+03
1.893337e+00
1.547710e+00
2.902838e-01
8.316541e+03
3.900373e+01
1.499226e+01
3.877999e-01
1.733026e+02
1.621147e+00
1.721502e-03
8.332197e-04
4.545733e-05
4.675621e+00
7.741748e+03
3.520586e-04
6.375964e+02
1.222378e+01
1.408294e-01
4.220465e+00
1.246673e+00
1.986005e-01
3.037177e+04
1.008523e-01
1.033025e+03
2.714814e-02
4.018902e-02
4.515151e-03
7.035109e+00
1.760749e-01
2.115975e+00
6.325541e+00
2.024979e+01
4.235721e-03
2.853080e+00
9.428566e-01
3.056637e-01
3.244867e+00
1.928511e-03
1.485947e-03
1.805142e-03
2.134028e-05
3.481103e-02
5.564068e-01
4.384339e-06
7.173962e-03
1.913334e+00
3.119497e+02
