1.498869e-01
1.462786e+02
3.261326e+01
1.463771e+01
2.814667e+01
8.331134e+01
1.657925e+00
1.290688e-04
2.451033e-03
4.602692e-04
1.595872e+00
1.438599e+05
1.151632e+00
1.903723e-04
9.292162e-02
7.523407e-02
1.184832e-01
1.302052e+05
2.555270e-03
1.939703e+02
1.617761e-01
2.394348e+04
6.380213e+00
3.827854e-01
8.964241e-03
2.082088e-01
1.551444e+01
1.707813e+02
4.581773e+00
1.292598e+01
3.779771e-01
1.059846e+04
3.697558e+00
7.948726e+00
2.055033e-01
1.974328e+02
2.447130e+00
2.942648e-03
5.920527e-04
2.312933e-04
6.323707e+00
4.880264e+03
9.542223e-04
1.200663e+02
1.695002e+00
2.506048e-02
1.495921e+00
2.300184e-01
5.087709e-01
2.042010e+03
2.494419e-02
6.806803e+02
3.306873e-02
5.437643e-02
2.205075e-03
8.125864e+00
5.427448e-01
7.702646e-02
4.253929e+00
1.109192e+01
1.234435e-02
3.253011e+00
1.414822e+00
1.144616e+00
2.189045e+00
3.252197e-04
1.314950e-03
1.598717e-03
6.771527e-06
2.065822e-02
5.441940e-01
2.444357e-05
8.123526e-03
1.682205e+00
1.978756e+02
