4.187825e-01
6.287296e+02
2.145108e+01
5.764037e+01
1.590901e+02
2.864026e+02
2.251751e+00
5.570441e-05
8.033907e-03
5.909130e-04
6.694992e+00
7.665499e+04
2.536424e+00
9.458655e-04
4.494859e-02
3.300472e-02
6.504636e-02
6.961922e+05
3.829386e-03
1.762414e+02
3.335219e-01
5.627119e+04
1.423224e+01
1.555790e+00
3.843467e-02
1.148961e-01
3.086788e+01
4.336197e+02
6.738043e+00
3.099032e+00
1.830349e-01
8.842857e+03
1.219000e+01
1.116839e+01
1.673439e-01
3.873331e+01
1.733566e+00
2.968682e-03
9.970107e-04
9.065052e-05
2.199158e+01
2.247799e+03
2.712022e-04
1.129891e+03
2.686537e+00
4.479141e-02
1.096108e+00
2.785307e-01
1.600146e-01
2.847177e+03
5.670396e-02
6.103668e+02
2.549516e-02
4.533670e-02
1.502220e-03
2.275403e+01
7.419967e-01
6.238139e-02
1.782882e+00
5.387675e+01
1.575622e-02
6.475686e+00
8.218433e-01
7.681776e-01
2.395238e+00
2.488187e-04
7.016268e-04
7.415358e-03
5.435745e-05
1.647647e-02
4.599285e-01
1.390243e-05
1.532737e-02
1.539925e+00
1.525265e+02
