7.317378e-02
4.570949e+02
2.046497e+01
5.394077e+01
1.808164e+02
3.948542e+02
1.145522e+00
9.572947e-05
9.273591e-03
1.259639e-03
7.317069e+00
2.827134e+05
3.610294e-01
5.297583e-04
2.962878e-02
1.658048e-02
5.529864e-01
1.245402e+06
1.728087e-03
5.219744e+02
2.369744e-01
7.555735e+03
1.284576e+01
2.486760e-01
1.193123e-02
3.949550e-01
4.970460e+01
1.568773e+03
1.345564e+01
5.345043e+00
8.979333e-02
8.625685e+03
9.826267e+00
9.971450e+01
5.264436e+00
3.581962e+01
1.560877e+00
4.262304e-03
7.141190e-04
1.886220e-05
5.619631e+01
3.896324e+04
1.143193e-04
3.373313e+02
8.061218e-01
9.325393e-02
9.627748e-01
3.299978e-01
1.002095e-01
2.101636e+04
5.094800e-02
3.071842e+02
1.604750e-01
1.385411e-02
1.251733e-03
6.815654e+01
3.661947e-01
2.112574e-01
4.133192e-01
2.399236e+02
4.858742e-02
4.502006e+01
1.202328e-01
1.904750e-01
2.916277e+00
4.785333e-05
6.261960e-04
2.426699e-02
3.603532e-05
5.695469e-02
2.061301e+00
2.029771e-04
8.508008e-03
1.705994e+00
2.994638e+02
