5.617676e-01
4.938641e+02
1.908757e+01
7.300368e+00
1.239373e+01
2.956760e+01
1.389470e+00
2.308207e-04
4.206228e-03
2.018460e-03
3.280259e+00
1.302527e+04
2.513108e+00
1.041672e-03
2.293602e-01
1.896951e-02
7.078915e-02
1.580788e+05
8.311094e-03
5.012699e+02
4.857167e-01
8.330416e+04
1.128694e+01
2.503465e-01
1.120271e-01
9.249281e-02
2.797074e+01
1.000075e+03
3.331434e+00
2.529973e+00
3.111399e-01
9.671732e+03
2.105485e+00
1.212528e+01
6.738993e-02
1.506023e+03
1.509544e+00
3.259454e-03
9.717491e-04
4.084502e-05
3.213893e+00
1.356564e+03
1.617060e-04
5.459648e+02
5.141838e-01
1.042269e-01
1.283402e+00
1.951864e-02
2.821848e-01
5.544583e+03
1.574769e-01
5.576950e+03
1.070184e-02
2.081178e-01
2.339808e-03
7.151430e+00
1.381268e-01
7.783448e-02
5.811647e-01
5.557085e+00
5.581155e-03
1.635050e+01
2.559563e+00
3.257028e-01
1.632056e+00
1.121853e-03
2.915384e-04
4.046562e-03
5.354205e-05
7.858229e-03
2.096473e-01
5.849358e-05
9.495083e-03
1.705235e+00
1.170270e+02
