8.444233e-02
2.461182e+02
1.691359e+01
2.501589e+01
6.775097e+01
5.096621e+02
1.012139e+00
1.095941e-04
9.567477e-03
1.174894e-03
7.068645e+00
1.449210e+05
3.349457e-01
4.392746e-04
1.834905e-02
9.404533e-03
6.896985e-01
1.919243e+06
7.429953e-04
3.580223e+02
1.943070e-01
3.288855e+03
1.359200e+01
1.139455e-01
7.952602e-03
4.546531e-01
4.193387e+01
8.171317e+02
1.085424e+01
6.516259e+00
5.185298e-02
3.527956e+03
3.751424e+00
7.642906e+01
3.430182e+00
3.556088e+01
1.625280e+00
2.960526e-03
8.452494e-04
7.650000e-06
2.467021e+01
1.689612e+04
7.632383e-05
1.942603e+02
3.707604e-01
5.690833e-02
6.501365e-01
1.954312e-01
9.099687e-02
1.834944e+04
2.281845e-02
1.249773e+02
5.164612e-02
5.707981e-03
1.090893e-03
4.519493e+01
2.985530e-01
1.100667e-01
4.886794e-01
2.187781e+02
4.184329e-02
3.952970e+01
1.026835e-01
1.577104e-01
2.913874e+00
3.906980e-05
4.000814e-04
2.085289e-02
4.250395e-05
7.330116e-02
2.142858e+00
8.579476e-05
8.271000e-03
1.806900e+00
1.616367e+02
