6.183665e-01
1.693741e+03
1.853433e+01
8.109707e+00
2.013346e+02
3.845631e+01
1.853745e+00
4.301939e-04
2.189990e-02
5.342674e-04
1.700632e+00
2.125484e+04
1.961608e+00
1.748412e-04
2.858090e-02
1.531775e-02
4.082125e-01
5.607488e+05
1.186511e-03
2.144257e+03
6.101761e-01
5.307355e+03
8.907285e+01
9.139399e-02
1.101112e-02
2.970717e-02
9.374871e+00
7.617711e+02
3.887931e+00
2.806407e+01
7.041877e-01
1.050794e+04
3.094172e+01
7.268629e+01
9.152048e-01
7.991010e+02
2.478486e+00
4.946542e-04
1.036704e-03
3.724391e-04
1.689273e+00
4.158536e+03
1.604877e-03
6.532260e+02
6.706788e-01
3.667633e-01
8.051565e-01
9.899307e-02
9.496051e-02
2.970934e+03
7.671746e-03
1.038499e+03
3.308330e-02
2.578624e-02
2.907561e-04
1.448923e+02
5.842973e-01
7.642631e-02
2.848550e+00
7.103788e+01
1.728717e-03
3.864105e+00
3.847478e+00
1.658965e-01
2.985550e+00
6.634390e-04
2.786870e-04
1.103936e-02
4.182659e-05
4.842645e-02
1.559480e-01
5.909098e-05
6.431264e-02
1.100943e+00
1.604098e+02
