1.207198e-01
7.551117e+02
2.632417e+01
1.254162e+02
4.262255e+01
2.991463e+02
2.447541e+00
3.238450e-04
3.681172e-02
4.680135e-03
1.156661e+01
2.581901e+04
9.242017e+00
3.932705e-04
3.251991e-02
3.188651e-01
1.603774e-01
1.551245e+06
1.522459e-02
6.946866e+02
8.761989e-01
1.061149e+05
1.100515e+01
3.357405e+00
2.836139e-02
5.392804e-01
3.092439e+01
1.054619e+03
3.590492e+01
8.140084e+01
4.465230e-01
6.917528e+04
2.321072e+01
4.109211e+01
2.152808e+00
5.238602e+02
2.489798e+00
2.917997e-03
8.982525e-04
1.075862e-04
1.199099e+01
7.401268e+03
1.142363e-03
1.348137e+03
1.544147e+00
2.369557e-01
2.305908e-01
1.493383e-01
6.537365e-01
1.778312e+03
1.635943e-02
1.076948e+04
1.205930e-01
1.473157e-01
1.568623e-03
3.631491e+01
4.611378e-01
7.512747e-01
3.842975e+00
6.947348e+00
9.203330e-02
1.120299e+01
1.537055e+00
1.826014e+00
1.938800e+00
5.435999e-04
3.064128e-03
1.372268e-03
1.181865e-04
1.283866e-02
4.923647e-01
3.652510e-05
4.533426e-02
2.344977e+00
3.185145e+02
