3.150509e-01
1.209790e+03
1.903504e+01
1.170464e+02
4.273475e+01
3.579478e+02
2.583040e+00
1.921640e-04
3.097245e-02
5.489558e-03
7.698422e+00
1.870272e+04
9.536260e+00
6.039435e-04
3.656400e-02
3.877195e-01
2.295394e-01
1.035805e+06
2.091422e-02
8.705000e+02
8.416854e-01
2.084535e+05
1.082222e+01
1.724526e+00
3.375461e-02
4.737631e-01
1.759222e+01
1.194260e+03
5.250384e+01
5.271159e+01
3.296629e-01
6.272910e+04
1.814085e+01
4.204961e+01
1.594348e+00
4.812580e+02
2.432604e+00
2.193069e-03
9.497215e-04
7.216135e-05
1.581507e+01
1.201720e+04
2.061362e-03
2.023128e+03
1.154688e+00
1.583614e-01
2.182826e-01
1.661598e-01
7.615469e-01
1.512544e+03
1.713633e-02
9.159198e+03
1.003565e-01
1.256475e-01
2.217263e-03
4.345517e+01
5.879552e-01
7.800525e-01
3.724397e+00
6.340224e+00
9.831531e-02
1.077751e+01
1.467586e+00
1.387161e+00
1.836462e+00
8.176128e-04
2.791362e-03
8.679222e-04
1.243166e-04
1.825634e-02
4.134182e-01
9.582607e-05
3.286916e-02
2.169485e+00
2.507931e+02
