2.380172e-01
1.564403e+03
2.868395e+01
1.066817e+02
1.056152e+02
3.013650e+02
2.894624e+00
1.564072e-05
4.068344e-03
1.312148e-03
2.147101e+01
1.655881e+05
3.806989e-01
3.386727e-04
6.145097e-03
3.165965e-02
1.673472e-01
2.554713e+06
1.760362e-03
1.694190e+02
8.159960e-02
8.324053e+04
8.542517e+00
7.050975e+00
1.318963e-02
6.881565e-02
5.978587e+01
1.529935e+03
2.824016e+00
4.430748e+01
2.816295e+00
1.573929e+05
5.630057e+01
8.193864e+00
1.745686e-01
6.245464e+02
2.202695e+00
3.185265e-03
1.278262e-03
1.468417e-04
3.023095e+01
7.336618e+04
3.487408e-03
2.083823e+02
4.237977e+00
5.785536e-02
1.099186e-01
9.397359e-02
2.086257e+00
1.646739e+03
1.830475e-02
6.332116e+02
4.719626e-01
6.090490e-03
1.056312e-03
1.931168e+00
2.297723e+00
7.488445e-01
4.217083e-01
1.869554e+02
6.822776e-02
1.164182e+01
2.354639e+00
1.227477e+00
1.663442e+00
4.393463e-04
2.155408e-04
2.781904e-03
1.723259e-04
2.226806e-02
2.094090e-01
1.624311e-05
5.974613e-03
2.001511e+00
4.273894e+02
