2.128237e-01
1.707283e+03
2.114391e+01
1.196518e+02
9.902045e+01
8.868605e+01
2.045376e+00
2.693843e-04
6.584971e-03
1.726449e-04
1.904261e+01
1.425658e+05
6.051812e+00
1.032154e-03
4.621862e-02
4.101997e-02
2.492315e-01
4.768076e+05
4.442938e-03
4.149360e+02
3.097079e-01
2.219902e+04
2.843339e+01
4.988578e-01
5.724493e-02
7.742048e-02
1.572123e+02
3.469718e+02
2.388535e+01
9.255455e+01
8.052796e-01
1.904987e+04
3.237319e+01
3.014872e+01
2.911934e+00
2.950773e+02
1.801118e+00
1.511349e-03
1.605473e-03
6.144797e-05
2.267798e+01
7.638385e+03
8.470302e-04
8.606428e+01
1.590288e+01
3.323266e-02
9.812334e-01
2.866303e-01
4.322101e+00
2.230679e+03
1.514549e-01
6.711695e+02
1.628008e-02
8.117820e-02
8.790838e-03
1.951648e+01
1.942790e-01
1.463726e-01
1.062171e+00
1.860097e+01
4.491026e-03
3.601083e+00
3.151551e+00
4.097382e-01
2.151457e+00
4.400712e-04
5.490000e-03
1.694505e-02
2.635252e-05
1.468220e-02
3.193127e+00
1.475856e-04
5.712688e-02
2.731521e+00
2.277754e+02
