2.760510e-01
1.346331e+02
3.239090e+01
5.266505e+01
5.947153e+01
1.538255e+02
2.304093e+00
1.274644e-04
9.518543e-03
1.121330e-03
7.800275e+00
1.454465e+04
2.687422e+00
1.791519e-03
5.534138e-02
9.917323e-02
2.833572e-02
1.026109e+06
6.293790e-04
2.425341e+02
2.104423e-01
5.809711e+04
3.206424e+00
6.660692e+00
6.686582e-03
3.112565e-01
2.192792e+01
1.392140e+02
7.230611e+00
3.977509e+00
1.047097e-01
3.304500e+03
1.277276e+01
1.186530e+01
4.741805e-01
7.164948e+01
1.679444e+00
2.017493e-03
5.547852e-04
2.305654e-04
6.646385e+00
2.948226e+03
7.875298e-04
1.058398e+03
8.737032e-01
4.944231e-02
6.842435e-01
1.667600e-02
6.573662e-01
7.164642e+03
8.907980e-02
1.125277e+04
3.170029e-02
1.019095e-01
1.572311e-03
1.606084e+01
5.823577e-01
3.431548e-01
1.470848e+00
1.744938e+01
3.740535e-02
5.721330e+00
5.257064e+00
1.040205e+00
1.799035e+00
1.990316e-04
7.170939e-04
2.042053e-02
8.281446e-05
1.016218e-02
1.203063e-01
5.382778e-05
2.100603e-02
2.617386e+00
1.356042e+02
