5.031565e-01
7.873610e+02
2.862143e+01
6.558397e+01
1.689433e+01
1.186925e+02
1.931230e+00
1.009423e-04
5.415814e-03
2.798168e-03
3.135675e+00
3.719170e+04
2.094092e+00
1.173830e-03
9.025261e-03
2.542253e-02
1.382819e-01
5.353482e+05
1.942542e-02
5.808403e+02
8.309386e-01
4.329337e+04
1.123042e+01
7.169688e-01
2.746481e-02
5.783443e-02
8.390064e+00
5.160034e+02
4.633287e+00
9.647867e+00
1.187392e+00
1.672942e+04
1.695417e+01
2.221431e+01
1.529428e+00
2.261597e+02
2.225974e+00
4.078430e-03
9.552406e-04
1.069898e-04
4.335835e+00
5.911467e+03
9.546449e-04
1.917890e+02
1.899363e+00
5.393703e-02
1.099338e+00
5.179984e-02
1.591599e+00
3.454920e+03
9.969438e-02
3.735228e+02
9.854280e-02
1.458695e-02
2.820301e-03
1.181505e+01
7.087155e-01
2.359507e-01
3.059681e+00
4.196231e+01
4.925017e-02
1.617096e+01
1.856442e+00
6.049780e-01
2.341178e+00
1.567445e-04
8.912211e-04
4.764274e-03
3.514785e-05
1.614113e-02
3.825949e-01
3.575601e-05
1.264038e-02
1.936390e+00
1.533610e+02
