2.978536e-01
6.377943e+02
2.473642e+01
3.615505e+01
8.442071e+01
1.357035e+02
1.991615e+00
8.522277e-05
3.642277e-03
7.074509e-04
2.310913e+00
4.551187e+04
8.733772e-01
5.543852e-04
5.820675e-03
9.620102e-02
7.676032e-02
1.333608e+06
7.477428e-03
3.915439e+02
1.429736e-01
4.608406e+04
1.104576e+01
2.232755e+00
1.224499e-02
4.961065e-02
3.260468e+01
1.594371e+02
4.340506e+00
1.515195e+01
1.659673e-01
4.291235e+04
8.183264e+00
7.644641e+00
4.650108e-01
1.458941e+02
1.540845e+00
1.264795e-03
1.259322e-03
7.869638e-05
2.574222e+00
5.006845e+03
6.750741e-04
1.733465e+02
1.023325e+01
2.944353e-02
1.564662e-01
8.914520e-02
3.489408e-01
1.184825e+03
5.323237e-02
9.144134e+03
6.402162e-01
4.299187e-02
1.521569e-03
5.630648e+00
2.323998e+00
1.580860e-01
1.037262e+00
4.251766e+00
2.332751e-02
1.015813e+01
2.686959e+00
1.069473e-01
2.017973e+00
6.373982e-05
1.558979e-03
2.835147e-03
3.501730e-05
2.271819e-02
6.104598e-01
2.448488e-05
3.902385e-03
2.757938e+00
1.949526e+02
