6.758807e-01
2.906729e+03
3.398247e+01
5.832879e+01
7.720058e+01
1.650195e+02
1.559254e+00
2.024968e-04
3.347437e-03
8.659269e-04
3.740164e+00
3.025778e+04
2.148070e+00
4.888315e-04
3.786426e-02
6.893833e-02
5.126696e-01
2.405142e+06
6.260798e-03
2.673292e+02
2.051654e-01
3.655384e+04
6.120012e+01
2.413678e-01
1.391688e-01
1.832184e-02
2.139076e+01
9.398983e+02
2.383435e+00
7.084811e+00
3.355708e+00
3.048280e+04
9.159892e+00
1.660080e+01
3.338856e-01
2.321578e+02
2.336005e+00
2.059467e-03
1.940852e-03
9.612812e-05
9.406475e-01
1.208917e+04
2.398597e-04
5.042995e+02
1.871823e+00
3.948280e-01
5.734711e-01
4.348669e-01
7.040279e+00
1.086082e+04
3.730639e-01
2.439265e+02
4.490600e-01
3.223596e-02
2.591631e-03
9.288648e+00
1.757878e+00
2.011669e-01
9.570029e+00
1.106850e+02
5.563192e-02
4.286197e+01
2.772217e+00
4.911240e-01
2.349080e+00
1.593161e-04
3.457076e-03
8.549494e-04
9.702752e-05
3.739431e-03
2.311200e-01
9.709462e-05
8.290126e-02
3.003658e+00
1.813356e+02
