3.716232e-01
4.517157e+02
2.589642e+01
5.389655e+01
1.784613e+01
1.190688e+02
2.340191e+00
7.354853e-05
4.411470e-03
2.510469e-03
3.141415e+00
3.133908e+04
1.868001e+00
1.097726e-03
7.483946e-03
2.245605e-02
1.172927e-01
4.046960e+05
1.575864e-02
4.337651e+02
5.947145e-01
4.217749e+04
1.021234e+01
5.534290e-01
3.429566e-02
6.738707e-02
7.029297e+00
4.624248e+02
2.962162e+00
8.366080e+00
8.531043e-01
1.836379e+04
1.495620e+01
1.842818e+01
9.765038e-01
1.338551e+02
2.007963e+00
2.258829e-03
8.269602e-04
7.457692e-05
5.006697e+00
4.557977e+03
6.359072e-04
2.007746e+02
1.032965e+00
4.014561e-02
8.802557e-01
5.240037e-02
1.177010e+00
1.966791e+03
6.812817e-02
3.694220e+02
8.124394e-02
1.323915e-02
2.643781e-03
1.262539e+01
6.952396e-01
2.198247e-01
2.059584e+00
2.651751e+01
4.885604e-02
7.931717e+00
1.148327e+00
3.601749e-01
2.309404e+00
1.084203e-04
9.267704e-04
3.592575e-03
4.034453e-05
1.018343e-02
3.355247e-01
2.678376e-05
9.236906e-03
1.712413e+00
1.277540e+02
