2.046936e+00
2.041363e+03
3.708988e+01
2.374847e+02
5.422421e+01
5.174439e+02
2.619489e+00
2.268218e-05
2.596703e-03
1.863037e-03
4.996320e+00
4.775455e+03
2.047719e+00
6.632046e-03
1.893705e-01
6.079496e-01
2.653929e-01
2.058464e+06
5.580313e-02
2.893840e+03
5.958476e-01
9.135619e+03
2.493390e+01
1.136135e-01
4.643650e-02
4.944989e-02
8.400101e+01
3.065799e+03
5.824433e+01
1.783720e+00
9.040788e-01
1.120790e+04
2.974592e+01
2.288252e+01
5.060267e-01
9.376388e+02
1.250810e+00
2.274962e-02
6.612365e-04
2.428323e-05
9.218944e+00
2.537608e+03
2.120761e-04
3.928586e+02
4.372281e+00
2.610274e-01
3.040427e-01
3.574838e-02
1.002202e+00
9.049760e+02
1.494129e-02
1.524079e+02
3.763445e-01
4.129005e-02
9.572471e-03
3.781815e+01
1.748160e-01
1.026157e+00
6.081278e+00
4.125556e+00
1.421526e-01
1.338292e+00
4.842239e+00
1.156574e+00
1.690598e+00
1.101100e-04
3.353331e-03
2.878991e-03
1.423485e-05
1.142624e-01
9.855589e-02
2.291894e-05
1.896320e-02
2.980722e+00
1.814852e+02
