5.290159e-01
1.131082e+03
2.712205e+01
6.450978e+01
7.621584e+01
9.526215e+01
2.160749e+00
7.195421e-05
4.327002e-03
7.983899e-04
1.866618e+00
3.748049e+04
6.266049e-01
5.617464e-04
9.303612e-03
9.497063e-02
5.449399e-02
1.694532e+06
5.595039e-03
2.101316e+02
2.724824e-01
4.998300e+04
1.162175e+01
2.135445e+00
8.945697e-03
6.462160e-02
2.144802e+01
1.916712e+02
2.970064e+00
1.279998e+01
1.996126e-01
4.229857e+04
4.478105e+00
1.172674e+01
4.390136e-01
2.469999e+02
1.409456e+00
1.230301e-03
1.382073e-03
7.336644e-05
7.784661e+00
8.898165e+03
9.587686e-04
1.637668e+02
7.173187e+00
1.517816e-02
1.422676e-01
1.410428e-01
2.444136e-01
1.212248e+03
4.764031e-02
1.021258e+04
6.202326e-01
5.637512e-02
7.426079e-04
3.028994e+00
2.328947e+00
1.832999e-01
8.092746e-01
5.908362e+00
3.673444e-02
1.028061e+01
2.157916e+00
7.989712e-02
1.589181e+00
7.051421e-05
1.159821e-03
6.574759e-03
2.511225e-05
2.320999e-02
6.389352e-01
4.109888e-05
7.048513e-03
3.141881e+00
1.606023e+02
