2.616048e-01
1.695387e+02
3.081540e+01
9.295985e+01
6.171099e+01
9.470605e+01
2.387699e+00
1.316044e-04
9.030084e-03
8.445284e-04
7.962294e+00
3.663565e+04
2.647577e+00
1.544467e-03
6.581679e-02
7.922397e-02
3.057152e-02
6.793305e+05
7.536293e-04
3.896010e+02
2.377938e-01
6.656467e+04
7.693015e+00
8.299620e+00
4.359193e-03
1.444561e-01
1.871298e+01
8.496438e+01
7.992231e+00
4.543820e+00
1.489715e-01
3.418097e+03
9.453299e+00
1.358139e+01
3.172260e-01
9.475920e+01
2.023492e+00
3.299531e-03
3.991273e-04
2.253296e-04
1.353010e+01
2.189135e+03
1.198885e-03
1.272696e+03
8.642301e-01
5.772449e-02
5.742557e-01
2.243928e-02
6.819608e-01
2.988674e+03
4.440870e-02
1.136284e+04
4.212720e-02
2.803499e-01
4.291100e-03
1.720909e+01
7.753184e-01
7.675429e-01
1.268352e+00
1.263510e+01
5.332326e-02
6.713059e+00
6.138537e+00
9.309228e-01
1.673882e+00
1.066371e-04
6.264740e-04
2.156057e-02
1.174328e-04
8.497342e-03
8.068639e-02
6.942124e-05
2.019631e-02
2.649035e+00
1.022736e+02
