3.634273e-02
5.123005e+02
2.668632e+01
1.801161e+01
1.952487e+01
4.245677e+01
1.846862e+00
1.258443e-04
2.872762e-03
2.158273e-03
2.510699e+00
5.272246e+04
2.684393e+00
1.582848e-03
7.393926e-03
3.373330e-02
1.929000e-01
5.770291e+05
2.182349e-03
6.417025e+02
1.666828e+00
5.268385e+04
4.341518e+01
3.024216e+00
6.004605e-02
3.627252e-01
3.684672e+01
1.599926e+02
1.084275e+01
2.223628e+01
5.307130e-01
3.467755e+04
7.670520e+00
8.449907e+01
1.335235e+00
1.801855e+02
2.028867e+00
4.347277e-03
8.365740e-04
4.467147e-05
6.026911e+00
1.168145e+04
6.975613e-05
1.875757e+02
2.137366e+00
4.237449e-02
1.138224e-01
1.166444e-01
8.117606e-01
8.907969e+02
3.431271e-02
6.369102e+02
7.840039e-02
3.122061e-02
1.890274e-03
9.148084e+00
1.564073e+00
1.296573e-01
3.212954e-01
6.375368e+01
5.190228e-03
5.484749e+00
1.120478e+00
3.289997e-01
1.298929e+00
5.865166e-05
4.943797e-03
2.147371e-03
6.443692e-05
3.776453e-02
8.654887e-02
2.198457e-04
1.690297e-02
2.697531e+00
6.801334e+02
