2.110062e-01
9.873968e+01
3.085390e+01
2.943808e+01
1.524999e+02
6.468565e+02
1.105260e+00
3.181902e-04
2.833801e-03
4.695399e-04
7.089778e+00
3.968429e+04
1.255427e+00
4.163354e-03
8.186807e-02
1.154474e-02
1.218812e+00
1.236888e+05
3.866160e-02
4.805419e+02
3.793278e-01
1.659929e+05
2.937316e+00
1.705620e-01
2.892985e-03
1.323730e-01
2.125015e+00
8.943550e+02
4.558193e+01
1.839854e+01
1.624003e-01
5.611366e+04
3.716555e+00
6.298396e+00
1.739563e+00
3.188121e+02
2.717224e+00
1.680661e-03
9.322881e-04
2.780281e-04
7.788961e+00
7.817913e+03
1.448503e-04
3.875905e+03
2.432733e-01
1.547342e-01
1.153038e-01
8.217173e-01
2.236987e-01
3.773134e+03
7.762474e-03
1.533415e+03
1.932474e-01
2.841303e-01
8.672710e-03
8.082932e+01
7.071873e-01
1.945433e+00
2.024362e+00
1.297711e+02
2.413190e-03
1.094958e+00
6.052343e+00
1.420011e-01
1.375593e+00
1.142796e-04
1.514457e-04
1.166423e-02
8.665084e-06
3.506431e-02
5.413163e-02
5.501309e-05
6.130996e-02
1.850634e+00
1.580317e+02
