1.824043e-01
1.469401e+02
1.738197e+01
7.126084e+01
2.528736e+01
5.319509e+01
1.672730e+00
2.993360e-04
4.783365e-03
9.182012e-04
6.855160e+00
1.426368e+04
1.550870e+00
8.873430e-04
3.500709e-02
5.809465e-02
5.039660e-01
1.460392e+06
2.199972e-03
2.289845e+02
3.770343e-01
1.443859e+04
2.502206e+01
3.197604e-01
1.415716e-02
6.576822e-02
1.145277e+02
2.949476e+02
1.238019e+01
8.499882e+00
1.309211e-01
1.354591e+04
2.008006e+01
2.128235e+00
5.399823e-01
1.579640e+02
1.272040e+00
6.202234e-03
6.768048e-04
3.458279e-05
6.439972e+00
2.665388e+03
7.924640e-04
2.002280e+02
7.785778e-01
1.535865e-01
1.168885e+00
2.908192e-02
2.948392e+00
5.998883e+02
7.034457e-02
7.805405e+02
6.210302e-02
2.242146e-02
1.598446e-03
1.331844e+01
2.761187e-01
7.556625e-02
4.506244e+00
6.584360e+00
2.190085e-02
2.063132e+01
1.151336e+00
5.986306e-01
1.522874e+00
6.305556e-05
8.493077e-04
1.491075e-03
1.041030e-05
4.166990e-03
2.849440e-01
1.536280e-05
1.727298e-02
1.794785e+00
1.356176e+02
