2.727736e-01
1.599201e+03
2.070049e+01
1.602650e+01
3.253324e+01
9.797679e+01
1.158256e+00
8.270189e-05
1.951731e-02
2.909213e-03
6.013562e+00
1.993721e+04
6.576392e+00
1.205657e-03
2.659404e-02
7.383262e-02
2.666981e-01
3.753758e+05
6.486964e-03
2.329078e+02
2.205764e+00
5.169126e+04
6.098880e+01
1.994459e+00
9.358504e-02
1.437134e-01
1.558455e+01
3.924958e+02
1.010935e+01
2.146321e+01
1.674453e-01
6.809608e+04
1.087667e+01
1.702416e+01
4.451081e-01
6.277965e+01
1.905954e+00
1.728388e-03
8.933485e-04
9.509638e-05
3.682709e+00
8.091364e+04
7.461726e-04
1.409944e+03
3.721248e-01
4.866961e-02
1.750955e+00
1.188343e-01
4.461652e+00
2.668430e+03
9.136833e-02
3.666243e+02
4.784567e-02
4.328525e-02
1.704474e-03
1.737942e+00
8.339129e-01
6.847272e-01
2.440252e+00
1.708490e+02
1.023426e-01
1.392713e+01
2.915458e+00
3.502596e-01
3.037106e+00
3.206407e-04
1.211193e-03
1.337553e-03
2.683432e-05
2.301690e-02
3.321634e+00
5.822103e-05
2.755256e-02
2.121945e+00
2.940885e+02
