9.896534e-02
7.478306e+01
9.051998e+01
2.896070e+01
2.286590e+01
5.597183e+01
1.266528e+00
2.051991e-04
6.255262e-03
1.144779e-02
5.636949e+01
4.240480e+04
2.792470e+01
2.379128e-03
1.331598e-02
6.079834e-01
1.102836e-01
4.175390e+05
2.481683e-03
1.282202e+02
2.833790e+00
1.611374e+04
1.003757e+02
9.139399e-02
2.623516e-02
1.178621e-01
1.366947e+01
4.415834e+03
8.069678e+00
1.772005e+01
9.032847e-01
8.216968e+04
6.014481e+00
2.278927e+01
3.919667e-01
1.859761e+03
1.122976e+00
2.652513e-03
1.555416e-03
8.014321e-05
1.127262e+00
5.103877e+03
1.990536e-04
1.213067e+02
1.082729e+00
7.037924e-03
2.553674e+00
6.525775e-01
1.837218e+00
6.338489e+03
1.243270e-01
1.514628e+03
5.972714e-01
4.573840e-01
5.096855e-04
3.353700e+00
2.723558e+00
6.254976e-01
2.335459e+01
2.031426e+01
7.200353e-02
3.175380e+00
1.583785e+00
1.547987e-01
1.262223e+00
2.704880e-03
1.111731e-03
1.425430e-03
4.628448e-05
1.989880e-01
1.468560e-01
6.199658e-05
1.675327e-02
2.769369e+00
3.131578e+02
