6.859064e-01
2.181685e+03
4.266933e+01
5.028068e+01
9.468642e+00
4.842455e+02
1.504351e+00
2.900188e-04
7.979064e-04
4.634924e-03
1.370752e+00
7.643701e+04
1.085481e+01
2.192888e-03
2.337486e-01
4.264374e-02
5.289136e-01
3.194678e+06
8.002251e-04
1.186755e+03
5.837987e-02
1.520505e+04
2.396059e+01
8.665030e-01
4.368484e-03
3.397710e-02
1.063442e+02
1.129627e+03
7.720729e+00
1.569737e+01
2.522951e+00
6.901372e+04
1.852056e+00
7.333364e+00
3.443967e-01
5.402072e+01
2.230780e+00
1.598594e-02
2.012553e-03
2.951010e-04
2.769756e+00
1.770961e+04
1.369147e-03
8.525115e+02
2.117946e+00
9.898509e-02
1.041521e+00
1.768865e-01
5.258382e+00
2.110528e+03
2.976210e-02
2.728752e+03
3.445099e-02
7.871653e-03
3.701864e-03
1.593054e+01
1.421523e-01
7.878215e-02
8.363952e-01
6.379922e+00
2.520084e-02
7.827036e+00
1.881551e+00
7.734258e-01
2.536464e+00
7.912730e-05
8.006712e-03
6.026629e-04
2.812523e-05
2.195617e-03
8.398934e-01
7.508461e-05
1.348851e-02
1.718340e+00
1.911587e+02
