6.467590e-02
1.466226e+02
2.953502e+01
3.655829e+01
4.445524e+01
7.785183e+01
1.705371e+00
1.651763e-04
1.072664e-02
1.260270e-03
8.619428e+00
7.289761e+04
9.207408e+00
4.624706e-04
4.940818e-02
5.819018e-02
7.139112e-02
1.494806e+06
3.415243e-02
1.841044e+02
1.791790e-01
6.969725e+04
9.049347e+00
4.952708e-01
6.550511e-02
1.188348e-01
4.342673e+01
4.505901e+02
7.197896e+00
7.066827e+00
8.914291e-01
2.873036e+04
4.272901e+00
2.010962e+00
9.321866e-01
3.181263e+02
1.864759e+00
1.100545e-03
1.399131e-03
3.576861e-05
4.947234e+01
2.355211e+04
7.701471e-04
4.205222e+02
2.647374e+00
1.373700e-01
3.204549e-01
4.803252e-02
1.273806e+00
5.369379e+03
7.083523e-02
1.627504e+02
2.234475e-01
8.642488e-02
2.743018e-03
1.030395e+01
1.030231e+00
3.994733e-01
3.379842e+00
5.640800e+01
2.458210e-02
1.091319e+01
2.735104e+00
6.591906e-01
1.935132e+00
4.473203e-04
9.059410e-04
9.863219e-04
5.417523e-05
1.179566e-02
4.818541e-01
8.132034e-05
8.178619e-03
2.017531e+00
5.194144e+02
