1.142970e-01
1.982420e+02
1.927413e+01
3.585667e+01
3.452714e+01
4.324773e+01
1.477978e+00
2.939257e-04
9.414680e-03
7.543785e-04
4.098909e+00
1.213021e+04
1.079566e+00
8.794399e-04
2.961803e-02
3.201934e-02
2.265371e-01
8.890288e+05
4.539031e-03
1.480883e+02
4.299236e-01
1.394344e+04
1.598829e+01
3.585556e-01
7.840695e-03
6.265963e-02
6.070293e+01
2.216275e+02
1.206510e+01
6.069207e+00
1.499829e-01
1.306842e+04
1.944564e+01
3.098141e+00
4.326147e-01
1.393636e+02
1.221816e+00
4.287181e-03
4.664470e-04
1.242321e-05
1.210669e+01
5.740207e+03
7.829391e-04
1.234855e+02
5.467338e-01
8.191084e-02
4.180699e-01
4.888221e-02
1.883951e+00
7.823051e+02
3.865094e-02
1.103729e+03
3.649484e-02
2.396125e-02
9.996830e-04
1.624610e+01
2.277311e-01
8.611670e-02
2.867186e+00
8.843675e+00
1.384087e-02
1.162557e+01
1.557527e+00
2.979178e-01
1.484430e+00
5.383279e-05
6.687519e-04
1.602705e-03
1.096937e-05
5.263714e-03
2.824847e-01
1.664377e-05
1.203394e-02
1.990502e+00
2.422854e+02
