1.092047e-01
4.212831e+02
2.885645e+01
4.710835e+01
1.442728e+01
6.946064e+01
1.155616e+00
3.340428e-04
6.735825e-03
9.543973e-04
1.117948e+01
3.404847e+04
2.730523e+00
2.523107e-04
2.086829e-02
4.534340e-02
3.211874e-02
1.122468e+06
2.459076e-02
1.731829e+02
3.155694e-01
2.201882e+04
7.764227e+00
5.508063e-01
3.906802e-02
1.689608e-01
2.553296e+01
9.312440e+02
5.427099e+00
1.374869e+01
2.238646e-01
4.477858e+04
9.788791e+00
9.685370e+00
3.772586e-01
6.369283e+01
1.618272e+00
1.778241e-03
1.284142e-03
4.264602e-05
5.573857e+00
9.188628e+03
5.702717e-04
2.565532e+02
2.790487e+00
1.503678e-01
3.006521e-01
1.136286e-01
4.817377e-01
3.614307e+03
8.804062e-02
9.554192e+02
4.174637e-02
1.860618e-02
4.027242e-04
1.458718e+01
2.336951e-01
1.441584e-01
2.030958e+00
1.001899e+01
1.480737e-02
4.180645e+00
5.720702e-01
3.308589e-01
2.721901e+00
4.398988e-04
1.073553e-03
5.772237e-04
3.737410e-05
2.290780e-02
1.139045e-01
5.304609e-05
4.536411e-03
1.924189e+00
2.940848e+02
