6.164510e-02
1.380126e+02
2.956999e+01
1.647156e+01
2.406325e+01
6.829466e+01
1.308292e+00
2.551915e-04
1.107579e-02
1.857912e-03
2.942826e+00
1.734707e+04
2.066873e+00
5.865214e-04
1.059419e-02
3.716464e-02
1.704769e-01
6.803475e+05
7.611426e-03
3.825179e+03
5.247558e-01
2.629459e+04
1.904338e+01
1.804066e+00
2.454146e-02
8.026564e-01
3.369980e+01
1.304481e+02
1.657509e+00
1.272397e+01
9.114270e-01
6.444537e+03
9.877699e+00
9.095388e+00
5.362333e-01
1.386483e+02
1.519476e+00
1.931753e-03
1.394361e-03
4.552539e-05
6.951259e+00
8.765517e+03
9.141518e-04
4.208897e+02
7.991930e-01
1.402103e-01
1.734638e+00
1.303799e-01
2.976617e-01
7.621537e+02
1.233609e-01
4.562903e+03
1.842999e-02
9.131603e-02
1.844064e-03
1.652546e+01
1.174172e+00
2.757675e-01
1.740806e+00
2.763886e+01
1.433826e-02
5.903572e+00
2.764476e+00
2.087758e-01
2.168920e+00
3.721788e-04
3.769550e-04
7.567525e-03
2.375066e-05
8.280841e-03
1.720933e-01
2.246026e-05
1.236145e-02
1.887048e+00
3.925426e+02
