2.350485e-01
1.147886e+03
2.443819e+01
4.027305e+01
4.258214e+01
1.713363e+02
1.380812e+00
2.584670e-04
1.441635e-03
8.955071e-04
5.289025e+00
4.405326e+04
4.208956e-01
3.213818e-03
4.765934e-02
6.025680e-01
3.676862e-01
1.346611e+06
3.274939e-03
2.763653e+02
3.982317e-01
1.060320e+05
2.102091e+01
3.671956e+00
1.567925e-02
1.528934e-01
1.212581e+02
6.895709e+02
4.536059e+00
2.087436e+01
1.794625e-01
1.776562e+04
1.982973e+01
5.535032e+00
1.097768e+00
1.945765e+01
1.956175e+00
2.261518e-03
6.149739e-04
4.488862e-05
1.681661e+01
1.451872e+04
2.215109e-03
2.478453e+02
4.011454e+00
1.675629e-01
7.707894e-01
3.902613e-02
5.322393e-01
1.208504e+03
8.739225e-02
3.000941e+03
1.135166e-01
1.112768e-01
2.934445e-04
2.663917e+00
2.124251e+00
6.305766e-01
6.859898e+00
1.250578e+02
1.577056e-02
9.383870e+00
1.272482e+00
5.921292e-01
1.685271e+00
4.079528e-04
7.994765e-04
5.299829e-03
7.847352e-05
3.602724e-02
8.421867e-01
1.900063e-04
5.930196e-03
1.371881e+00
2.632905e+02
