6.651591e-02
4.751942e+02
1.842308e+01
3.438908e+00
3.110989e+01
6.103448e+02
2.468855e+00
1.757927e-04
4.853228e-03
2.254624e-04
1.378267e+01
4.912278e+04
7.970282e-01
5.216564e-03
6.906092e-02
4.315533e-02
5.544775e-01
2.420001e+06
3.474142e-03
5.346636e+02
2.773813e-01
5.547040e+04
8.743499e+00
1.023444e-01
6.624981e-03
9.103373e-02
3.209673e+01
7.060573e+01
1.352412e+00
2.555447e+00
9.420445e-02
8.688960e+04
5.681871e+00
2.301276e+01
2.060489e+00
8.097361e+01
2.408153e+00
2.583633e-03
1.020925e-03
2.115978e-05
9.703822e+00
1.203798e+03
6.798533e-05
4.726081e+02
9.333553e+00
4.903006e-02
1.622539e-01
5.080258e-01
2.453483e-01
2.478429e+03
1.062679e-02
6.025598e+03
3.981859e-01
1.737596e-01
1.995087e-04
8.166445e+00
2.932553e-01
2.363600e-01
1.055108e+01
4.751065e+01
3.550448e-02
1.045748e+00
1.215917e-01
1.030832e+00
1.982615e+00
3.360289e-05
1.039379e-02
1.089692e-03
4.410768e-05
5.282499e-02
1.602293e+00
1.473714e-05
3.447632e-02
1.475530e+00
3.923996e+02
