2.657268e-01
1.799437e+03
1.737494e+01
1.698341e+01
3.300654e+01
1.890839e+02
1.226945e+00
9.326554e-05
2.595032e-02
3.460688e-03
7.072345e+00
1.457078e+04
8.275315e+00
1.175453e-03
2.251735e-02
7.546465e-02
2.909484e-01
4.659332e+05
7.567542e-03
2.700384e+02
1.966338e+00
4.428365e+04
6.539510e+01
1.909369e+00
1.006476e-01
2.288211e-01
1.693174e+01
4.866912e+02
6.507314e+00
1.912251e+01
1.741578e-01
7.191829e+04
1.054224e+01
2.132227e+01
5.624920e-01
6.126972e+01
1.874587e+00
2.636687e-03
8.621093e-04
8.851956e-05
2.329802e+00
8.025720e+04
6.972850e-04
1.242605e+03
8.235256e-01
6.354837e-02
1.835359e+00
1.475048e-01
6.503046e+00
3.925516e+03
1.058901e-01
3.273134e+02
4.393529e-02
6.079755e-02
2.524471e-03
2.310811e+00
7.008199e-01
8.380330e-01
2.206226e+00
2.522838e+02
9.187816e-02
1.166299e+01
3.737835e+00
3.764911e-01
2.929661e+00
4.354230e-04
1.474544e-03
1.512377e-03
3.290513e-05
2.711495e-02
3.217269e+00
6.992327e-05
4.279532e-02
2.341191e+00
3.304864e+02
