1.345273e-01
5.257918e+02
1.298167e+01
1.635359e+01
2.448947e+01
9.620538e+01
2.172468e+00
3.055003e-04
1.231223e-02
5.964219e-04
3.588734e+00
1.119515e+04
2.318103e+00
3.318614e-03
3.372715e-02
4.042846e-02
8.446297e-02
5.077097e+06
1.176683e-02
1.780793e+03
1.006930e-01
2.092955e+04
6.162764e+00
6.004052e-01
5.955350e-02
8.202537e-02
3.009114e+01
2.294602e+03
3.941764e+00
1.225347e+01
2.252987e+00
9.593683e+04
4.326583e+01
6.620325e+00
3.308113e+00
1.233589e+02
1.439169e+00
7.623316e-04
3.719143e-03
6.011464e-05
3.507592e+01
1.337356e+04
2.332768e-04
3.219614e+02
6.329415e+00
8.243706e-02
5.242582e-01
1.511762e-01
7.626976e-01
3.830503e+04
4.510773e-02
8.317060e+02
1.220972e-01
2.537345e-02
4.193420e-03
4.513725e+01
3.355126e+00
2.316713e-01
9.265209e+00
1.735419e+01
1.051444e-02
5.517547e+00
5.050673e+00
2.489968e-01
1.343516e+00
3.641308e-04
6.373515e-04
1.629486e-03
1.292950e-04
6.308967e-02
8.722025e-01
8.303622e-06
1.415581e-02
3.180188e+00
2.276107e+02
