8.899482e-02
7.942465e+02
3.857560e+01
7.755489e+01
3.119623e+01
1.359220e+02
1.228022e+00
2.511067e-04
4.603161e-03
8.142168e-04
3.833846e+00
2.015599e+04
2.682928e+00
6.115226e-04
5.215467e-03
3.574728e-02
3.100050e-01
9.392324e+05
1.931074e-03
5.466458e+02
4.883825e-01
2.677372e+04
2.429340e+01
2.534244e-01
7.229850e-03
7.046236e-02
8.955686e+01
3.580104e+02
1.502006e+00
7.249548e+00
2.522857e-01
1.076684e+04
3.122215e+01
5.002918e+00
7.842384e-01
1.105269e+02
1.131274e+00
3.582933e-03
7.192946e-04
5.190734e-05
3.581908e+00
7.773430e+03
3.518367e-04
5.069601e+02
1.268468e+00
7.343660e-02
2.359560e+00
1.680202e-01
2.037735e+00
1.142429e+03
3.173203e-01
5.572370e+02
5.534442e-02
1.842287e-01
2.879761e-03
4.815680e+01
5.671499e-01
3.409512e-01
9.688444e-01
4.351935e+01
1.876672e-02
2.516880e+00
9.540815e-01
2.088875e-01
1.309835e+00
2.883163e-04
9.108185e-04
2.109584e-03
2.365073e-05
4.975499e-03
3.583132e-01
3.463190e-05
2.508991e-02
2.472788e+00
4.123227e+02
