1.948785e-01
5.835283e+02
1.302308e+01
1.529466e+01
1.460451e+01
8.379080e+01
2.342215e+00
2.379979e-04
1.069500e-02
7.551606e-04
3.761131e+00
1.724363e+04
2.445458e+00
2.952994e-03
2.350965e-02
3.697584e-02
9.717990e-02
3.071561e+06
8.946029e-03
1.891505e+03
1.444955e-01
1.513998e+04
8.216779e+00
5.329660e-01
7.118462e-02
6.422580e-02
2.540603e+01
2.431532e+03
5.556533e+00
1.048318e+01
2.653229e+00
9.401884e+04
4.611288e+01
8.211750e+00
2.889136e+00
1.043859e+02
1.365817e+00
7.580291e-04
4.193792e-03
6.876108e-05
3.455746e+01
1.556415e+04
2.529830e-04
3.485476e+02
4.940997e+00
6.107856e-02
2.787551e-01
1.592641e-01
1.251089e+00
3.223095e+04
3.274591e-02
6.198468e+02
9.496204e-02
3.781999e-02
2.801744e-03
3.006504e+01
5.005695e+00
3.723978e-01
5.325048e+00
2.019427e+01
1.002281e-02
6.208205e+00
2.364056e+00
2.310276e-01
1.428155e+00
4.494036e-04
9.210703e-04
1.489564e-03
9.184540e-05
4.677370e-02
8.944834e-01
1.046946e-05
1.777156e-02
3.082384e+00
1.738795e+02
