2.838042e-01
4.972670e+02
1.808783e+01
2.909799e+01
1.527638e+01
1.293352e+02
1.825914e+00
1.088231e-04
6.976463e-03
1.544646e-03
1.603513e+00
2.366432e+04
1.339486e+00
4.259307e-04
2.746951e-02
2.284443e-02
2.252551e-01
8.363532e+05
4.919170e-03
8.504070e+02
1.714053e-01
4.237914e+04
6.760171e+00
1.104917e+00
1.940563e-02
8.349072e-02
1.683489e+01
1.318917e+02
2.646165e+00
1.616159e+01
2.923445e-01
2.265317e+04
1.274010e+01
3.615725e+00
5.464459e-01
9.758240e+01
1.592211e+00
1.677152e-03
1.228136e-03
7.153997e-05
7.977584e+00
1.337892e+04
9.037644e-04
1.858762e+02
1.816091e+00
1.350446e-01
6.834860e-01
6.178263e-02
7.649865e-01
1.560534e+03
7.593003e-02
3.888973e+02
3.559789e-02
2.245468e-02
3.248217e-03
8.769380e+00
6.258625e-01
1.217094e-01
1.373526e+00
3.198991e+01
1.088418e-02
5.112329e+00
1.206188e+00
5.353592e-01
2.075743e+00
2.464631e-04
3.098311e-03
1.063224e-03
6.166903e-05
4.404584e-03
3.251637e-01
1.607890e-05
1.347328e-02
1.485230e+00
1.634192e+02
