4.165833e-02
2.272765e+03
8.603600e+00
1.628090e+01
9.823594e+00
2.096082e+02
2.446755e+00
4.585921e-04
1.627680e-02
6.114444e-04
2.400457e+00
3.046028e+05
5.734930e+00
5.809178e-03
8.435749e-02
1.770239e-01
2.199537e-01
1.060042e+05
3.066930e-02
1.234009e+03
1.224528e-01
8.002572e+04
1.695650e+01
1.852805e+00
8.452068e-03
2.938736e-01
1.536358e+02
1.454025e+03
5.510752e+01
7.426350e+01
5.977908e-02
2.903328e+04
4.646465e+00
9.551399e+01
8.629346e-01
3.939666e+02
3.897726e+00
1.063674e-02
1.252634e-03
9.029247e-06
2.575078e+01
2.163787e+03
3.267017e-04
2.395381e+03
3.232237e+00
7.851065e-02
6.976581e-01
1.488060e-01
9.231220e-01
9.609229e+02
2.281260e-01
2.597575e+02
4.952962e-01
4.017751e-01
6.494661e-04
1.242764e+01
1.538464e+00
1.236390e-01
4.815068e-01
3.749679e+00
5.384600e-02
6.797088e+00
2.593286e+00
1.150196e-01
3.755725e+00
7.139211e-05
1.047356e-02
4.955990e-03
2.648504e-04
2.131757e-03
1.566893e-01
7.925698e-06
3.228809e-03
1.663384e+00
1.533932e+03
