1.397193e-01
1.005515e+02
7.417718e+01
6.035483e+01
2.117984e+01
7.759376e+01
1.364169e+00
1.150715e-04
8.915387e-03
1.245747e-02
5.636949e+01
3.363365e+04
1.541167e+01
1.360737e-03
1.433529e-02
7.046790e-01
1.696152e-01
5.356846e+05
2.756404e-03
1.098247e+02
5.503461e+00
1.588359e+04
1.009064e+02
9.139399e-02
1.521890e-02
1.498480e-01
1.337840e+01
3.451276e+03
5.095511e+00
1.320534e+01
1.051039e+00
7.354077e+04
6.474755e+00
3.209117e+01
4.762528e-01
1.859761e+03
1.000000e+00
1.907678e-03
2.312067e-03
1.275030e-04
1.651750e+00
4.171549e+03
3.105730e-04
1.586196e+02
1.065311e+00
7.037924e-03
2.168540e+00
9.081136e-01
2.582266e+00
6.661778e+03
1.312319e-01
1.492859e+03
6.632546e-01
3.337400e-01
5.113367e-04
3.608436e+00
2.729849e+00
5.384792e-01
2.335459e+01
1.745821e+01
1.036486e-01
4.704592e+00
1.553345e+00
1.573114e-01
1.295313e+00
2.704880e-03
9.380235e-04
2.290018e-03
5.456738e-05
1.989880e-01
1.293900e-01
1.019306e-04
1.753246e-02
2.931474e+00
3.157410e+02
