4.011362e-02
3.070415e+01
1.389913e+01
1.740562e+02
8.579150e+00
4.921013e+02
1.000000e+00
1.966103e-04
3.973037e-03
6.021031e-03
5.636949e+01
4.508012e+03
2.447386e+01
2.790694e-03
5.383205e-03
5.143966e-01
1.721233e-01
7.355987e+04
5.648117e-02
1.352572e+03
4.013055e-01
5.617558e+04
1.086768e+01
7.706875e+00
2.592507e-03
2.129451e-01
8.858349e+00
2.822491e+02
3.716127e+01
2.435115e+00
1.167171e+00
1.523072e+04
5.523582e+00
1.504397e+00
2.210968e-01
4.341428e+01
1.748865e+00
2.360092e-02
3.717411e-03
3.265544e-04
2.204111e+01
1.737321e+03
6.538387e-05
5.446225e+01
7.492549e+00
4.004811e-01
1.110903e+00
1.332498e+00
3.263171e+00
4.156819e+02
1.292505e-02
4.832033e+02
7.080966e-02
8.237409e-03
1.432646e-03
8.537201e+00
1.466699e+00
3.144705e+00
4.179089e+00
2.817131e+01
1.245785e-02
1.701050e+00
1.041861e+00
6.374901e+00
2.141810e+00
5.777901e-05
1.605709e-03
3.753386e-04
3.360576e-05
1.515852e-01
8.327931e-01
4.809541e-05
3.147308e-02
3.025723e+00
2.938045e+02
