4.238935e-01
1.101314e+03
5.375611e+01
8.264516e+01
9.163688e+00
2.404795e+01
1.996092e+00
1.401514e-04
1.640039e-03
4.673380e-03
5.636949e-01
3.418048e+03
5.106934e+00
7.149912e-04
9.263099e-02
7.722625e-02
2.653081e-02
7.524086e+05
1.469240e-03
5.519639e+01
5.503461e-02
3.123285e+04
4.929975e+00
9.139399e-02
2.713220e-02
1.529767e-01
1.892816e+01
6.060799e+01
6.560359e+00
3.025150e+01
1.540367e-01
8.037799e+04
2.893650e+00
3.880572e+00
2.556502e+00
1.859761e+01
1.170209e+00
3.524877e-03
8.554699e-04
3.898726e-04
1.573564e+01
1.711927e+04
3.595945e-03
3.752403e+03
2.028979e-01
1.447810e-01
2.215001e+00
9.485316e-01
2.934029e+00
2.153139e+04
5.107355e-02
2.568138e+03
5.330142e-02
2.140741e-01
1.087723e-03
4.742983e+01
5.893267e-01
3.144705e-02
1.219416e+00
4.399333e+01
3.010504e-03
6.758344e+00
1.205923e+00
1.712301e-01
1.475755e+00
3.555478e-04
6.024243e-04
2.189360e-03
1.225023e-04
4.543022e-03
1.634696e+00
1.143238e-04
4.250085e-03
3.641615e+00
1.572577e+02
