4.426686e-01
7.120457e+02
1.850217e+01
1.696426e+01
1.497385e+01
2.020205e+02
1.597040e+00
1.338591e-04
1.114581e-02
1.925632e-03
1.171596e+00
6.725985e+04
4.067352e+00
1.378283e-03
2.548948e-02
5.428839e-02
2.097855e-01
6.469216e+05
4.540897e-03
1.127448e+02
1.905123e-01
2.953923e+04
2.799129e+01
7.389613e-01
4.469612e-02
4.889009e-02
4.068088e+01
4.517310e+02
4.146419e+00
1.275278e+01
2.150224e-01
1.777228e+04
1.318258e+01
1.737728e+01
2.354214e-01
1.746213e+02
1.700327e+00
1.856144e-03
9.052195e-04
1.292184e-05
2.517343e+00
7.938392e+03
4.594582e-04
4.709168e+02
6.165447e-01
4.172509e-02
4.109970e-01
3.000714e-02
9.673292e-01
7.952153e+02
9.150038e-02
2.974442e+03
4.591693e-02
3.808545e-02
4.217296e-03
1.118334e+01
2.735300e-01
8.071584e-01
2.265619e+00
1.238591e+01
5.126813e-02
5.771407e+00
3.199548e+00
2.575183e-01
1.498822e+00
3.150498e-04
7.839409e-03
3.405931e-03
2.087499e-05
1.399673e-02
1.392512e-01
7.094561e-05
1.269246e-02
2.837926e+00
1.586963e+02
