4.182396e-01
1.161252e+03
1.904436e+01
2.133055e+01
1.368260e+01
1.724676e+02
1.917687e+00
1.261608e-04
7.168697e-03
2.473585e-03
1.488131e+00
4.876201e+04
4.911065e+00
9.159201e-04
2.264550e-02
5.163771e-02
1.472240e-01
7.298613e+05
4.132445e-03
7.746774e+01
2.065916e-01
1.906829e+04
3.410572e+01
4.473097e-01
3.947336e-02
4.666129e-02
2.990685e+01
5.059380e+02
2.648326e+00
1.482062e+01
1.459868e-01
2.241914e+04
1.059278e+01
1.356407e+01
3.415787e-01
1.346587e+02
1.579511e+00
2.290927e-03
8.687413e-04
2.268951e-05
2.889661e+00
1.043163e+04
5.161009e-04
5.734951e+02
7.512630e-01
4.658251e-02
3.245779e-01
3.286683e-02
6.758863e-01
1.234216e+03
8.964987e-02
2.270908e+03
3.493995e-02
3.391827e-02
2.603927e-03
1.158758e+01
2.965118e-01
5.725125e-01
1.680061e+00
1.237653e+01
2.870587e-02
4.117321e+00
1.508273e+00
3.028019e-01
1.418916e+00
2.662772e-04
1.210522e-02
1.474844e-03
1.453667e-05
1.601739e-02
1.464634e-01
6.348264e-05
1.484256e-02
2.535845e+00
1.794145e+02
