1.051176e-01
6.323137e+02
1.279710e+02
1.498428e+02
1.436716e+01
6.354797e+01
1.101700e+00
1.730485e-04
6.271366e-03
1.044980e-03
6.675838e+00
1.145807e+04
3.887010e-01
1.232472e-03
1.930211e-01
3.730182e-01
4.759332e-01
5.899764e+06
9.078626e-04
2.241692e+02
2.044736e-01
1.652659e+05
4.791531e+01
3.377881e-01
2.746199e-02
1.179984e+00
1.982919e+00
5.412607e+02
1.264006e+00
1.082418e+02
4.172721e+00
2.925566e+03
6.661859e+01
3.080758e+01
3.857555e-01
6.722967e+01
1.177434e+00
1.463042e-03
5.978419e-03
9.975858e-06
6.662689e+00
3.980066e+04
1.509163e-04
5.392927e+02
5.169994e+00
5.120511e-02
1.072847e+00
1.076962e-01
2.681068e-01
6.107922e+03
8.155101e-02
1.079573e+04
8.604431e-03
7.872940e-03
1.030404e-03
1.304449e+02
1.633596e+00
1.781052e+00
1.271741e+01
4.082997e+00
8.399088e-02
3.687778e+00
2.341490e+00
5.923464e-01
3.589483e+00
8.146208e-05
5.497228e-04
1.693120e-02
1.058426e-05
2.490149e-02
3.721245e-01
2.460764e-04
3.410250e-03
1.223270e+00
7.039385e+02
