1.328668e-01
1.702441e+02
3.296842e+01
1.870594e+01
1.823263e+01
3.635221e+01
1.385613e+00
2.340705e-04
3.509058e-03
3.264448e-04
3.979253e+00
8.513135e+03
6.088575e-01
8.994775e-04
1.042228e-02
3.156535e-02
4.857643e-02
2.594785e+05
1.652001e-03
1.722620e+02
1.207565e-01
1.738979e+04
4.229669e+00
5.379441e-01
1.252999e-02
4.962164e-02
6.749355e+00
2.123679e+02
2.589684e+00
1.238641e+01
1.438850e-01
1.011699e+04
1.478310e+01
8.678393e+00
2.884047e-01
4.449209e+01
1.575193e+00
2.520559e-03
7.267562e-04
1.425122e-05
1.939026e+00
7.116716e+03
8.223622e-04
1.444850e+02
4.335502e-01
1.855568e-02
8.165939e-02
6.991592e-02
2.108068e-01
1.897350e+03
3.373488e-02
4.248930e+02
6.619336e-02
2.732372e-02
4.055357e-04
8.047590e+00
1.896097e-01
6.946606e-02
7.724477e-01
9.393167e+00
5.037331e-03
1.646467e+00
2.060000e-01
1.716784e-01
1.216250e+00
2.858014e-04
2.746271e-03
1.307280e-03
1.732358e-05
5.696207e-03
3.712189e-01
6.659754e-06
1.645715e-02
1.577626e+00
2.225354e+02
