3.376704e-01
2.176764e+03
2.812318e+01
6.082858e+01
1.434140e+01
5.683199e+02
2.021852e+00
3.190727e-05
1.614261e-03
5.710251e-03
1.746491e+00
2.013815e+05
1.939840e+01
2.191158e-03
2.814076e-02
7.939717e-03
3.269757e-01
2.820845e+06
3.088432e-03
1.190482e+03
2.938439e+00
1.081708e+05
9.088054e+01
4.546596e+00
1.672182e-01
7.787298e-01
2.517433e+01
2.358594e+02
6.154608e+00
5.655777e+01
2.368558e-01
7.067112e+04
2.446265e+00
1.794567e+00
5.709367e-01
2.645369e+02
1.082794e+00
9.759132e-04
2.226972e-03
3.044400e-04
1.862137e+01
1.244832e+04
1.134226e-04
7.926195e+01
6.003295e+00
5.078876e-02
9.053338e-02
2.106507e-01
7.196989e-01
9.112990e+03
5.987492e-01
3.423629e+03
1.484972e-01
6.554856e-02
1.577573e-02
1.296200e+02
1.176074e-01
6.066760e-02
3.300010e+00
1.366689e+01
1.542933e-02
4.149623e+00
7.058627e-01
8.948072e-02
2.413176e+00
2.402990e-04
4.246036e-04
6.893010e-03
4.996537e-05
2.699010e-02
1.439211e+00
1.018318e-05
2.678499e-02
3.901568e+00
2.812471e+02
