1.143611e-01
3.637350e+02
3.113956e+01
5.999003e+01
2.675224e+01
2.937535e+02
1.606878e+00
2.294246e-04
1.488662e-03
8.310472e-04
2.089677e+00
3.168280e+04
1.976364e+00
6.727848e-04
7.869346e-02
4.203732e-02
9.332296e-02
2.928335e+06
5.373895e-03
1.577257e+02
3.237497e-01
1.507812e+04
3.795933e+01
3.790884e-01
3.643504e-02
1.018759e-01
4.048100e+01
3.003046e+02
2.854526e+00
1.672708e+01
2.804143e-01
4.405526e+04
1.794998e+01
1.730040e+01
1.044092e+00
1.961657e+02
1.663984e+00
2.627745e-03
7.842494e-04
9.139110e-05
7.737889e+00
2.912038e+04
2.367881e-04
1.757238e+03
1.048852e+00
1.142110e-01
2.491918e-01
7.202109e-02
9.360179e-01
1.704732e+03
9.741541e-02
3.824497e+02
5.567625e-02
8.974249e-02
6.996190e-04
2.614088e+01
4.843001e-01
2.362357e-01
1.643803e+00
1.766412e+01
1.505328e-02
1.424358e+01
2.653680e-01
7.484497e-01
2.189323e+00
1.973007e-04
8.125527e-04
1.829885e-03
1.676184e-05
1.523944e-02
1.439477e-01
1.878625e-05
5.490043e-03
2.191704e+00
3.099399e+02
