3.670853e-01
8.783906e+02
1.681761e+01
1.424678e+01
1.179669e+01
2.812003e+02
1.827817e+00
1.218931e-04
1.031962e-02
2.079643e-03
1.232430e+00
8.213984e+04
5.541749e+00
8.336394e-04
2.787588e-02
5.479305e-02
1.749756e-01
6.428138e+05
4.715020e-03
1.118301e+02
2.032421e-01
2.234540e+04
3.679359e+01
5.639851e-01
4.307406e-02
5.362813e-02
3.493160e+01
5.689985e+02
3.931603e+00
1.877794e+01
2.124946e-01
2.094939e+04
1.492721e+01
1.682921e+01
3.028111e-01
1.945698e+02
1.615588e+00
1.617629e-03
1.082124e-03
1.904262e-05
2.560439e+00
1.031820e+04
4.186733e-04
4.628128e+02
7.194440e-01
4.843614e-02
3.987726e-01
3.438703e-02
8.577319e-01
9.781608e+02
1.105484e-01
2.745012e+03
5.392317e-02
3.364909e-02
3.510444e-03
9.525929e+00
3.068193e-01
7.488968e-01
2.095066e+00
1.437722e+01
4.221269e-02
5.634664e+00
1.934820e+00
4.137484e-01
1.574738e+00
3.986003e-04
8.973306e-03
1.909566e-03
1.464862e-05
1.678082e-02
1.294510e-01
6.314234e-05
1.881801e-02
2.541709e+00
1.711415e+02
