4.235381e-01
7.467340e+02
1.853417e+01
1.646808e+01
1.212960e+01
1.854889e+02
1.670224e+00
1.255058e-04
1.202768e-02
2.040872e-03
1.197117e+00
6.894293e+04
4.411203e+00
8.804060e-04
3.005153e-02
6.524793e-02
2.053005e-01
7.040758e+05
3.705337e-03
1.091037e+02
1.665649e-01
1.988223e+04
3.016545e+01
6.302137e-01
4.074273e-02
4.637316e-02
3.454387e+01
4.079924e+02
3.767020e+00
1.505510e+01
2.022429e-01
1.938496e+04
1.378494e+01
1.315500e+01
2.836043e-01
1.358160e+02
1.688440e+00
1.750695e-03
9.101761e-04
1.477858e-05
2.383911e+00
7.711768e+03
4.249500e-04
4.098503e+02
6.207736e-01
3.404987e-02
3.630467e-01
2.624968e-02
8.527744e-01
9.341508e+02
1.063928e-01
2.886664e+03
4.581811e-02
3.582390e-02
3.159900e-03
9.728892e+00
2.806991e-01
8.309568e-01
2.077498e+00
1.157549e+01
3.531028e-02
5.144015e+00
2.884041e+00
3.504550e-01
1.503037e+00
3.086277e-04
7.418417e-03
2.381580e-03
1.638014e-05
1.463734e-02
1.391522e-01
6.347968e-05
1.472122e-02
2.747199e+00
1.534942e+02
