2.160080e-01
5.054368e+02
1.597013e+01
6.203416e+00
2.376953e+01
3.115119e+02
1.450802e+00
2.996893e-05
6.607065e-03
4.258176e-03
8.265766e+00
5.057655e+04
1.254511e+00
7.469176e-03
6.873395e-02
2.124983e-01
2.158263e-01
1.187606e+05
6.822657e-03
5.448817e+01
1.953860e-01
8.914149e+04
1.347125e+00
2.467610e-01
4.849452e-03
2.778278e-01
1.473773e+01
9.349504e+01
2.346474e+00
1.131895e+01
1.293214e+00
2.887987e+04
8.753362e+01
8.252373e+00
1.151101e+00
1.438815e+02
3.393908e+00
1.755352e-03
6.688691e-04
6.582981e-04
3.890307e+01
1.218167e+04
1.128363e-03
5.120556e+02
1.044168e+00
4.445626e-01
4.178093e+00
5.713030e-01
4.957223e+00
2.912979e+04
3.779093e-01
3.185870e+02
3.706815e-01
1.988865e-01
3.505362e-04
1.845222e+01
3.262670e+00
1.227943e+00
5.323858e-01
2.682162e+01
1.387082e-01
1.884777e+01
5.366848e+00
3.871061e-01
1.403092e+00
9.300622e-04
7.856414e-04
3.969249e-03
5.839823e-06
1.095504e-02
2.019782e-01
2.319975e-04
4.026822e-02
2.511767e+00
1.818712e+02
