2.114684e-01
2.274058e+02
2.143467e+01
6.957494e+00
3.728963e+01
9.009241e+01
2.347017e+00
2.430835e-04
1.829523e-03
1.245747e-04
1.490146e+01
3.200578e+05
4.548068e+00
3.402491e-03
2.426976e-03
1.404032e-01
3.480077e-01
6.320914e+05
1.442156e-03
4.218576e+02
5.503461e+00
1.809262e+05
1.009064e+02
9.139399e-02
1.130408e-01
7.960248e-01
5.416766e+00
4.415834e+01
1.239495e+00
1.164489e+01
1.195748e-01
8.850107e+03
1.379479e+00
1.504397e+00
6.552142e-02
3.716322e+01
3.275446e+00
6.860169e-03
1.849124e-03
5.161213e-05
8.285027e+01
8.479766e+03
6.191989e-04
4.066719e+02
2.091112e+00
1.791017e-01
4.467601e-01
2.375940e-02
3.895780e-01
2.648482e+04
3.115862e-01
2.284745e+02
3.799511e-02
1.060212e-02
8.160391e-04
5.543324e+01
2.583641e-01
2.850697e-01
8.656809e-01
1.113322e+01
3.959106e-03
3.853996e+01
1.026835e-01
5.064315e-01
1.622311e+00
5.480254e-04
2.829109e-04
3.858058e-04
2.220298e-05
2.620425e-02
4.495179e-02
1.800550e-05
5.723246e-03
2.417278e+00
1.229886e+02
