2.319755e-01
1.027518e+03
1.421294e+01
2.391696e+01
5.913852e+01
5.729998e+01
2.380312e+00
1.144036e-04
3.173043e-03
1.285195e-03
5.138098e+00
1.624319e+04
3.214385e+00
3.213223e-03
2.469744e-02
1.742646e-01
1.841411e-01
3.242968e+06
1.395378e-03
1.859939e+02
1.849404e-01
1.205272e+05
2.866345e+01
1.866825e+00
8.356747e-02
7.233676e-02
9.345945e+01
4.590208e+02
7.777828e+00
6.207333e+00
7.767977e-01
3.438619e+04
1.065676e+01
1.192537e+01
1.912723e-01
7.167396e+01
2.871908e+00
1.199014e-03
2.212827e-03
4.801719e-05
2.499502e+01
3.184557e+04
9.273672e-04
6.394854e+02
1.168190e+00
4.517598e-01
1.885853e-01
3.841121e-01
7.308178e-01
9.788632e+03
1.545453e-01
1.083059e+03
3.664756e-02
8.426588e-02
1.184784e-03
4.253062e+00
1.147001e+00
4.465970e-01
3.654665e+00
1.530060e+01
2.405285e-02
2.323979e+01
3.056146e-01
8.899335e-01
2.074687e+00
1.559738e-04
2.001696e-03
1.178259e-03
1.340256e-04
9.079092e-02
1.858841e+00
2.797382e-04
2.957020e-03
2.661267e+00
2.354692e+02
