2.932479e-01
7.888031e+02
1.810461e+01
3.095839e+01
3.982745e+01
3.154567e+01
2.156704e+00
1.008746e-04
2.141680e-03
2.065699e-03
8.911719e+00
1.633145e+04
1.778775e+00
2.462255e-03
1.485637e-02
1.685757e-01
1.440708e-01
2.282757e+06
1.678813e-03
6.679945e+01
1.321081e-01
3.925918e+04
3.244730e+01
1.001604e+00
3.302759e-02
5.831682e-02
5.590676e+01
5.886107e+02
8.288288e+00
6.197532e+00
4.320121e-01
2.320394e+04
5.131042e+00
1.190461e+01
1.997091e-01
5.038291e+01
2.496764e+00
1.180765e-03
1.568005e-03
3.636210e-05
1.024368e+01
2.015042e+04
8.286543e-04
4.284848e+02
1.680685e+00
2.144926e-01
1.516713e-01
4.672152e-01
6.792561e-01
8.239791e+03
6.927271e-02
1.430987e+03
2.896827e-02
4.754618e-02
8.220216e-04
4.115760e+00
8.626106e-01
2.967491e-01
3.440920e+00
8.546468e+00
1.098703e-02
9.795856e+00
2.537528e-01
8.339340e-01
1.637224e+00
1.394450e-04
1.691462e-03
5.180898e-04
1.223464e-04
5.296721e-02
1.446524e+00
1.563718e-04
3.802200e-03
2.449287e+00
1.390594e+02
