1.970297e-01
6.935963e+02
2.918084e+01
5.025626e+01
2.131253e+01
1.655861e+02
1.927141e+00
1.187045e-04
2.444805e-03
1.989480e-03
1.434745e+01
2.650959e+04
2.184143e+00
4.465969e-04
7.204693e-02
2.962279e-02
8.279214e-02
1.207723e+06
6.554734e-03
3.015016e+02
3.312090e-01
1.338973e+04
5.268226e+01
1.116230e+00
1.668735e-02
8.256167e-02
3.769717e+01
9.123399e+02
4.354091e+00
1.703697e+01
2.216423e-01
1.744537e+05
2.596232e+00
8.612700e+00
2.969260e-01
2.731867e+02
1.761730e+00
1.145365e-03
1.221888e-03
4.874957e-05
4.204959e+00
1.325561e+04
1.565528e-03
3.884917e+03
6.158947e-01
4.208855e-02
1.683239e-01
4.729911e-02
2.458628e-01
1.909521e+03
4.443075e-02
2.911498e+02
8.734325e-02
7.858908e-02
3.695003e-04
1.160121e+01
3.262899e-01
4.510827e-02
1.645882e+00
2.375789e+01
3.018545e-03
2.744360e+00
3.981049e-01
2.517827e-01
2.232812e+00
4.173166e-04
1.012962e-03
7.530262e-04
9.443519e-06
2.029112e-02
2.724996e-01
1.942435e-05
1.192287e-02
1.995041e+00
2.092160e+02
