9.170474e-02
9.211782e+02
1.889538e+01
2.942677e+01
2.628339e+02
7.519945e+01
1.361763e+00
6.499732e-05
7.205639e-03
6.228233e-04
1.045308e+00
1.470522e+04
2.408326e+00
1.105083e-02
9.625221e-02
3.358091e-01
7.897655e-02
4.106227e+06
4.633409e-03
2.384045e+03
2.203566e+00
4.531943e+04
6.546033e+01
7.398323e-01
9.199666e-03
9.155956e-02
1.855740e+02
2.450966e+03
2.356643e+00
2.734699e+01
2.123335e-01
2.891446e+03
9.210659e+01
4.656919e+01
2.070211e+00
4.316545e+01
1.075077e+00
1.499492e-02
4.993620e-04
1.785749e-04
1.045840e+01
7.286603e+04
2.035559e-04
2.460511e+03
1.137900e+01
4.629436e-02
1.629093e-01
1.589837e-01
4.793232e+00
5.041370e+03
1.772861e-02
4.227207e+02
1.050165e-01
9.062188e-03
9.071461e-04
8.378615e+00
5.221034e+00
2.732627e+00
7.796202e+00
9.311875e+00
1.732412e-02
1.145897e+01
1.778558e+00
5.577460e-01
1.780902e+00
1.052031e-04
1.084196e-02
1.116824e-02
1.265771e-04
2.652632e-02
1.200337e+00
6.844269e-05
1.871913e-02
1.403243e+00
2.602722e+02
