2.277328e-01
6.244219e+02
2.371169e+01
7.572607e+01
1.793174e+01
1.637787e+02
1.836812e+00
1.282800e-04
6.581009e-03
1.340421e-03
6.449159e-01
3.890102e+04
2.963227e+00
1.274919e-03
4.116210e-02
3.851640e-02
9.902382e-02
1.667629e+06
6.938796e-03
1.216654e+02
2.093876e-01
3.578671e+04
1.200110e+01
2.108829e+00
4.946280e-02
3.480197e-02
1.434777e+01
1.066524e+03
1.062863e+01
3.101728e+01
6.110230e-01
1.574609e+05
1.097047e+01
2.576887e+01
4.894598e-01
9.618095e+02
1.236705e+00
2.495775e-03
9.550204e-04
8.090187e-05
1.793789e+01
2.093235e+04
1.432402e-04
1.619612e+03
7.400396e-01
6.508424e-02
5.656478e-01
1.098139e-01
5.915371e-01
3.047029e+03
4.859820e-02
1.090640e+03
1.114515e-01
2.535965e-01
2.664147e-03
1.941512e+01
6.665007e-01
1.010530e+00
1.159473e+00
2.138314e+01
3.621813e-02
8.616912e+00
1.556844e+00
2.831121e-01
1.417222e+00
1.515178e-04
2.262937e-03
4.544380e-03
4.590641e-05
1.239931e-02
1.056067e+00
2.088801e-05
1.666510e-02
2.790794e+00
2.624501e+02
