1.371557e+00
3.070415e+03
7.945085e+00
1.948453e+02
8.370958e+00
6.314453e+02
2.432647e+00
3.587361e-04
1.174172e-03
6.743760e-04
5.857562e-01
1.045733e+04
1.203210e+01
3.121365e-03
2.426976e-01
2.954977e-02
9.144983e-02
6.947271e+05
6.515900e-04
4.448838e+02
5.503461e-02
1.393825e+05
9.350668e+00
7.871078e+00
2.592507e-01
9.930111e-01
3.325434e+01
1.965264e+02
7.343004e+00
6.720394e+00
1.273741e+00
8.731540e+04
1.084656e+02
7.318844e+01
2.452607e-01
3.742261e+02
1.928736e+00
3.284434e-02
4.966232e-04
2.194327e-04
4.726122e+00
4.519580e+03
4.397732e-03
2.131654e+02
1.838391e+00
3.022339e-02
2.875206e-01
5.236957e-02
4.083963e+00
1.529238e+03
6.838694e-01
3.130143e+02
6.145290e-01
1.801454e-01
1.798423e-03
2.834731e+01
3.300246e-01
4.248880e-02
1.128769e+00
6.186152e+01
1.193302e-02
2.475087e+01
1.945749e+00
6.374901e+00
1.258391e+00
3.072072e-05
8.878833e-03
8.860878e-03
3.500000e-06
4.056002e-02
1.619666e+00
2.803440e-05
1.280926e-02
1.022234e+00
7.919447e+01
