9.631029e-02
2.697409e+02
1.285682e+01
1.696835e+01
1.993707e+01
2.320137e+02
1.684134e+00
1.449851e-04
7.950517e-03
1.171435e-03
6.623914e+00
8.184849e+03
6.294413e+00
2.739065e-03
9.271615e-03
1.149300e-01
6.232163e-02
1.091439e+05
3.466623e-03
2.471557e+02
4.898684e-01
5.958165e+03
5.780889e+01
1.271388e+00
1.491196e-02
1.151463e-01
7.602702e+00
3.013620e+02
2.557501e+00
1.812104e+01
1.272400e-01
1.901647e+04
9.298546e+00
4.416818e+00
3.675566e-01
1.909366e+02
2.048041e+00
3.693080e-03
6.751255e-04
2.221227e-05
3.462628e+00
2.595194e+04
1.991054e-04
3.010492e+02
2.281054e-01
9.330839e-02
1.522725e-01
8.774588e-02
5.766797e-01
1.276385e+03
7.036586e-02
4.487899e+03
9.239227e-02
8.849981e-02
2.116085e-03
4.414527e+00
8.859017e-01
1.112922e-01
1.198919e+00
2.431148e+01
6.919829e-03
2.123799e+01
3.316721e-01
2.745701e-01
1.609352e+00
1.581030e-04
5.986222e-04
2.033704e-03
1.060628e-05
3.142285e-03
5.165273e-01
1.022852e-05
1.168111e-02
1.796290e+00
2.351780e+02
