1.670432e-01
2.545440e+02
2.404133e+01
2.094631e+01
1.159212e+02
6.911286e+01
1.666681e+00
2.004910e-04
2.675163e-02
2.831115e-04
2.064852e+00
2.113263e+04
4.502264e+00
2.560500e-03
5.448943e-02
2.592018e-02
3.356457e-01
3.514167e+05
2.047550e-02
3.499308e+02
8.793276e-01
3.201932e+04
2.432974e+01
3.415433e+00
3.151937e-02
2.309410e-01
8.159642e+00
6.626918e+02
3.670272e+00
5.563766e+00
5.178776e-01
2.229367e+04
1.376077e+01
2.970530e+01
4.094914e-01
3.057766e+02
1.762682e+00
2.129343e-03
9.052116e-04
4.173067e-05
7.609417e+00
1.466118e+04
4.444699e-04
5.079072e+02
9.471687e-01
7.553321e-02
5.443370e-01
4.441234e-02
2.370843e+00
4.354808e+03
1.261364e-01
2.541067e+03
6.880769e-02
2.586700e-01
5.764819e-04
8.347295e+01
4.951692e-01
2.510762e-01
1.013166e+00
7.946693e+00
2.592569e-02
4.768102e+00
9.766664e-01
3.003945e+00
1.858197e+00
8.531812e-04
1.850311e-03
2.957178e-03
1.459605e-04
8.390325e-03
8.230494e-01
2.503014e-05
4.922709e-03
1.520006e+00
1.650446e+02
