2.210425e-01
5.904735e+02
2.300765e+01
3.138464e+01
3.886678e+00
9.816722e+01
2.305206e+00
2.062165e-04
8.057496e-03
5.336946e-03
3.514283e+00
4.787219e+04
2.951082e+00
1.427414e-03
4.157202e-02
8.343586e-02
2.993067e-01
1.642458e+06
2.108111e-03
3.675623e+02
1.011790e+00
4.731454e+04
1.654266e+01
2.274446e+00
6.543360e-03
2.281785e-01
4.938049e+01
3.596713e+02
4.490660e+00
4.522119e+00
6.572593e-01
2.855635e+04
3.812666e+00
1.291308e+01
6.823577e-01
1.141416e+02
1.735321e+00
8.644668e-03
7.852037e-04
5.519453e-05
1.075779e+01
4.195454e+03
1.809422e-04
3.937884e+02
1.649819e+01
1.825800e-01
4.232250e-01
2.116435e-01
7.497417e-01
1.272228e+04
1.023626e-01
9.508642e+02
3.528455e-02
9.123024e-02
1.551099e-03
1.081509e+01
1.151687e+00
1.910745e-01
6.263731e-01
1.957686e+01
1.601345e-02
3.678997e+00
1.967796e+00
7.812927e-01
2.614018e+00
3.280610e-04
4.516400e-04
3.361302e-03
3.560954e-05
1.167738e-02
1.981262e-01
5.377799e-05
1.320914e-02
2.420542e+00
2.237417e+02
