2.578893e-01
9.317207e+02
1.491164e+01
2.279671e+01
9.250079e+00
1.143431e+02
2.270857e+00
1.446355e-04
4.049941e-03
2.751993e-03
2.832773e+00
5.017618e+04
2.184023e+00
1.493433e-03
9.407751e-02
6.410981e-02
1.248395e-01
1.432023e+06
3.528572e-03
3.672870e+02
2.096112e-01
4.441944e+04
9.621812e+00
2.754633e+00
1.652021e-02
8.058232e-02
1.625649e+01
2.253187e+02
4.523726e+00
1.026852e+01
2.025760e-01
1.439913e+04
9.569056e+00
7.696499e+00
6.136931e-01
5.497218e+02
1.388123e+00
3.151493e-03
5.521714e-04
4.762369e-05
2.668700e+01
1.022248e+04
2.843028e-04
1.199054e+03
3.782495e+00
1.271318e-01
1.571630e-01
4.972100e-01
8.566721e-01
5.254861e+03
5.341015e-02
7.958383e+02
3.114149e-02
7.713440e-02
7.426461e-04
8.953244e+00
2.062581e+00
2.077014e-01
2.877484e+00
4.288352e+01
9.951727e-03
8.275045e+00
1.898293e+00
6.433058e-01
1.877999e+00
1.084921e-04
1.622409e-03
3.005277e-03
1.943457e-05
5.970993e-02
2.266227e-01
8.855183e-05
1.219624e-02
1.937156e+00
2.009397e+02
