5.852874e-01
9.900942e+02
2.045286e+01
3.516831e+01
1.566300e+01
2.141947e+02
1.709587e+00
1.670360e-04
5.969964e-03
1.170544e-03
1.569868e+00
1.777316e+04
2.546097e+00
4.740481e-04
2.611557e-02
2.580978e-02
4.754838e-01
3.623139e+05
6.212786e-03
2.676476e+02
3.665393e-01
5.901235e+04
4.735519e+00
1.423975e-01
1.354178e-01
6.951182e-02
1.772764e+01
8.248801e+02
1.016089e+01
8.818301e+00
3.283665e-01
4.402201e+04
2.261403e+01
2.679302e+01
7.868475e-01
7.049558e+01
2.069949e+00
2.564242e-03
7.731521e-04
1.098829e-04
3.249709e+00
4.290647e+03
1.790759e-04
1.085282e+03
4.830811e-01
3.124419e-02
1.608285e-01
5.740538e-01
1.417012e+00
4.765798e+03
1.810963e-02
8.510715e+02
2.229111e-01
5.230521e-02
9.217035e-04
5.223156e+01
1.154523e-01
2.494345e-01
3.158408e+00
3.860197e+01
4.838815e-02
7.112165e+00
3.580691e-01
2.907766e-01
1.582327e+00
4.224931e-04
5.453357e-04
4.055842e-03
5.432510e-05
5.334062e-03
3.929516e-01
1.892484e-05
2.074740e-02
1.198336e+00
1.360440e+02
