1.698744e-01
5.906655e+02
2.738057e+01
5.021101e+01
4.925469e+00
7.784114e+01
2.156602e+00
1.810249e-04
6.946953e-03
2.997842e-03
3.589762e+00
4.582925e+04
3.382687e+00
9.460985e-04
5.505136e-02
7.841069e-02
3.458265e-01
1.310426e+06
2.471828e-03
2.506426e+02
8.969994e-01
6.765351e+04
9.488981e+00
2.429145e+00
1.140824e-02
1.819916e-01
2.070293e+01
4.360020e+02
4.301963e+00
1.101103e+01
4.001430e-01
2.449793e+04
8.820554e+00
1.550280e+01
2.914624e-01
1.373289e+02
1.714853e+00
5.401226e-03
7.839973e-04
4.500895e-05
1.917825e+01
4.930112e+03
1.764493e-04
6.307211e+02
4.596086e+00
1.135949e-01
3.752984e-01
2.514741e-01
1.127181e+00
1.402858e+04
5.613118e-02
9.043278e+02
4.866597e-02
1.133343e-01
1.040335e-03
7.257333e+00
2.607382e+00
2.219684e-01
7.489786e-01
1.365595e+01
2.010520e-02
4.222021e+00
1.875440e+00
8.897712e-01
1.929633e+00
4.596231e-04
4.493272e-04
2.707948e-03
9.097734e-05
1.494252e-02
3.880988e-01
4.091365e-05
6.707816e-03
2.326319e+00
2.683749e+02
