3.617591e-01
5.920184e+02
2.185744e+01
4.490510e+01
1.320538e+01
1.349616e+02
1.799970e+00
3.013967e-04
3.757233e-03
6.432406e-04
2.199868e+00
1.867442e+04
9.792323e-01
4.083952e-04
4.799517e-02
1.126780e-01
9.944885e-02
3.638870e+05
7.121397e-03
3.782278e+02
2.130477e-01
1.626493e+04
5.431030e+00
1.522343e+00
9.271864e-03
8.167053e-02
8.583086e+00
2.699120e+02
1.451024e+01
6.394889e+00
3.037698e-01
4.169516e+04
3.942309e+00
7.896711e+00
1.772151e-01
1.915626e+02
2.015053e+00
1.450221e-03
6.118131e-04
2.003748e-04
4.572781e+00
7.897910e+03
1.374815e-04
3.166265e+02
1.188941e+00
5.383830e-02
4.194053e-01
2.504084e-01
4.862614e-01
4.382570e+03
4.515112e-02
4.933706e+02
3.075377e-02
5.225471e-02
9.529275e-04
5.917780e+00
7.907830e-01
2.211399e-01
3.225756e+00
1.528258e+01
2.672713e-02
4.456215e+00
9.188456e-01
2.575941e-01
1.928586e+00
2.527234e-04
3.663982e-04
1.978158e-03
1.149157e-05
1.871264e-02
2.912119e-01
4.283996e-05
6.074300e-03
1.602021e+00
1.639666e+02
