1.447265e-01
2.584537e+02
4.049016e+01
9.119123e+01
5.493162e+01
1.333058e+02
1.883764e+00
9.722645e-05
5.182783e-03
1.190301e-03
4.065627e+00
2.005517e+04
2.235612e+00
4.707586e-04
5.808622e-02
4.134367e-02
5.679095e-02
2.780190e+05
3.700151e-03
2.242072e+02
5.071384e-01
4.022232e+04
7.491837e+00
1.260041e+00
1.229875e-02
1.440823e-01
2.094489e+01
3.545220e+02
4.529598e+00
1.881620e+01
4.493179e-01
3.338022e+04
1.109745e+01
8.245579e+00
6.943423e-01
3.156214e+02
1.861241e+00
1.511299e-03
9.687287e-04
2.163779e-05
4.000830e+00
3.934232e+03
1.978608e-04
1.818139e+02
1.968647e+00
1.609927e-01
7.084964e-01
2.449556e-01
5.850650e-01
1.264720e+04
1.820368e-01
5.423586e+03
1.363396e-01
6.854703e-02
9.791823e-04
6.977555e+00
1.734133e+00
3.212558e-01
1.792861e+00
5.513282e+00
1.236162e-02
7.759532e+00
1.319241e+00
2.874534e-01
1.624952e+00
1.478583e-04
2.535713e-04
1.726163e-03
2.059306e-05
2.618512e-02
1.579321e-01
2.531266e-05
3.599524e-02
1.718453e+00
2.382151e+02
