2.037487e-01
6.234798e+02
1.894753e+01
1.882311e+01
1.075667e+01
8.359520e+01
2.122324e+00
1.313724e-04
4.996950e-03
2.206564e-03
2.660160e+00
3.312371e+04
2.502202e+00
1.405962e-03
8.479841e-02
5.847208e-02
1.213392e-01
1.579644e+06
3.605915e-03
4.887063e+02
1.988531e-01
2.749540e+04
1.181251e+01
2.123870e+00
1.380370e-02
6.887151e-02
1.699259e+01
1.602183e+02
4.337104e+00
1.142779e+01
2.135114e-01
1.170434e+04
5.092223e+00
1.150739e+01
1.073400e+00
1.129003e+03
1.270564e+00
2.701330e-03
8.817313e-04
4.043442e-05
1.690842e+01
1.104291e+04
2.635451e-04
8.081598e+02
4.925488e+00
2.134474e-01
1.841286e-01
5.778649e-01
1.067306e+00
3.948578e+03
8.553358e-02
9.592577e+02
7.069991e-02
1.263615e-01
7.754318e-04
1.019188e+01
1.495306e+00
1.833758e-01
2.295384e+00
4.261989e+01
1.032480e-02
6.646299e+00
2.459167e+00
9.566383e-01
1.623251e+00
5.210911e-05
1.965527e-03
3.158772e-03
1.534944e-05
3.880317e-02
2.258418e-01
9.654074e-05
1.297504e-02
2.004829e+00
2.212650e+02
