2.758252e-01
5.393522e+02
2.359028e+01
5.143041e+01
1.804762e+01
1.546322e+02
1.404281e+00
2.268426e-04
6.870990e-03
9.802921e-04
4.426111e+00
7.034186e+04
2.628731e+00
9.962181e-04
2.244191e-02
2.719086e-02
6.972518e-02
3.907645e+05
2.800614e-03
2.813653e+02
2.596808e-01
3.374197e+04
6.975140e+00
1.933077e+00
1.702383e-02
6.123733e-02
1.278816e+01
4.081404e+02
6.569910e+00
1.450835e+01
4.753035e-01
2.965757e+04
1.093020e+01
9.820024e+00
4.949650e-01
1.123076e+02
1.720605e+00
4.436007e-03
7.799414e-04
7.657581e-05
1.048655e+01
5.829957e+03
2.761603e-04
5.263800e+02
2.517322e+00
2.933058e-02
2.628199e-01
7.971287e-02
7.286229e-01
6.142603e+03
5.766148e-02
1.576347e+03
5.085842e-02
2.736706e-02
6.838006e-04
6.060751e+00
5.648427e-01
1.043345e-01
1.643977e+00
1.650265e+01
1.153834e-02
6.877350e+00
3.034429e-01
2.428386e-01
1.521628e+00
2.855641e-04
1.226448e-03
5.853686e-03
1.106463e-05
1.748708e-02
3.521194e-01
1.927976e-05
1.923950e-02
1.653778e+00
1.637185e+02
