4.222024e-01
1.652948e+03
1.350418e+01
2.662042e+01
1.666401e+01
2.521889e+02
3.122321e+00
6.891744e-05
1.257019e-02
5.553680e-03
1.535734e+00
8.821331e+04
1.020878e+01
2.184603e-03
4.412642e-02
3.809147e-02
5.332905e-01
6.475294e+05
6.902792e-03
3.074130e+02
4.148557e-01
3.302501e+04
8.165688e+00
1.178340e+00
4.962409e-02
6.208732e-01
2.666088e+01
3.329488e+02
1.643721e+01
2.674375e+01
7.274561e-01
5.584521e+04
1.032482e+01
1.706894e+01
1.316224e+00
6.647415e+01
2.107975e+00
4.389161e-03
9.133609e-04
4.796996e-05
9.764378e+00
1.283332e+04
7.475341e-04
1.162048e+03
3.032425e+00
1.256379e-01
3.249106e-01
5.238732e-01
8.336725e-01
9.489976e+03
4.105123e-02
1.041201e+03
3.022781e-02
9.621911e-02
1.282755e-03
5.555259e+01
1.140540e+00
4.832482e-01
2.387256e+00
9.454560e+00
1.295160e-02
4.714769e+00
2.418312e+00
1.011025e+00
2.179965e+00
2.086056e-04
8.969132e-04
2.351979e-03
6.015397e-05
3.133387e-02
2.103858e-01
1.632572e-05
2.283805e-02
3.470258e+00
1.886039e+02
