1.741463e-01
2.341357e+02
3.599765e+01
8.731741e+01
4.046253e+01
1.120301e+02
1.780469e+00
1.249489e-04
3.955416e-03
1.683962e-03
5.991360e+00
1.551893e+04
1.828730e+00
3.855093e-04
4.189931e-02
4.247458e-02
4.178239e-02
1.889272e+05
2.902133e-03
2.226458e+02
4.049700e-01
3.593532e+04
7.288204e+00
1.378952e+00
9.395658e-03
1.373357e-01
1.800633e+01
3.156014e+02
2.874834e+00
1.957803e+01
4.462505e-01
2.633709e+04
1.030562e+01
6.929458e+00
7.417399e-01
3.074539e+02
2.013971e+00
1.746027e-03
8.487956e-04
2.161636e-05
2.781384e+00
4.395099e+03
2.258439e-04
1.713950e+02
1.861664e+00
1.527992e-01
7.436427e-01
1.751671e-01
4.668045e-01
1.240836e+04
1.521984e-01
3.414007e+03
9.638543e-02
6.286677e-02
7.310676e-04
8.249307e+00
1.062598e+00
3.073787e-01
1.722556e+00
5.861788e+00
1.147158e-02
1.115999e+01
1.160698e+00
1.965157e-01
1.527648e+00
2.295830e-04
2.697855e-04
1.812347e-03
2.421387e-05
1.734084e-02
1.095535e-01
1.613935e-05
2.769298e-02
1.795504e+00
2.069361e+02
