3.330298e-01
8.268847e+02
1.513871e+01
8.790933e+00
5.496212e+01
4.046894e+02
2.241222e+00
1.201503e-04
2.004924e-03
1.394441e-03
3.881428e+00
1.134282e+05
5.130461e-01
1.673982e-04
2.044484e-02
2.529324e-01
2.455912e-01
4.201948e+05
2.155391e-02
3.777008e+02
4.941382e-01
1.097083e+05
4.912350e+00
6.682886e-01
3.520214e-02
2.736679e-01
3.558461e+01
7.843259e+02
1.946461e+00
7.863808e+00
7.133320e-01
2.193136e+04
3.726975e+01
9.483500e+00
1.127860e-01
3.514556e+02
1.701733e+00
3.094775e-03
6.288837e-04
4.035925e-05
1.115462e+01
5.169170e+03
3.308007e-04
2.111425e+02
3.452439e-01
3.463365e-02
1.386280e-01
3.180330e-01
6.417250e-01
5.695599e+03
3.636689e-02
4.216830e+02
1.722950e-02
1.246032e-01
1.061332e-02
3.274764e+01
1.748220e-01
4.468198e-01
4.142315e+00
2.212107e+01
1.592996e-02
1.052721e+01
2.716894e+00
1.791603e-01
2.894672e+00
1.652502e-03
3.621032e-04
5.462224e-03
1.044062e-04
2.088571e-02
6.408030e-01
6.492135e-05
4.468596e-03
1.686346e+00
1.992180e+02
