1.044766e+00
1.183331e+03
1.841479e+01
1.530633e+02
2.959020e+00
8.005999e+02
3.760242e+00
9.484751e-05
1.695032e-03
8.943528e-03
4.016527e+00
5.849035e+04
7.963212e+00
4.730113e-03
9.237392e-02
3.566108e-01
1.101354e+00
9.540785e+05
1.248919e-03
1.436351e+03
7.550673e-01
2.243170e+05
4.258820e+00
1.208015e+00
5.464544e-03
4.323340e-01
1.291012e+02
6.775546e+02
1.132286e+01
4.156812e+00
6.448540e-01
1.276755e+04
2.296718e+01
1.923483e+00
1.816723e-01
4.459508e+01
2.178318e+00
5.596267e-03
7.582237e-04
4.461841e-05
2.831683e+01
1.146446e+03
8.093098e-05
3.386366e+03
3.596467e+00
2.470473e-01
6.553026e-01
1.100968e-01
3.734122e+00
1.319773e+04
8.923203e-03
1.780075e+03
2.404331e-01
3.193407e-02
2.149503e-03
6.820048e+01
1.892067e+00
1.472492e-01
7.731375e-01
1.214976e+01
2.318319e-02
1.273351e+00
1.438751e+00
3.231842e+00
3.188248e+00
1.594740e-03
2.877855e-04
2.333349e-03
4.141936e-05
1.989675e-02
1.849040e-01
3.147206e-04
1.627310e-02
1.214840e+00
8.542776e+01
