1.334036e+00
1.098358e+03
1.805373e+01
1.316457e+02
5.045281e+00
1.321127e+03
3.381942e+00
1.409970e-04
1.407329e-03
1.089128e-02
2.783655e+00
4.798116e+04
6.850552e+00
4.059847e-03
1.424285e-01
3.011675e-01
1.393150e+00
1.072382e+06
1.227008e-03
1.196894e+03
4.711038e-01
1.804237e+05
4.805692e+00
1.626227e+00
7.065813e-03
3.251008e-01
1.238137e+02
9.206561e+02
1.234537e+01
2.715503e+00
1.105025e+00
1.816862e+04
2.657974e+01
1.601151e+00
1.884931e-01
4.629825e+01
2.208058e+00
9.284149e-03
1.051355e-03
3.770231e-05
1.524773e+01
1.381937e+03
6.163628e-05
3.130982e+03
3.474242e+00
2.619475e-01
6.012827e-01
1.798054e-01
3.867696e+00
1.486867e+04
9.187668e-03
3.062279e+03
4.050012e-01
3.933346e-02
2.074222e-03
8.347422e+01
1.976870e+00
1.256982e-01
5.772084e-01
1.192088e+01
3.047153e-02
1.236049e+00
8.114906e-01
3.721444e+00
3.049176e+00
1.990955e-03
2.795822e-04
2.576945e-03
6.326516e-05
2.630577e-02
2.099506e-01
3.524252e-04
3.081048e-02
1.278563e+00
6.786778e+01
