6.932537e-01
1.272926e+02
6.858847e+00
6.032988e+00
5.661744e+01
8.944951e+02
3.611020e+00
1.213928e-04
1.137483e-03
1.245747e-02
2.136963e+01
3.418048e+05
2.025748e+00
4.103559e-03
8.261657e-03
5.533588e-01
1.608589e-01
3.064885e+06
1.429227e-02
4.613391e+01
1.609709e-01
1.077067e+05
9.779323e+00
6.165176e-01
7.647752e-02
6.842096e-02
6.479159e+00
1.013495e+03
3.111204e+00
1.499181e+00
1.764389e+00
1.855089e+04
2.863656e+01
8.323572e+00
1.302472e-01
1.229881e+02
1.000000e+00
1.139367e-02
1.400789e-03
2.098748e-05
8.907637e+01
2.701276e+04
2.710830e-04
2.003400e+03
1.745848e-01
1.904928e-01
3.386098e+00
1.332498e+00
2.203222e+00
1.824712e+04
7.049742e-02
1.157116e+02
9.200890e-02
8.216320e-03
1.453371e-03
1.075663e+02
2.240706e+00
2.440780e-01
7.165865e-01
2.659483e+02
1.010083e-02
1.696783e+01
1.050532e+00
8.839868e-01
2.886995e+00
1.491068e-03
5.933285e-03
4.895051e-04
2.668384e-04
1.064248e-02
2.726184e-01
4.721021e-05
3.297110e-03
3.265122e+00
6.194218e+01
