3.945413e-01
1.360775e+03
1.779465e+01
2.170978e+01
1.226918e+01
2.290692e+02
2.912055e+00
4.322809e-05
9.234846e-03
3.548094e-03
1.395828e+00
3.915463e+04
7.071899e+00
3.096648e-03
2.103107e-02
3.264608e-02
5.442686e-01
2.577794e+05
3.236049e-03
7.484030e+02
3.307871e-01
2.737436e+04
4.573190e+00
1.337658e+00
2.011121e-02
4.311621e-01
3.809295e+01
1.372574e+02
1.337419e+01
1.415168e+01
4.443331e-01
2.836847e+04
1.170058e+01
1.643759e+01
1.041707e+00
3.724415e+01
2.669789e+00
3.143487e-03
7.707707e-04
4.504729e-05
4.847193e+00
8.934336e+03
5.822221e-04
5.714865e+02
1.930973e+00
1.005700e-01
2.161571e-01
2.434508e-01
6.212549e-01
8.094997e+03
2.098570e-02
8.034201e+02
1.992290e-02
6.742389e-02
1.278003e-03
4.999752e+01
1.034248e+00
5.515425e-01
1.834193e+00
4.725348e+00
1.262878e-02
2.189434e+00
2.480233e+00
4.555930e-01
2.228126e+00
8.887221e-05
3.732196e-04
1.672320e-03
1.265944e-04
3.479222e-02
1.655026e-01
6.513853e-06
1.471734e-02
3.184146e+00
2.188028e+02
