6.521158e-01
1.080890e+03
2.088367e+01
2.828310e+02
6.621617e+00
6.692714e+02
1.334418e+00
1.670170e-04
3.474373e-03
8.402516e-04
5.636949e+01
3.463842e+04
2.992347e+01
6.518372e-03
1.271681e-01
8.913985e-03
1.500222e-01
4.248264e+06
2.163311e-03
1.224049e+03
9.557763e-02
9.179974e+04
1.198788e+01
1.583718e+00
3.564555e-03
5.983395e-01
1.051705e+01
1.570110e+02
1.062065e+01
2.228671e+01
2.853820e-01
2.308159e+04
2.611712e+01
1.504397e+00
1.373385e+00
3.537515e+02
2.185089e+00
7.295062e-03
1.091241e-03
8.619439e-06
1.429979e+01
3.916620e+03
6.539983e-05
7.535367e+02
9.752824e-01
4.421828e-01
2.425559e-01
1.948822e-02
5.704578e-01
1.351040e+04
3.133088e-01
1.653321e+03
1.857481e-02
3.070696e-02
1.824711e-04
2.131298e+00
1.173418e+00
2.992922e+00
2.335459e+01
4.604944e+00
1.125651e-02
2.634838e+00
3.602876e+00
8.358022e-01
3.127354e+00
6.802091e-05
1.300014e-03
1.154064e-03
4.010259e-06
5.504627e-03
1.449575e+00
4.130000e-06
1.421962e-03
2.256765e+00
1.296600e+02
