7.230179e-02
4.078196e+02
2.823635e+01
1.161261e+01
4.077713e+00
5.965510e+01
2.264798e+00
2.071177e-05
9.662588e-04
1.914220e-03
1.412998e+00
1.316148e+05
1.209020e+00
1.005245e-02
2.857734e-03
2.192694e-02
1.898382e-02
4.056456e+06
3.730290e-03
6.365504e+01
7.605517e-02
1.259988e+05
3.785261e+00
2.302772e-01
2.839452e-03
2.775391e-02
1.051538e+02
1.683438e+02
8.853618e+00
1.461074e+01
4.312366e+00
2.932165e+03
1.244504e+02
2.154702e+00
1.108074e-01
1.054764e+02
1.248494e+00
6.557470e-03
5.878951e-04
3.274644e-04
4.224332e+00
3.725982e+03
9.814075e-04
3.276418e+03
3.027265e-01
8.843816e-03
3.636258e-01
4.047219e-01
6.295306e+00
1.317717e+04
9.510997e-03
1.107335e+03
1.161983e-02
3.025951e-01
1.739165e-04
7.196252e+01
2.398568e+00
1.682975e+00
1.109596e+01
4.551891e+00
7.380411e-02
2.776814e+01
4.587226e-01
2.310243e+00
1.679134e+00
3.258961e-04
3.586790e-03
2.996687e-04
1.023248e-05
7.410426e-03
1.539722e+00
6.982031e-06
1.273818e-02
2.264607e+00
2.635222e+02
