3.468546e-02
2.715132e+02
1.657412e+01
8.511629e+00
4.521203e+00
2.483082e+01
3.257628e+00
6.547713e-04
3.069160e-03
1.374406e-03
5.998921e-01
9.312964e+03
3.215421e+00
5.660744e-03
1.066035e-01
1.137263e-01
4.417113e-02
2.142933e+05
1.758089e-02
1.391402e+02
7.556153e-02
7.088767e+03
5.979384e+00
6.504065e+00
1.424367e-02
2.031191e-01
4.164564e+00
3.225073e+02
8.802620e+00
4.062696e+01
1.585464e-01
1.820156e+05
3.482431e+00
7.108315e+01
4.491339e+00
8.883094e+02
1.715094e+00
3.232995e-03
6.877194e-04
3.119221e-05
2.847217e+01
3.818968e+04
1.595433e-04
1.635453e+02
3.242069e+00
7.032568e-02
1.441251e+00
2.056611e-01
1.527534e-01
3.077402e+04
2.203893e-02
2.457306e+02
3.619400e-02
8.728829e-02
9.749690e-04
5.992898e+01
6.762918e+00
1.417380e+00
9.836047e-01
7.965899e+01
1.236573e-02
1.341228e+01
1.615393e+00
1.189388e+00
2.676378e+00
5.489811e-05
1.918322e-03
1.296742e-03
7.518712e-06
1.078448e-02
8.236247e-01
1.151164e-04
1.249646e-01
3.021862e+00
7.995857e+02
