4.340842e-02
2.239842e+02
1.925606e+01
1.094336e+01
5.136431e+00
1.962500e+01
3.181060e+00
8.335533e-04
3.957604e-03
1.560807e-03
1.109589e+00
1.467625e+04
2.883100e+00
6.735423e-03
1.137268e-01
1.229017e-01
3.133360e-02
2.509712e+05
2.153840e-02
1.545355e+02
8.853268e-02
6.528725e+03
6.014057e+00
5.393431e+00
1.146628e-02
1.921533e-01
6.116640e+00
3.855963e+02
9.499260e+00
4.646309e+01
1.876958e-01
2.131269e+05
2.715948e+00
8.076968e+01
6.552142e+00
1.071396e+03
1.818047e+00
2.563779e-03
1.031152e-03
3.613809e-05
3.494351e+01
3.689092e+04
1.031162e-04
1.746102e+02
3.221637e+00
6.560300e-02
2.271611e+00
2.252653e-01
9.516578e-02
3.992061e+04
1.448517e-02
2.763807e+02
2.414486e-02
6.520192e-02
7.054713e-04
4.185835e+01
4.086662e+00
1.378799e+00
1.518248e+00
4.921112e+01
9.714927e-03
1.574825e+01
1.639859e+00
1.113035e+00
2.638643e+00
1.304907e-04
1.482052e-03
7.275430e-04
5.118835e-06
8.837217e-03
5.738225e-01
7.877350e-05
1.200647e-01
2.858485e+00
6.222453e+02
