3.594996e-01
5.120583e+02
2.719793e+01
3.833763e+01
9.110958e+00
3.707901e+01
2.416334e+00
8.134445e-05
3.015945e-03
2.014096e-03
5.351779e+00
1.517863e+04
8.272426e-01
1.388857e-03
2.946246e-02
1.124216e-02
6.949826e-02
7.369516e+05
5.468607e-03
1.245766e+02
3.448746e-01
3.980544e+04
7.967366e+00
1.524780e+00
1.075913e-02
2.358740e-02
1.426394e+01
4.942418e+02
9.276812e+00
1.919466e+01
1.811994e-01
7.203820e+04
4.381392e+00
1.282677e+01
6.858597e-01
8.610620e+01
1.537772e+00
1.257417e-03
1.734362e-03
2.254988e-05
4.193890e+00
3.273836e+03
2.165977e-04
4.803068e+02
1.316285e+00
1.354346e-01
1.851884e-01
2.009324e-02
3.366640e-01
7.084913e+03
1.102755e-01
1.620464e+03
3.344125e-02
5.128163e-02
1.628637e-03
1.011129e+01
5.721752e+00
6.299705e-01
4.033835e+00
1.336015e+01
1.308219e-02
1.167482e+01
5.808084e-01
1.315878e+00
1.653377e+00
1.108583e-04
1.299754e-03
1.242200e-03
2.279525e-05
2.561642e-02
1.642287e-01
5.306850e-05
1.386360e-02
1.849646e+00
1.416403e+02
