1.444247e-01
2.557330e+02
1.650519e+01
6.358318e+01
3.671574e+01
2.703970e+02
1.965035e+00
1.148063e-04
1.683919e-03
2.169131e-03
6.691345e+00
1.138974e+04
4.193577e+00
1.182092e-03
4.173003e-02
1.103243e-01
2.990899e-02
3.450846e+05
2.589527e-03
2.536313e+02
9.849696e-01
3.189260e+04
7.781974e+01
2.737517e+00
7.528656e-03
1.474648e-01
5.143552e+01
4.587896e+02
4.319007e+00
2.103764e+01
1.801860e-01
1.303390e+04
7.432550e+00
4.031088e+00
1.487716e-01
3.397435e+01
2.539481e+00
1.554059e-03
9.082253e-04
2.867658e-05
1.671725e+01
8.243170e+03
6.437847e-05
1.937870e+03
2.958470e+00
1.287227e-02
5.345378e-01
2.398033e-01
5.566106e-01
2.844085e+04
5.222146e-02
1.952791e+02
4.314590e-02
7.513069e-02
4.801705e-04
2.351012e+00
1.308329e+00
2.019646e+00
7.386683e-01
4.572359e+01
3.860786e-03
6.152026e+00
9.949564e-01
9.403644e-01
3.040524e+00
6.071436e-04
1.209043e-03
8.432811e-04
3.094235e-05
1.018185e-01
3.390045e+00
3.207472e-04
1.003133e-02
2.059591e+00
1.578535e+02
