6.438932e-02
5.182330e+01
9.438131e+00
1.359261e+02
1.369304e+02
4.850018e+02
2.268584e+00
1.188771e-04
1.115139e-02
9.834611e-04
2.206361e+01
7.118549e+03
1.242698e+01
2.795582e-04
1.871370e-01
4.683192e-01
2.406046e-01
2.640033e+05
5.700220e-03
2.951002e+02
1.811588e-01
1.675657e+05
1.032520e+01
1.056306e+00
2.259476e-01
8.650722e-01
2.279783e+01
1.804668e+03
1.626306e+01
3.167066e+00
2.488636e+00
1.126951e+05
2.859910e+01
2.400866e+01
7.468816e-02
1.958832e+01
3.922482e+00
2.011375e-02
2.399998e-04
2.384663e-04
7.804260e+00
1.079169e+04
8.556762e-05
1.868489e+03
8.980147e-01
1.406455e-02
3.919469e-01
7.219726e-01
6.914753e+00
2.102649e+03
8.960211e-03
1.246698e+03
3.325793e-01
9.646298e-03
5.770918e-04
9.683467e+01
5.440951e-01
3.506357e-01
4.463329e-01
2.093079e+01
1.785616e-02
7.600666e+00
2.076215e+00
2.258894e-01
1.176642e+00
4.092230e-04
2.211666e-04
1.185562e-02
1.665627e-04
5.260819e-02
8.919457e-02
5.720609e-05
1.200357e-02
1.778228e+00
2.579115e+02
