1.231053e-01
3.240921e+02
2.676248e+01
6.142459e+01
2.511037e+01
2.147724e+02
1.762350e+00
2.038588e-04
2.416799e-03
1.054975e-03
2.195816e+00
1.966656e+04
2.449234e+00
6.698297e-04
4.447598e-02
8.544066e-02
9.335662e-01
2.788265e+05
9.830651e-03
1.758874e+03
1.073225e-01
1.473595e+04
3.056241e+01
9.631485e-01
2.354994e-02
1.673664e-01
1.817583e+01
1.510610e+03
9.990481e+00
3.180638e+01
3.979267e-01
3.247227e+04
2.830563e+00
3.741083e+01
2.219051e+00
9.280152e+01
2.736727e+00
7.267112e-03
7.777256e-04
7.394911e-05
1.524093e+01
3.888276e+04
5.117656e-04
3.145244e+02
1.621613e+00
1.571801e-01
1.515332e+00
1.147853e-01
1.328490e+00
4.406940e+03
1.323137e-01
4.336218e+03
6.928988e-02
1.323497e-02
1.307041e-03
3.937304e+01
9.325586e-01
2.421423e-01
1.164977e+00
2.730111e+01
1.250956e-02
8.370950e+00
2.634562e+00
1.392297e+00
2.309371e+00
3.222700e-04
4.461535e-03
1.742836e-03
2.693380e-05
1.317039e-02
2.459389e-01
3.812823e-05
4.112092e-02
1.921498e+00
2.719574e+02
