1.090675e-01
5.069320e+02
3.961006e+01
4.493974e+01
2.523620e+01
7.047283e+01
1.981413e+00
1.472596e-04
3.179972e-03
1.845804e-03
2.517241e+01
4.812533e+04
2.963911e+00
2.240385e-03
1.550001e-02
3.523300e-02
4.767947e-02
4.873092e+05
6.545120e-03
8.217126e+01
2.144028e-01
3.279821e+04
8.352075e+00
1.175588e+00
1.732462e-02
3.245511e-02
4.776230e+01
8.817300e+02
1.616397e+01
4.104214e+01
4.024313e-01
1.663976e+04
6.509059e+01
3.482291e+01
3.983524e+00
1.216104e+02
1.701343e+00
1.489143e-03
1.276966e-03
1.211108e-04
3.863269e+00
1.950510e+03
3.321146e-04
1.172335e+03
1.115373e+01
7.905628e-02
3.573450e-01
1.949846e-01
2.338689e-01
2.773413e+03
5.241954e-02
7.241576e+02
8.311477e-02
1.870312e-01
2.417791e-03
2.249087e+01
1.577818e+00
2.840913e-01
5.253452e+00
2.587149e+01
3.239321e-03
1.745083e+00
4.593865e-01
2.163189e-01
1.978734e+00
3.709210e-04
7.392798e-04
2.021962e-03
1.569621e-05
6.152525e-02
6.010589e-01
1.982256e-05
2.277511e-03
1.451506e+00
3.032622e+02
