4.764947e-01
1.966409e+03
2.081745e+01
2.790903e+01
1.821085e+01
3.877766e+02
1.026499e+00
4.522350e-05
2.371286e-02
1.135088e-02
5.655352e-01
6.726651e+03
4.071170e+00
1.172165e-04
1.408020e-01
1.478682e-01
2.551295e-01
7.355987e+06
5.915416e-04
1.045139e+02
7.983675e-01
5.048644e+04
6.609766e+00
4.304067e-01
2.958649e-03
5.289482e-02
1.923118e+00
2.082757e+02
1.805724e+01
8.566167e+00
5.598727e-01
1.487525e+05
7.772790e+00
4.658856e+00
8.819682e-01
1.098042e+02
1.000000e+00
6.583997e-03
5.073258e-04
6.158459e-04
4.006139e+00
2.471913e+04
7.671478e-04
9.659549e+02
3.721848e+00
1.777182e-01
3.591249e+00
5.759277e-02
1.352852e+00
3.992061e+02
8.252089e-02
5.078348e+03
1.797624e-02
2.064225e-02
2.422867e-03
1.804184e+00
4.754934e-01
9.064483e-01
1.012500e+00
9.719429e+01
2.103546e-02
5.417736e+00
1.349717e-01
4.127528e-01
1.342905e+00
1.465042e-04
4.042852e-03
8.136052e-03
2.052732e-05
3.178463e-03
3.969506e-02
9.499445e-06
1.384439e-03
1.685260e+00
4.176174e+02
