2.826562e-01
1.320696e+03
3.982192e+01
3.849772e+01
1.246557e+02
3.545737e+01
2.479671e+00
1.472536e-04
1.819371e-03
8.108456e-04
4.584785e+01
5.854120e+04
3.120992e-01
1.316911e-03
4.602564e-02
3.607828e-01
5.170778e-01
2.558321e+05
2.141753e-02
5.094777e+02
1.259447e-01
4.563543e+04
1.514892e+00
1.997219e-01
6.110523e-02
2.560829e-02
9.830887e+01
7.920668e+02
5.645872e+01
8.455194e+01
3.713621e-01
3.189003e+04
4.980667e+00
6.404637e+01
4.035148e+00
8.814706e+01
1.266610e+00
1.556412e-02
1.748475e-03
2.414733e-05
1.402913e+00
1.864244e+04
2.524559e-04
4.802389e+03
1.083216e+00
6.506454e-01
2.305218e-01
5.097960e-01
4.836178e-01
3.193481e+03
5.680865e-01
2.916734e+02
1.762513e-01
5.785217e-02
7.848440e-04
5.397960e+00
5.852956e-01
8.253536e-02
5.776384e+00
8.607966e+00
1.535200e-02
2.919715e+01
4.755370e-01
7.093846e-01
1.551981e+00
2.757794e-05
6.525564e-04
5.954611e-03
8.672153e-06
6.370404e-03
1.207303e-01
1.196437e-05
2.627229e-03
2.185709e+00
2.610384e+02
