3.426280e-01
4.577344e+02
2.448722e+01
6.735281e+01
4.178971e+01
5.301009e+01
1.439155e+00
9.394765e-05
1.401063e-02
2.878629e-03
4.621377e+00
2.501677e+04
1.182188e+01
1.982171e-04
3.107390e-02
2.469833e-02
6.942006e-02
1.327101e+06
6.278516e-04
1.222412e+02
1.928672e-01
2.113549e+05
8.157512e+00
6.196061e-01
2.481076e-02
4.851478e-02
2.039927e+01
5.867138e+01
2.129378e+00
5.322066e+01
2.529388e-01
2.402052e+04
3.218114e+01
6.282524e+00
2.271596e+00
1.925771e+01
3.166296e+00
1.264072e-03
8.531223e-04
1.834298e-05
1.237552e+01
3.741330e+03
2.262512e-04
1.105103e+02
3.390290e-01
6.574867e-02
1.453218e+00
2.287642e-02
3.016321e-01
1.324139e+04
1.494870e-02
6.202937e+02
1.126175e-02
3.143741e-01
7.463871e-04
6.841968e+00
4.148755e+00
1.291613e-01
5.069788e+00
1.096165e+01
4.453628e-03
3.528947e+00
3.933077e+00
1.955783e-01
1.962936e+00
1.117388e-03
4.530254e-03
7.451229e-04
9.031081e-06
4.278320e-02
4.030824e-02
5.760281e-05
2.828409e-02
1.802161e+00
1.288418e+02
