2.048800e-01
5.196908e+02
2.172554e+01
5.426888e+01
3.073002e+01
1.198376e+02
2.079981e+00
1.386595e-04
1.650583e-02
2.605846e-03
8.416819e+00
4.450995e+04
2.896884e+00
2.195527e-03
2.346103e-02
2.555501e-01
1.503096e-01
2.134152e+06
4.141892e-03
3.297738e+02
1.182821e+00
8.770984e+04
1.436037e+01
8.293815e-01
3.695414e-02
7.920311e-02
1.790319e+01
5.345287e+02
5.435505e+00
2.412582e+01
7.205555e-01
6.707812e+04
6.051171e+01
5.411981e+01
1.151595e+00
1.876686e+02
2.415635e+00
2.760701e-03
7.333615e-04
9.562597e-05
9.764868e+00
5.724345e+03
4.498689e-04
1.238372e+03
2.481068e+00
1.092314e-01
6.938015e-01
1.620667e-01
1.465213e+00
8.750878e+03
5.687206e-02
1.591789e+03
6.884198e-02
1.203351e-01
1.238373e-03
8.470326e+00
1.040321e+00
1.726703e-01
7.565829e+00
5.043126e+01
2.516361e-02
4.563811e+00
1.934105e+00
1.047336e+00
1.502059e+00
3.316699e-04
1.706471e-03
1.251203e-03
2.972945e-05
1.113186e-02
2.780023e-01
5.033748e-05
3.488062e-02
2.978719e+00
2.039188e+02
