2.297087e-01
5.197655e+02
2.094601e+01
4.677327e+01
3.853881e+01
1.156309e+02
2.102155e+00
1.292244e-04
1.501114e-02
2.373668e-03
7.986144e+00
4.797447e+04
2.564022e+00
1.672553e-03
2.645451e-02
2.407726e-01
1.425896e-01
1.982894e+06
3.319260e-03
3.671325e+02
1.056399e+00
6.049591e+04
1.570518e+01
8.236654e-01
4.043414e-02
9.604877e-02
1.650749e+01
5.507627e+02
6.486368e+00
2.332939e+01
6.446754e-01
6.020022e+04
5.129334e+01
4.808932e+01
9.735458e-01
1.193150e+02
2.347686e+00
3.378517e-03
6.604049e-04
9.231260e-05
8.366217e+00
5.578074e+03
3.703937e-04
1.169155e+03
2.216609e+00
9.627116e-02
5.902080e-01
1.719614e-01
1.883394e+00
7.763195e+03
5.452136e-02
1.323471e+03
7.544805e-02
1.365550e-01
1.276994e-03
9.400220e+00
1.129497e+00
2.048218e-01
5.996549e+00
4.450341e+01
2.788208e-02
5.244805e+00
1.517402e+00
1.005266e+00
1.578292e+00
2.748321e-04
1.224082e-03
1.358738e-03
2.792284e-05
1.070660e-02
3.008350e-01
4.823326e-05
2.776832e-02
3.013547e+00
2.148113e+02
