2.689923e-01
7.239258e+02
3.146362e+01
3.825929e+01
1.118384e+02
4.624502e+01
2.173707e+00
1.529635e-04
2.319726e-03
7.573600e-04
4.429948e+01
5.166636e+04
3.228796e-01
1.036827e-03
4.729292e-02
2.639654e-01
5.593973e-01
1.826997e+05
1.206688e-02
4.548542e+02
1.229948e-01
4.763735e+04
1.209880e+00
2.162201e-01
4.199992e-02
3.071537e-02
1.135080e+02
6.650901e+02
6.127846e+01
7.401342e+01
2.078641e-01
4.727482e+04
3.778293e+00
4.676345e+01
3.227609e+00
8.149685e+01
1.398395e+00
1.066955e-02
1.288344e-03
1.932845e-05
1.706218e+00
1.881590e+04
1.159577e-04
3.991038e+03
1.052608e+00
5.151811e-01
1.770131e-01
4.685577e-01
4.929228e-01
2.654227e+03
3.727133e-01
2.755436e+02
1.629806e-01
6.596332e-02
5.058333e-04
4.189309e+00
5.017869e-01
1.145607e-01
4.294289e+00
9.363715e+00
1.069989e-02
3.626951e+01
4.574603e-01
5.292205e-01
1.654025e+00
3.433642e-05
5.270736e-04
5.259800e-03
6.132250e-06
7.037013e-03
1.045665e-01
1.115349e-05
1.831892e-03
2.211950e+00
2.420013e+02
