1.918496e-01
1.694996e+03
1.502819e+02
1.642167e+01
4.211825e+01
4.070578e+01
1.000000e+00
4.536042e-04
7.875765e-04
3.698626e-03
2.685250e+01
8.206978e+04
8.860437e-01
7.251791e-03
2.293163e-02
7.046790e-01
1.466689e+00
7.355987e+06
5.648117e-02
1.186993e+03
1.099447e-01
3.276330e+04
1.009064e+02
9.703795e-02
2.745033e-03
2.956393e-02
4.143069e+01
3.254433e+02
1.634140e+00
2.953222e+01
2.420085e+00
5.646088e+03
4.622934e+01
1.504397e+00
4.008202e+00
5.117916e+01
2.650232e+00
1.649181e-02
3.019909e-03
7.650000e-06
1.715702e+00
7.291159e+03
2.608281e-04
7.817095e+01
4.867744e+00
9.640008e-02
3.653204e+00
3.493238e-01
1.737727e+00
1.072395e+04
3.277779e-01
5.576026e+03
2.275629e-02
1.219725e-02
2.057816e-03
3.937632e+01
3.358208e-01
8.823246e-02
1.471363e+01
3.362789e+01
1.153931e-02
5.934057e+00
7.315314e-01
7.149275e-01
1.042382e+00
1.402729e-04
2.276006e-04
2.683747e-04
5.576185e-05
2.117049e-02
1.486489e+00
2.111874e-04
1.019033e-02
1.835605e+00
2.822895e+02
