1.580198e-01
5.226483e+02
2.986445e+01
9.066265e+01
3.373380e+01
1.219362e+02
2.732630e+00
1.193709e-04
6.798012e-03
8.446396e-03
1.513213e+01
4.917335e+04
4.854284e+00
1.272971e-03
1.393008e-02
2.531360e-01
2.041393e-01
4.504828e+05
8.549860e-03
2.252149e+02
1.191611e+00
1.151306e+05
1.499846e+01
1.158072e+00
2.669055e-02
6.293597e-02
3.277163e+01
4.429140e+02
1.083994e+01
1.384064e+01
5.406681e-01
1.862839e+04
2.960703e+01
1.208680e+01
2.695579e+00
2.970225e+01
2.033798e+00
1.540957e-03
1.153315e-03
2.142186e-05
1.391244e+00
6.117363e+03
4.784914e-04
3.591211e+03
3.039267e+00
2.999804e-01
6.587452e-01
1.104584e-01
5.557116e-01
9.628859e+02
7.966531e-03
2.842757e+03
3.424834e-02
2.260757e-02
2.269138e-03
4.149298e+01
8.849489e-01
1.969462e-01
2.028215e+01
3.435008e+01
1.812605e-03
1.143393e+00
3.394329e-01
3.313571e-01
1.308408e+00
1.764038e-04
4.730599e-03
1.437680e-03
1.739545e-04
8.881787e-03
6.486449e-02
6.560618e-06
2.598560e-03
1.750236e+00
2.312905e+02
