1.566522e-01
8.213829e+02
1.740741e+01
4.258851e+01
8.483661e+01
2.366557e+02
1.726803e+00
4.495794e-04
1.013867e-02
1.245747e-04
2.073132e+01
8.319500e+04
8.596454e+00
1.300279e-03
7.088849e-03
4.729632e-02
7.433005e-01
1.950865e+06
7.168461e-04
1.111636e+03
2.904129e-01
1.021959e+05
5.953481e+00
2.004820e-01
1.762425e-01
5.505261e-02
2.953806e+00
3.029938e+03
1.880459e+01
3.718724e+00
2.612629e+00
1.891353e+04
1.708650e+01
1.016973e+01
1.109875e+00
9.173350e+01
2.307428e+00
9.887755e-03
9.263675e-04
2.528450e-05
9.579067e+00
2.615617e+04
7.526647e-05
3.670881e+03
2.210276e+00
1.259090e-01
4.060959e-01
3.051752e-01
6.835224e-01
2.619871e+04
1.416315e-02
2.006971e+02
4.772027e-01
1.608787e-01
2.409446e-03
3.587366e+00
1.984332e+00
8.916110e-01
5.265476e+00
5.892508e+01
1.646825e-01
1.509445e+00
3.039746e-01
2.534633e-01
1.066643e+00
1.673744e-03
1.443889e-04
1.812838e-03
6.210791e-06
3.939262e-03
2.384263e+00
1.299525e-04
3.105918e-02
1.016652e+00
5.093945e+02
