1.649702e+00
2.890299e+03
6.538683e+00
7.529956e+00
2.621658e+01
1.314383e+03
2.880528e+00
7.027255e-05
7.693197e-02
5.868139e-03
4.853953e+00
9.816829e+04
4.246809e+00
8.730838e-04
3.431315e-02
2.467531e-02
2.683128e-02
1.012059e+06
2.766258e-02
1.249669e+02
4.741624e+00
1.816269e+05
2.175521e+01
3.188433e+00
1.400047e-02
3.670445e-02
2.871432e+01
3.095850e+03
3.320249e+01
7.340350e+01
3.635077e+00
1.246001e+05
6.407709e+01
1.199519e+02
2.486084e+00
9.613147e+02
1.349720e+00
8.051754e-04
4.077650e-03
3.070879e-05
1.338313e+01
2.246238e+04
2.769390e-04
1.710991e+03
2.026523e+00
8.008196e-03
5.187374e-01
3.726803e-01
4.122164e+00
9.035621e+02
1.048467e-02
5.438581e+03
3.167274e-01
1.205729e-01
1.287005e-02
2.504948e+01
2.853193e+00
1.403281e+00
7.985834e+00
2.272606e+01
4.222052e-02
3.450275e+00
5.902509e+00
9.927238e-01
3.973001e+00
7.821783e-04
3.257875e-04
2.089267e-02
2.058728e-05
3.872532e-03
3.555550e-01
1.473202e-05
9.862260e-02
2.220769e+00
7.994564e+01
