3.428484e-02
1.419180e+03
1.407430e+01
4.684884e+01
9.106588e+01
2.839309e+02
3.308399e+00
1.261290e-05
2.587067e-03
1.245747e-02
1.952952e+00
3.051522e+04
9.924741e+00
4.825541e-03
4.572307e-02
3.459036e-01
2.391974e-01
7.355987e+04
1.758800e-02
4.017028e+02
5.503461e-02
3.065972e+03
6.910271e+01
3.663646e+00
3.899260e-03
3.629856e-01
5.701450e+01
3.441331e+02
3.731912e+01
5.573406e+00
3.090891e-01
1.395359e+05
1.379479e+02
4.197485e+01
2.442481e-01
6.067964e+01
3.683405e+00
5.197736e-03
5.703506e-04
3.613863e-05
1.955693e+01
3.586408e+03
2.585800e-03
3.539539e+03
4.494999e+00
1.615798e-02
1.649798e-01
1.158991e-01
9.726185e-01
3.992061e+04
1.392781e-01
1.108983e+04
5.036549e-01
5.116820e-01
3.002132e-04
3.642514e+01
3.329240e+00
3.084107e-01
2.328836e+00
7.804512e+01
2.572337e-02
6.758724e+01
1.444821e+00
2.231340e+00
1.427886e+00
6.485102e-05
5.812026e-03
1.666526e-03
1.191643e-05
4.541656e-03
2.239308e+00
9.759002e-05
1.217483e-01
3.799353e+00
9.598227e+02
