2.603698e-01
4.876098e+02
1.342413e+01
1.170508e+01
1.906940e+01
2.711695e+02
2.173777e+00
2.115495e-04
4.177087e-03
9.033671e-04
2.618497e+00
1.636322e+05
4.928630e+00
1.041216e-03
5.504187e-02
2.544078e-01
5.045813e-02
1.425754e+06
1.231032e-02
6.479558e+02
6.944738e-02
1.661426e+04
2.762178e+00
9.150010e-01
9.019489e-02
7.643066e-02
3.774419e+00
3.966662e+02
6.268890e+00
7.947597e+00
1.816732e+00
3.658171e+03
5.759026e+01
1.474238e+01
1.493811e-01
3.959719e+02
1.160925e+00
4.772907e-03
9.291857e-04
4.441789e-05
7.351755e+00
9.246473e+03
2.205800e-03
2.183418e+03
1.924372e+00
5.356079e-02
3.060658e-01
5.118202e-02
1.288656e-01
4.576463e+02
1.669180e-02
5.490641e+02
4.351457e-02
2.078530e-02
1.008223e-02
8.090089e+01
9.355712e-01
3.179873e-01
1.009759e+00
2.480030e+01
8.474258e-03
3.757491e+00
8.266219e-01
5.780238e-01
1.681411e+00
1.494160e-04
2.918155e-03
8.873184e-03
2.572830e-05
7.545408e-03
2.008260e-01
3.192785e-05
8.326666e-03
1.931016e+00
1.912739e+02
