3.917158e-01
1.231679e+03
3.239422e+01
3.468728e+01
7.313308e+01
5.587300e+01
2.095376e+00
1.462347e-04
2.764640e-03
9.131942e-04
3.440349e+01
8.154538e+04
4.431591e-01
9.867828e-04
3.948529e-02
1.029916e-01
6.665561e-01
2.045990e+05
1.038939e-02
4.697124e+02
1.625907e-01
5.397258e+04
1.782246e+00
1.526551e-01
4.792103e-02
2.299814e-02
1.117480e+02
5.981658e+02
3.425167e+01
6.444600e+01
2.193711e-01
7.253206e+04
3.522263e+00
4.216554e+01
2.300444e+00
7.883926e+01
1.241209e+00
9.113065e-03
1.133132e-03
1.666978e-05
1.909628e+00
1.570438e+04
1.470439e-04
4.685850e+03
1.150264e+00
2.981526e-01
1.197501e-01
2.837546e-01
5.503610e-01
1.601732e+03
3.832979e-01
3.797994e+02
1.083511e-01
7.363933e-02
4.613566e-04
3.928958e+00
5.027899e-01
1.159047e-01
4.332714e+00
5.218897e+00
9.515679e-03
2.131010e+01
4.803224e-01
7.057555e-01
1.819171e+00
4.358734e-05
5.439326e-04
5.342400e-03
6.264480e-06
1.125571e-02
1.008208e-01
7.587679e-06
1.979603e-03
2.311297e+00
2.260706e+02
