1.368580e+00
1.758141e+03
1.286447e+01
2.994074e+00
1.530275e+01
2.662512e+02
2.353131e+00
3.195810e-04
2.831302e-02
1.302880e-03
2.291816e+01
3.377994e+04
6.248789e-01
3.162099e-03
1.276324e-01
1.464396e-01
2.149316e-02
1.025787e+06
1.156270e-03
2.050046e+02
1.294452e-01
9.365478e+04
2.121306e+00
2.165726e+00
2.273254e-02
1.959297e-02
7.261280e+00
3.145229e+02
5.278041e+01
1.499181e+00
3.325561e+00
7.552915e+04
1.123162e+02
3.758118e+01
3.346975e+00
1.408691e+02
2.135195e+00
1.764088e-02
5.482228e-04
4.128063e-04
1.185296e+00
1.835499e+03
1.045040e-04
6.471148e+02
2.311704e+00
7.037924e-03
4.586706e-01
2.162413e-02
2.118234e-01
6.274893e+02
1.342592e-01
4.093468e+03
7.834431e-03
2.429686e-02
1.111129e-03
1.397330e+01
8.287777e-01
1.195367e-01
1.531959e+01
1.257168e+01
7.898900e-02
2.627901e+00
2.097193e+00
4.340596e-01
1.138168e+00
2.588205e-04
3.805472e-03
6.967539e-03
1.196288e-05
1.480945e-02
1.881705e-01
2.448998e-04
1.924959e-02
1.807656e+00
8.619392e+01
