4.211320e-01
2.331881e+03
1.783711e+01
3.609222e+01
1.247981e+01
4.413865e+02
1.000000e+00
6.982789e-05
2.813267e-02
1.187634e-02
5.636949e-01
1.084923e+04
7.050720e+00
2.026768e-04
1.164221e-01
9.947745e-02
2.281519e-01
7.355987e+06
6.341372e-04
1.456305e+02
1.002526e+00
6.951161e+04
6.649544e+00
3.900565e-01
5.390481e-03
5.982315e-02
2.161621e+00
2.006238e+02
2.234899e+01
1.130784e+01
4.784479e-01
2.131269e+05
1.581673e+01
4.285565e+00
7.269566e-01
1.525070e+02
1.052179e+00
9.051633e-03
5.156152e-04
7.440622e-04
4.685289e+00
4.209512e+04
9.231206e-04
9.598089e+02
3.386631e+00
1.818487e-01
2.825726e+00
3.974059e-02
1.485116e+00
4.186506e+02
1.196019e-01
6.769390e+03
1.109219e-02
3.847062e-02
6.168862e-03
2.020501e+00
7.170573e-01
8.693022e-01
8.734288e-01
1.219206e+02
2.456791e-02
4.964694e+00
2.374028e-01
5.480471e-01
1.461795e+00
2.489503e-04
6.027858e-03
1.666733e-02
2.080588e-05
5.292162e-03
3.969506e-02
1.333051e-05
3.408314e-03
1.651360e+00
3.020006e+02
