3.656507e-01
1.224781e+03
3.259119e+01
3.836071e+01
1.009265e+02
5.970078e+01
2.006892e+00
1.448182e-04
2.081258e-03
6.873643e-04
3.514357e+01
6.801787e+04
3.789576e-01
9.840043e-04
3.872745e-02
1.609252e-01
5.295105e-01
1.974114e+05
9.481815e-03
5.785615e+02
1.098399e-01
5.313983e+04
1.263498e+00
1.655172e-01
4.460367e-02
2.395496e-02
9.062900e+01
6.158307e+02
4.288284e+01
9.982417e+01
2.285357e-01
5.393053e+04
3.306319e+00
3.617816e+01
2.402086e+00
8.052418e+01
1.195418e+00
1.288068e-02
9.147842e-04
2.243918e-05
1.399438e+00
2.074451e+04
1.368334e-04
4.074311e+03
8.048923e-01
2.714249e-01
1.286116e-01
3.678247e-01
4.753115e-01
1.398591e+03
3.538425e-01
2.773602e+02
1.043619e-01
6.576443e-02
4.119986e-04
4.130066e+00
4.905406e-01
9.413690e-02
3.897141e+00
4.995942e+00
8.190551e-03
1.927679e+01
4.491100e-01
6.148558e-01
1.736370e+00
3.078156e-05
6.085694e-04
5.539036e-03
5.991256e-06
7.233171e-03
1.104942e-01
8.043181e-06
1.992116e-03
2.340032e+00
2.343653e+02
