1.152549e-01
1.088688e+02
8.292605e+00
8.937773e+01
1.177996e+02
4.834201e+02
1.991225e+00
1.386018e-04
1.355145e-02
1.654472e-03
1.881528e+01
5.400948e+03
1.057206e+01
4.572764e-04
1.388729e-01
3.763029e-01
2.010360e-01
1.596550e+05
2.171253e-03
2.502776e+02
2.572927e-01
1.992199e+05
7.763968e+00
9.253073e-01
2.508537e-01
8.617329e-01
2.935089e+01
2.066533e+03
2.730780e+01
5.681556e+00
2.580737e+00
1.059491e+05
4.783127e+01
1.060367e+01
8.761889e-02
2.450623e+01
3.485536e+00
2.020927e-02
2.007815e-04
2.473266e-04
9.389496e+00
2.218804e+04
8.756586e-05
2.927536e+03
6.733240e-01
1.429322e-02
1.382965e-01
9.140625e-01
4.722118e+00
2.186736e+03
7.782293e-03
1.646906e+03
5.792217e-01
7.066745e-03
9.060407e-04
8.925387e+01
6.658026e-01
2.639344e-01
3.896430e-01
1.165447e+01
7.793516e-03
9.292326e+00
2.671157e+00
2.300198e-01
1.218489e+00
3.975676e-04
2.004893e-04
1.459596e-02
3.136615e-04
6.650017e-02
9.178129e-02
1.134566e-04
1.484230e-02
2.090130e+00
3.041071e+02
