1.351863e+00
9.914071e+01
1.254333e+01
5.875059e+00
5.180752e+00
2.678365e+01
3.949029e+00
3.746779e-05
8.472108e-03
1.189924e-03
5.554084e+00
5.590032e+04
1.339121e+01
2.829007e-03
2.426976e-01
3.423667e-02
1.904654e-02
3.757792e+05
1.477773e-03
5.746535e+01
2.908408e-01
9.790539e+03
3.943724e+01
1.745020e-01
4.621124e-02
1.298040e+00
4.936075e+01
1.021457e+02
1.752195e+01
2.724792e+00
6.962061e-02
6.071668e+04
1.726327e+01
8.242673e+01
4.578584e+00
2.030892e+01
1.264919e+00
8.364529e-04
2.078513e-03
8.636703e-05
1.040068e+01
9.301463e+03
1.530573e-04
1.927192e+02
3.278956e-01
4.555959e-01
2.093241e+00
6.108410e-02
4.081099e-01
5.926464e+02
4.972311e-01
1.157116e+04
2.618345e-02
1.255081e-01
4.151570e-03
5.619772e+00
4.039625e-01
3.088749e+00
2.335459e+01
8.625103e+01
1.382787e-02
3.331424e+00
5.505449e+00
4.078099e+00
2.140906e+00
1.280507e-04
3.782154e-04
2.365826e-03
1.182384e-04
1.989880e-03
2.729252e+00
2.801265e-05
1.153028e-02
3.091708e+00
3.100764e+01
