4.897216e-01
1.020674e+03
2.422164e+01
9.694326e+01
4.051443e+01
9.619285e+01
2.220257e+00
1.620458e-04
1.622494e-02
1.522676e-03
2.273975e+01
2.859937e+04
8.627060e+00
3.818224e-03
1.070422e-02
7.127118e-02
1.436527e-01
7.372994e+05
5.892892e-03
3.210552e+02
2.897793e-01
4.354680e+04
7.365190e+00
1.310428e+00
4.227885e-02
1.478847e-01
7.375306e+01
4.363539e+02
1.785222e+01
5.416044e+01
1.051144e+00
3.863080e+04
1.760230e+01
2.602409e+01
3.064965e-01
1.590026e+02
1.887383e+00
4.435406e-03
8.855627e-04
1.013157e-04
1.300252e+01
4.245853e+04
4.518234e-04
5.114558e+02
8.244575e+00
2.387841e-02
5.319455e-01
2.552637e-01
4.191560e-01
6.963159e+02
5.296911e-02
1.294537e+03
3.230699e-02
6.577631e-02
8.505969e-04
1.449525e+01
6.203316e-01
6.752207e-01
1.180502e+00
2.980774e+01
2.422530e-02
6.554550e+00
1.147102e+00
9.482164e-01
2.440187e+00
7.827745e-04
1.185176e-03
3.495414e-03
5.653613e-05
1.489893e-02
2.240030e-01
1.295868e-04
1.348527e-02
2.046707e+00
1.547240e+02
