1.034511e-01
3.769515e+02
2.877714e+01
1.951655e+01
6.965383e+00
4.602747e+01
1.620826e+00
1.384266e-04
4.354144e-03
1.385403e-03
1.545295e+01
1.266273e+04
1.009450e+00
3.832308e-03
6.428041e-02
1.470432e-02
4.209972e-02
3.169730e+06
3.414581e-03
7.714066e+01
1.405528e-01
1.814922e+04
3.583223e+01
5.753108e-01
3.442825e-02
6.422650e-02
1.748740e+02
2.178853e+02
8.982328e+00
3.651857e+00
3.092162e-01
4.040196e+03
8.205368e+01
1.087799e+01
5.727322e-01
4.414724e+01
1.227115e+00
1.034068e-03
1.295499e-03
6.149872e-05
1.802516e+01
3.249566e+04
1.297164e-03
9.652127e+01
6.054289e+00
1.196222e-01
7.456107e-01
2.331040e-01
6.532716e-01
5.712312e+02
9.210700e-02
1.041136e+03
1.289159e-01
4.390396e-01
9.012895e-04
1.252380e+02
6.661775e-01
7.965836e-01
1.835343e+01
1.081886e+01
1.373673e-02
2.803573e+00
2.570072e-01
1.706401e-01
1.692501e+00
5.423928e-04
1.223522e-02
9.327827e-04
5.175056e-06
5.051630e-03
1.087817e-01
1.012192e-04
3.264172e-03
1.227204e+00
3.480492e+02
