1.058933e+00
9.559745e+02
2.288335e+01
1.827876e+01
7.680095e+01
1.152018e+02
1.250019e+00
5.542800e-05
1.664400e-02
3.166676e-03
2.464654e+00
2.933066e+04
9.206772e+00
1.799531e-03
4.121055e-02
1.426837e-02
1.361469e-01
8.786293e+05
1.021334e-02
4.796458e+02
2.623691e-01
4.022853e+04
9.652255e+00
4.805220e-01
5.193394e-02
8.342296e-02
1.513383e+01
1.886006e+02
3.961148e+00
2.677476e+01
2.619859e-01
1.564890e+04
1.800113e+01
6.390937e+00
7.121703e-01
1.546869e+02
1.317250e+00
3.698276e-03
7.407387e-04
1.629718e-04
1.171771e+01
2.566850e+04
1.035446e-03
4.984487e+02
2.172675e+00
1.781901e-01
8.850566e-01
1.041329e+00
6.046756e-01
4.931881e+03
6.775474e-02
1.721458e+02
4.681357e-02
3.136988e-02
1.088889e-03
5.599208e+00
1.225504e+00
5.567120e-01
4.523598e+00
2.004556e+01
1.557706e-02
5.784000e+00
2.735244e+00
2.677647e+00
2.203730e+00
1.915346e-04
4.156534e-03
1.777293e-03
4.303913e-05
9.421260e-03
3.742275e-01
3.215651e-05
1.354087e-02
2.379074e+00
1.045139e+02
