2.292497e-01
3.745128e+02
2.430676e+01
6.217172e+01
1.761363e+01
2.115762e+02
2.324835e+00
1.178824e-04
6.051661e-03
1.492941e-03
3.176695e+01
7.722575e+03
6.740382e+00
5.006189e-04
5.642225e-03
2.869297e-02
6.924143e-02
5.739065e+05
1.145152e-02
2.045375e+02
4.386707e-01
4.446124e+04
7.515353e+00
5.554089e-01
1.970085e-02
2.445292e-01
2.209183e+01
1.722003e+02
1.386248e+00
7.805204e+00
3.063240e-01
3.589187e+04
6.509489e+00
7.764480e+00
2.272150e-01
1.293378e+02
1.645440e+00
9.465026e-04
2.496199e-03
2.357076e-04
1.221477e+00
4.333321e+03
7.678404e-04
7.787080e+01
1.434993e+00
9.497926e-03
5.695319e-01
3.956433e-01
1.750970e-01
2.982580e+03
2.405849e-02
2.052226e+03
1.779075e-02
4.153966e-02
9.194980e-04
7.793853e+00
1.515673e-01
1.828237e-01
3.901033e+00
1.529681e+01
3.051123e-02
8.051891e+00
2.213033e+00
1.699055e-01
2.197466e+00
1.104545e-03
5.416129e-04
1.505807e-03
8.975060e-05
1.562443e-02
8.166273e-01
5.588124e-06
1.298112e-02
2.147492e+00
1.776858e+02
