1.058985e+00
2.499749e+03
3.271172e+01
3.976337e+01
2.141805e+01
4.965578e+01
1.848822e+00
4.645879e-05
3.105719e-03
1.142422e-03
4.941056e+00
2.296037e+04
8.274676e-01
4.054978e-04
3.304306e-03
4.965071e-02
1.568435e-01
6.032847e+06
4.231880e-03
9.061198e+01
7.524834e-02
7.311063e+04
1.002278e+02
5.002958e-01
5.488298e-03
1.328140e-01
3.901724e+01
1.293877e+03
5.276642e+01
7.401036e+01
6.424053e-01
3.912787e+03
5.383476e+00
8.829908e+01
5.134512e+00
1.090128e+02
1.457750e+00
4.281017e-03
3.661234e-04
1.857276e-04
2.152122e+00
4.859984e+03
2.889932e-03
2.791194e+03
1.202407e+00
5.838455e-02
2.339055e-01
3.480701e-02
4.188863e-01
6.038070e+02
4.789315e-02
8.405662e+03
3.408034e-01
2.785202e-01
1.011283e-02
2.059192e+01
6.079543e-01
1.190909e-01
5.457453e-01
9.543951e+00
7.563903e-02
1.190843e+00
9.972107e+00
6.227890e-01
2.539636e+00
9.208221e-04
4.335857e-03
1.949372e-02
4.088308e-05
2.140027e-03
1.143234e-01
4.680194e-06
1.254567e-02
3.833230e+00
8.656180e+01
