4.040193e-01
6.670491e+02
2.153616e+01
3.637530e+01
1.367641e+01
5.956833e+01
2.578105e+00
2.269290e-04
7.933592e-03
1.057692e-03
1.262630e+01
3.798167e+04
8.427427e+00
1.554405e-03
2.453082e-02
4.586690e-02
4.895432e-01
2.248039e+06
3.279181e-03
2.588713e+02
3.874212e-01
4.304063e+04
2.543597e+01
2.766477e+00
2.911469e-02
3.469497e-01
3.795725e+01
4.772341e+02
2.500470e+00
9.028891e+00
8.007930e-01
4.295470e+03
3.017216e+01
7.463367e+00
4.676093e+00
1.966935e+02
1.682877e+00
2.372351e-03
1.161249e-03
6.256210e-05
1.335138e+01
1.821688e+04
3.791379e-03
5.817750e+02
1.999015e+00
1.000121e-01
6.018645e-01
5.977377e-02
1.220378e+00
9.716236e+03
1.598206e-01
3.327058e+03
6.364010e-02
4.061722e-02
2.106951e-03
1.502819e+01
5.822212e-01
8.282599e-01
1.506680e+00
1.320529e+01
2.737291e-02
5.850813e+00
9.278790e-01
2.961226e-01
1.428901e+00
4.853145e-04
4.144578e-03
1.502799e-03
1.536471e-05
1.088975e-02
2.946659e-01
8.195792e-05
9.377862e-03
2.322904e+00
2.031438e+02
