9.959781e-02
3.329160e+02
2.145939e+01
1.601936e+01
1.480783e+01
1.050859e+02
1.615155e+00
9.202184e-05
4.413703e-03
3.215176e-03
2.211961e+00
5.919375e+04
3.250379e+00
1.130857e-03
2.350663e-01
2.314063e-01
1.547684e-01
2.580657e+06
1.738708e-02
1.174084e+03
3.586770e-01
5.027048e+04
1.282768e+01
1.161742e+00
6.464229e-02
1.781925e-01
5.400038e+01
4.208886e+02
1.122530e+01
8.799303e+00
3.341064e-01
7.611198e+03
5.926123e+00
2.746669e+00
2.522244e+00
1.704231e+02
2.098714e+00
3.258441e-03
8.305955e-04
4.430905e-05
5.332215e+00
5.898621e+03
2.603499e-03
1.223513e+03
8.229713e-01
3.557900e-01
7.668356e-01
9.024357e-02
7.671262e-01
3.841915e+03
3.175155e-01
1.314349e+03
3.598374e-01
3.038981e-02
1.480137e-03
8.501215e+00
6.348402e-01
1.874595e-01
8.229026e-01
2.110309e+01
1.091146e-02
6.350144e+00
9.253723e-01
5.020253e+00
1.324632e+00
2.621332e-04
6.733854e-03
2.169535e-03
1.927041e-05
1.229309e-02
7.058559e-01
1.154772e-04
4.073290e-02
2.136248e+00
2.806071e+02
