7.602213e-02
2.952646e+02
1.794354e+01
8.101783e+00
4.922291e+00
2.646265e+02
1.188909e+00
9.065054e-05
2.719230e-03
3.423553e-03
6.540299e-01
1.188397e+04
6.374021e-01
1.469153e-04
2.396953e-01
1.576672e-01
1.756189e-02
3.435305e+05
1.441485e-03
1.645556e+02
1.521113e+00
8.144636e+04
7.575195e+00
1.792701e-01
3.603822e-02
2.107095e-01
5.040814e+01
1.902605e+02
1.330131e+01
2.305497e+00
1.237027e-01
1.653220e+04
1.663737e+00
1.470996e+01
1.073882e+00
2.698113e+02
2.651028e+00
3.235842e-03
1.361111e-03
5.592929e-04
4.757144e+00
1.799850e+03
1.095213e-03
4.940664e+02
1.668524e+00
1.800307e-01
3.626865e+00
1.938315e-02
9.170419e-01
7.878293e+03
5.570030e-02
2.634154e+03
1.563228e-01
4.250960e-01
2.705336e-04
3.663707e+00
8.717069e-02
7.043043e-02
1.252804e+00
2.945666e+01
1.983911e-02
1.529579e+01
1.622206e+00
1.758324e-01
1.590663e+00
2.215831e-04
5.903860e-04
4.371626e-03
3.488195e-05
9.740602e-02
2.413596e-01
6.740966e-06
2.219896e-03
1.700915e+00
3.732886e+02
