5.200119e-01
2.667078e+03
2.916817e+01
1.587054e+01
1.392961e+01
3.883228e+01
1.626727e+00
4.974176e-04
9.668982e-04
1.455003e-04
4.213478e+00
2.700899e+04
3.077587e-01
1.124890e-03
5.679401e-02
8.548104e-03
1.854291e-02
1.688245e+06
6.702426e-04
3.058969e+03
5.656717e-02
1.075499e+05
1.932654e+00
1.954284e-01
2.760609e-02
1.224012e+00
9.884873e+01
2.328592e+02
3.034565e+00
1.101028e+01
1.276522e-01
3.738508e+04
6.355766e+01
2.139879e+00
3.183740e+00
1.391510e+02
1.428276e+00
1.008301e-03
1.837567e-03
7.818712e-06
1.074741e+00
1.868106e+04
6.647774e-04
1.291419e+02
1.143043e+01
3.788934e-01
5.503988e-01
4.114619e-01
9.296391e-02
2.794067e+03
4.202682e-02
2.189034e+02
4.890385e-02
5.397057e-02
3.854329e-04
6.193500e+01
1.257432e-01
5.957283e-01
4.474737e-01
1.634664e+01
8.771517e-03
1.489064e+00
1.551644e+00
3.198309e+00
3.273956e+00
9.150679e-04
5.359379e-03
1.524566e-03
1.487661e-04
1.571599e-01
5.643065e-02
5.146087e-06
5.270120e-03
3.344146e+00
2.247302e+02
