3.540325e-01
1.969261e+02
1.734514e+01
9.486005e+00
7.289433e+01
1.077043e+02
1.494226e+00
8.577078e-05
8.041611e-03
1.648311e-03
7.410253e+00
2.782561e+04
1.923473e+00
1.033012e-03
1.349530e-02
2.508494e-02
5.774793e-02
6.196842e+05
1.097888e-02
3.858414e+02
2.166398e-01
8.673360e+03
1.520341e+01
1.052635e+00
1.349761e-02
1.240934e-01
1.071375e+01
2.151681e+02
2.390809e+00
2.963122e+00
3.763452e-01
1.263549e+04
8.360138e+00
2.852936e+00
5.915621e-01
4.147817e+01
1.564176e+00
3.307042e-03
9.049045e-04
1.057237e-05
1.068807e+01
7.389934e+03
2.973519e-04
3.055537e+02
9.003636e-01
1.568070e-01
1.933427e-01
1.215277e-01
7.864019e-01
2.534633e+03
3.094637e-01
3.735627e+02
1.630405e-02
1.655063e-02
3.321937e-04
5.314981e+00
5.427486e-01
4.710390e-01
1.650591e+00
1.387887e+01
1.009348e-02
1.393889e+01
1.013898e+00
5.040023e-01
2.402550e+00
1.313220e-04
1.565820e-03
1.237039e-03
3.362185e-05
1.375018e-02
4.813783e-01
1.271862e-05
2.070460e-02
1.522261e+00
1.242939e+02
