5.839025e-02
1.160093e+03
2.202809e+01
2.994074e+00
7.324003e+00
2.010445e+01
1.184864e+00
5.485387e-05
5.406672e-03
1.901289e-03
1.458217e+01
2.428914e+04
2.992347e-01
7.972253e-03
1.366585e-02
7.046790e-03
6.363655e-02
4.345809e+06
6.662693e-03
3.878377e+01
3.120277e-01
5.853934e+04
1.009064e+02
5.320368e-01
6.282379e-02
1.847799e-02
9.399203e+01
5.764240e+01
8.217969e+00
6.475966e+00
3.542417e-01
4.984070e+03
1.379479e+02
3.895035e+00
3.340709e-01
1.859761e+01
1.227521e+00
2.532139e-03
8.199739e-04
3.330767e-05
3.228997e+01
6.074207e+04
1.616910e-03
2.343714e+02
1.745848e+01
1.707278e-01
2.144523e-01
1.179788e+00
1.215587e+00
4.017809e+03
1.502469e-01
2.370087e+03
1.303421e-01
2.644168e-01
3.365636e-04
1.239999e+02
1.304962e+00
2.364245e+00
2.335459e+01
1.525009e+01
7.706322e-03
1.164011e+00
1.272224e+00
2.156559e-01
1.610957e+00
2.128384e-04
1.434686e-02
2.448164e-04
8.669909e-06
3.467167e-03
8.008305e-02
1.722935e-05
4.851834e-03
1.905696e+00
7.330439e+02
