2.284936e-01
4.083943e+02
7.378847e+01
8.063644e+01
2.368490e+02
3.566625e+01
3.096057e+00
1.088511e-04
2.282123e-03
4.251073e-04
4.454223e+00
2.316741e+04
1.155852e+00
8.972694e-04
1.276690e-02
9.547485e-02
9.627879e-02
6.071734e+06
9.625462e-04
1.347529e+03
8.943251e-02
6.375769e+03
1.405794e+01
1.425221e+00
4.753620e-02
2.935914e-02
9.916598e+00
3.963520e+03
6.608417e+00
1.221544e+01
3.365892e+00
2.131269e+05
1.106454e+02
1.455750e+02
3.052660e-01
1.929725e+02
1.214484e+00
2.522366e-02
9.541212e-04
4.176537e-04
1.404609e+01
1.367210e+04
1.449202e-03
7.170929e+01
1.150041e+01
2.250173e-01
1.236720e+00
3.985320e-02
9.099687e+00
3.793377e+03
1.438808e-02
5.915857e+03
9.437524e-02
1.159016e-01
9.344717e-04
6.992069e+00
8.956621e-01
4.347938e-01
2.792273e-01
9.636453e+01
3.865490e-02
7.911887e+01
7.701879e-01
4.566676e+00
1.446049e+00
8.061486e-04
5.005056e-03
1.769832e-03
1.449033e-05
5.077960e-02
9.077957e-02
3.597238e-04
3.832048e-03
1.000000e+00
2.872280e+02
