1.735159e+00
3.070415e+03
3.771396e+01
7.636460e+01
4.038768e+01
1.035912e+02
2.414242e+00
1.156095e-04
6.211146e-03
9.012470e-04
1.115625e+01
2.901861e+04
1.362925e+00
5.311889e-04
2.426976e-03
5.278244e-02
1.489401e-01
7.322342e+06
5.249755e-03
8.980669e+01
5.503461e-02
4.356165e+04
1.009064e+02
7.235840e-01
7.619687e-03
3.567432e-01
5.636988e+01
1.979481e+03
6.574760e+01
1.175004e+02
9.674766e-01
1.043962e+04
7.985063e+00
1.121843e+02
6.552142e+00
1.298399e+02
1.648664e+00
6.022728e-03
3.891586e-04
2.139932e-04
2.642207e+00
4.567606e+03
4.630125e-03
2.622456e+03
2.088951e+00
1.152930e-01
3.830557e-01
1.518716e-02
4.858045e-01
5.715817e+02
6.152685e-02
9.872179e+03
5.972767e-01
5.116820e-01
8.128825e-03
1.785299e+01
5.109104e-01
2.729326e-01
2.954287e-01
8.969925e+00
7.932715e-02
1.718342e+00
8.133855e+00
9.452592e-01
2.447913e+00
8.252045e-04
9.696064e-03
2.448164e-02
2.597636e-05
2.083356e-03
2.314601e-01
4.922685e-06
1.234876e-02
4.000000e+00
1.454369e+02
