2.369291e-01
3.523256e+02
2.483662e+01
5.332641e+01
2.285245e+01
1.664957e+02
2.296861e+00
9.945992e-05
5.793260e-03
1.649627e-03
3.457452e+01
6.665078e+03
4.789308e+00
4.396203e-04
4.991238e-03
2.242571e-02
5.524119e-02
6.630360e+05
1.124936e-02
1.446602e+02
3.834930e-01
4.338872e+04
8.544457e+00
5.739254e-01
2.221168e-02
1.915930e-01
2.003315e+01
1.849727e+02
1.415417e+00
8.569311e+00
2.163652e-01
3.834221e+04
7.373052e+00
7.365726e+00
1.733485e-01
1.132494e+02
1.536678e+00
9.659763e-04
2.347682e-03
2.317750e-04
1.454625e+00
4.701766e+03
8.479670e-04
7.761497e+01
1.290740e+00
8.176685e-03
5.320539e-01
4.239531e-01
1.986441e-01
2.217772e+03
2.148389e-02
1.645735e+03
1.434373e-02
3.931109e-02
6.317618e-04
7.292847e+00
1.323900e-01
1.954458e-01
4.061834e+00
1.113736e+01
2.111190e-02
5.890440e+00
1.712791e+00
1.696137e-01
2.097603e+00
1.237570e-03
4.625804e-04
1.214547e-03
6.702488e-05
1.367410e-02
5.943038e-01
5.147440e-06
8.986399e-03
2.089054e+00
1.792257e+02
