5.508150e-01
9.866359e+02
2.635244e+01
2.773705e+01
1.011266e+01
9.104899e+01
2.371830e+00
2.191418e-04
9.001884e-03
6.497610e-04
9.024986e+00
5.756014e+04
3.319023e+00
1.682851e-03
2.047862e-02
4.410989e-02
4.828451e-01
2.010720e+06
3.773392e-03
1.561440e+02
2.035208e-01
4.968593e+04
1.841445e+01
2.911777e+00
2.715397e-02
3.134214e-01
3.907896e+01
2.646306e+02
1.381292e+00
8.900949e+00
6.307625e-01
2.989438e+03
4.403294e+01
6.362726e+00
4.716484e+00
1.583579e+02
1.368633e+00
2.057054e-03
9.322524e-04
5.803349e-05
1.249988e+01
1.655250e+04
2.196430e-03
3.961744e+02
1.597224e+00
9.590483e-02
7.861774e-01
3.033496e-02
5.409264e-01
8.992897e+03
1.466297e-01
3.833650e+03
1.099686e-01
5.114394e-02
1.817689e-03
1.492129e+01
2.295965e-01
6.865405e-01
1.093796e+00
2.480466e+01
2.575798e-02
2.455134e+00
1.039947e+00
3.527431e-01
1.299076e+00
4.724812e-04
6.089940e-03
1.492513e-03
9.098489e-06
6.479724e-03
1.675250e-01
9.126140e-05
1.238422e-02
2.285617e+00
1.557764e+02
