9.556676e-02
4.081889e+02
3.237907e+01
2.062394e+01
8.791247e+00
4.089321e+01
1.606269e+00
1.872872e-04
5.291903e-03
1.616836e-03
1.614894e+01
1.102460e+04
9.293692e-01
4.127441e-03
5.518884e-02
1.217516e-02
3.724335e-02
3.208025e+06
4.898049e-03
1.205389e+02
1.273639e-01
1.520440e+04
5.289018e+01
5.411089e-01
5.402586e-02
5.295147e-02
1.655234e+02
2.928674e+02
1.061689e+01
4.629816e+00
3.300392e-01
4.012118e+03
7.649165e+01
9.405718e+00
4.711140e-01
3.447014e+01
1.258438e+00
1.282965e-03
1.508433e-03
6.349828e-05
1.413167e+01
3.708050e+04
1.082895e-03
1.685369e+02
6.316989e+00
1.129975e-01
8.197446e-01
2.702478e-01
7.987886e-01
7.697553e+02
6.693088e-02
1.024357e+03
1.242283e-01
3.594193e-01
8.339320e-04
9.145152e+01
5.592049e-01
7.327318e-01
1.949803e+01
1.113145e+01
1.284920e-02
3.173660e+00
3.351468e-01
2.705638e-01
1.602938e+00
5.734365e-04
1.144909e-02
1.204305e-03
6.229486e-06
4.836781e-03
8.729857e-02
9.610156e-05
3.295154e-03
1.180733e+00
3.842985e+02
