2.861548e-01
1.625253e+02
1.391063e+01
1.813728e+01
3.446064e+01
4.498794e+01
1.662511e+00
1.890791e-04
2.432825e-03
1.746537e-03
2.301589e+00
2.177427e+04
5.420315e-01
2.435085e-04
2.482913e-02
2.920766e-02
1.852885e-02
2.726854e+06
8.162702e-03
1.054235e+02
2.549582e-01
1.520165e+04
5.088935e+00
1.595179e-01
1.072162e-02
2.741110e-02
8.117013e+00
4.860767e+02
7.836662e+00
1.237337e+01
6.961761e-01
1.915580e+04
3.970202e+00
2.598929e+00
2.322241e-01
3.354145e+01
2.092551e+00
3.435159e-03
1.285888e-03
4.665873e-05
1.858146e+00
2.722900e+03
4.772992e-04
2.633982e+03
2.722236e+00
3.410513e-01
2.465762e-01
3.350505e-01
4.803520e-01
5.934077e+03
2.393577e-02
1.469231e+03
5.421205e-02
1.994850e-02
1.824956e-04
3.305650e+00
2.097224e+00
2.657923e-01
2.373498e+00
3.172200e+00
2.462525e-03
1.845236e+01
7.484190e-01
9.562422e-01
2.177504e+00
2.498102e-04
3.958584e-04
2.598651e-03
2.335469e-05
5.899656e-03
8.995532e-02
6.748615e-06
1.103418e-02
1.552085e+00
1.295660e+02
