1.490776e-01
3.177372e+02
6.869749e+01
1.143681e+02
2.485630e+02
4.104597e+01
3.365909e+00
7.181239e-05
3.285429e-03
4.547058e-04
3.776550e+00
3.745603e+04
2.187289e+00
8.843781e-04
1.349803e-02
8.277482e-02
1.576211e-01
7.355987e+06
1.776626e-03
1.274949e+03
1.171712e-01
4.685825e+03
9.573343e+00
1.842637e+00
5.797285e-02
2.860173e-02
7.618546e+00
4.415834e+03
6.417806e+00
7.407366e+00
1.809692e+00
2.131269e+05
1.364915e+02
1.504397e+02
2.992531e-01
2.285681e+02
1.154923e+00
1.868763e-02
9.393556e-04
4.203972e-04
2.212867e+01
1.403157e+04
2.034537e-03
7.955287e+01
1.419607e+01
1.600754e-01
1.992075e+00
2.391912e-02
9.099687e+00
2.996608e+03
2.293408e-02
8.190532e+03
1.197806e-01
1.385109e-01
1.520298e-03
3.360362e+00
1.924049e+00
6.315950e-01
2.401181e-01
7.378085e+01
4.422382e-02
3.668109e+01
2.153399e+00
4.916379e+00
1.351540e+00
7.416213e-04
4.809487e-03
1.046537e-03
1.197653e-05
6.338937e-02
1.377532e-01
4.130000e-04
3.082137e-03
1.000000e+00
2.405028e+02
