1.427777e-01
2.822325e+02
3.120858e+01
3.034835e+01
2.128711e+01
6.859056e+01
2.316619e+00
1.901666e-04
4.175216e-03
5.220519e-03
4.751218e+00
5.824448e+04
7.064950e-01
1.048089e-03
1.086537e-02
4.440576e-02
2.822854e-02
6.807920e+05
3.270891e-03
4.636058e+02
2.916983e-01
5.838490e+03
4.677175e+01
9.507912e-01
6.231103e-02
1.154023e-01
1.080289e+01
1.866346e+02
5.184758e+00
6.804666e+00
3.885031e-01
2.729520e+04
9.463444e+00
9.138799e+00
4.194411e-01
5.659220e+01
1.597878e+00
1.880031e-03
7.534646e-04
7.482294e-05
3.170549e+00
1.446876e+04
8.687586e-04
9.248006e+01
3.868075e+00
3.023408e-02
3.219630e-01
7.804299e-02
7.565525e-01
3.487353e+03
6.686776e-02
4.690376e+02
4.045565e-02
6.165173e-02
7.882640e-04
3.178081e+01
1.680482e-01
2.704769e-01
4.657866e+00
4.833436e+01
7.863800e-03
1.127986e+01
1.089217e+00
4.162044e-01
1.681014e+00
4.859651e-04
4.723108e-03
3.151417e-03
3.279175e-05
4.517341e-02
4.234519e-01
3.496196e-05
6.315888e-03
1.957004e+00
2.213334e+02
