2.489714e-01
7.992452e+02
3.003296e+01
4.623824e+01
2.774549e+01
1.944099e+02
1.727366e+00
1.652117e-04
1.872048e-03
3.890897e-04
6.995146e+00
1.918371e+04
3.224499e+00
6.936098e-04
5.694871e-02
4.409723e-02
1.834682e-01
5.859448e+05
1.033181e-02
2.696576e+02
2.722148e-01
4.030090e+04
9.758633e+00
5.096598e+00
1.922102e-02
1.859066e-01
1.862048e+01
3.851176e+02
4.245065e+00
1.324521e+01
3.762685e-01
5.173680e+04
1.266265e+01
3.800640e+00
1.184248e+00
7.630143e+01
1.964699e+00
1.026047e-03
1.626783e-03
2.678567e-04
7.319518e+00
1.773733e+04
9.525800e-04
1.707537e+02
8.201375e+00
8.039322e-03
7.772320e-01
4.173532e-02
6.130805e-01
1.313715e+03
1.018904e-01
5.333744e+02
8.647420e-02
9.272636e-02
2.905171e-03
3.257659e+01
6.991487e-01
2.132594e-01
4.646224e+00
2.973400e+01
2.092334e-02
1.269137e+01
1.981628e-01
1.694847e+00
3.159730e+00
1.022072e-03
2.040087e-03
5.316007e-03
7.005347e-05
5.778320e-03
3.409007e-01
8.732061e-05
2.773838e-02
2.772243e+00
2.215105e+02
