1.449957e-01
9.913080e+02
1.285710e+01
1.704373e+01
2.000436e+02
2.608070e+02
4.000000e+00
1.321867e-05
4.684728e-03
1.159387e-02
1.231112e+01
1.658912e+04
2.641622e+01
2.660391e-03
2.195989e-02
5.612803e-02
1.131419e-01
2.579566e+06
4.152684e-03
7.892692e+01
5.503461e-02
5.339281e+04
7.196093e+00
2.091597e+00
1.509421e-02
1.856292e-01
1.449070e+01
7.811088e+02
3.282621e+01
2.557902e+01
6.522190e-01
5.221573e+03
7.168468e+00
1.256613e+01
2.870140e-01
2.501810e+02
3.452115e+00
1.246152e-03
4.754556e-03
1.674299e-05
4.723460e+01
1.347209e+04
2.964825e-04
1.788903e+03
4.377397e+00
3.262243e-01
5.414054e+00
3.034913e-01
6.645316e-01
5.984976e+03
6.081577e-01
1.063178e+03
1.960290e-01
1.267173e-01
7.797969e-03
1.258933e+02
1.276924e-01
2.849493e+00
3.525729e+00
2.225044e+02
3.704134e-03
2.464391e+01
6.936587e+00
4.350335e-01
1.678689e+00
7.663435e-04
2.647031e-03
1.568077e-03
6.967225e-05
1.553391e-01
1.155034e-01
4.130000e-04
1.032661e-02
1.708722e+00
2.752461e+02
