3.932527e-01
1.865840e+03
1.911101e+01
5.139426e+01
8.866005e+00
1.852980e+02
2.203615e+00
3.605218e-04
1.408868e-03
5.432252e-04
5.034651e+00
1.893425e+04
1.377788e+00
1.063520e-03
4.772867e-02
5.355650e-02
1.099350e-01
7.954046e+05
2.967872e-03
2.284079e+02
3.629312e-01
3.623338e+04
1.512930e+01
3.632337e-01
8.718207e-02
6.349933e-02
2.489956e+01
4.962800e+02
6.073386e+00
2.097360e+01
2.227414e-01
1.572388e+04
5.257965e+00
1.699295e+00
3.173922e-01
1.576117e+02
1.921291e+00
2.743652e-03
1.262390e-03
5.870333e-05
8.172920e+00
1.279464e+04
2.784824e-03
9.372438e+01
8.703857e-01
6.488317e-02
4.447939e+00
4.433644e-02
1.703121e+00
3.040015e+03
1.065405e-01
2.033946e+03
4.287219e-02
3.039551e-02
1.835876e-03
2.913867e+01
4.790996e-01
1.549513e-01
2.693757e+00
2.249503e+01
1.206374e-02
8.867232e+00
1.354438e+00
1.728512e+00
1.851686e+00
1.715976e-04
2.973775e-03
2.494701e-03
4.207716e-05
1.893692e-02
7.482828e-02
4.113083e-05
8.022937e-03
1.346488e+00
2.111216e+02
