1.324360e+00
1.581826e+03
1.983790e+01
1.068208e+01
1.504589e+01
6.960467e+01
2.657442e+00
5.298950e-05
1.417283e-02
8.211093e-03
3.001744e+01
1.128050e+04
2.911663e+00
1.858190e-03
8.081065e-02
3.082019e-01
1.974415e-02
1.225237e+05
1.187420e-03
1.668256e+03
7.421617e-01
7.612665e+04
1.257689e+01
1.409620e+00
5.969581e-02
3.155441e-01
4.240003e+00
1.389359e+03
1.520544e+00
1.258009e+01
5.093953e-01
3.088849e+04
5.333194e+00
2.245246e+00
6.552142e+00
2.793245e+01
2.569334e+00
5.921356e-03
1.089817e-03
1.050728e-05
8.907637e-01
8.562744e+02
1.097078e-03
1.581855e+02
1.636188e+00
4.405571e-02
6.307131e-01
1.262411e-01
1.339685e-01
2.148681e+03
1.369370e-01
3.246277e+03
1.041308e-02
3.450702e-02
8.340956e-04
5.687638e+00
4.153300e-01
9.426009e-01
2.815670e-01
2.659483e+00
1.401746e-02
1.676465e+00
4.569893e-01
6.374901e-02
2.855108e+00
5.166719e-04
6.815797e-03
2.623377e-04
3.114077e-05
1.989880e-03
5.942761e-02
9.853172e-05
2.022292e-03
1.016894e+00
2.793264e+02
