1.955141e-01
2.550898e+02
2.002180e+01
4.192696e+01
1.844291e+01
1.653741e+02
2.978084e+00
2.293057e-04
1.706920e-03
2.171567e-03
1.692796e+01
3.558401e+04
5.964500e+00
2.258956e-03
2.400039e-02
1.090359e-01
1.666231e-01
3.225726e+05
8.171035e-03
5.146384e+02
5.372914e-01
7.788166e+04
2.554715e+01
4.109250e+00
4.956204e-02
1.694336e-01
3.865192e+01
3.995383e+02
1.289952e+01
2.053502e+01
3.452301e-01
2.069818e+04
8.850602e+00
1.139672e+01
6.828773e-01
1.582983e+02
1.987577e+00
2.846874e-03
6.623749e-04
5.968137e-05
7.133390e+00
9.658312e+03
1.747422e-03
4.252587e+02
3.485379e+00
1.613381e-01
7.511706e-01
1.874619e-01
6.395334e-01
2.637261e+03
1.296915e-01
2.288198e+03
3.143488e-02
5.373034e-02
1.482871e-03
7.074819e+00
5.445587e-01
5.558059e-01
5.756059e-01
2.745864e+01
1.337314e-02
1.979998e+01
1.360652e+00
1.153050e+00
1.755663e+00
5.057890e-04
9.913189e-04
2.409139e-03
2.642133e-05
3.284809e-02
1.466334e+00
9.663839e-05
3.256142e-02
1.635098e+00
1.894248e+02
