2.517948e-01
4.265352e+02
8.713004e+00
2.578401e+01
2.367461e+01
1.667403e+02
1.855512e+00
7.694513e-05
6.592911e-03
1.970981e-03
1.741169e+00
4.652070e+04
1.579077e+00
8.468674e-04
2.651993e-02
5.039298e-02
1.744212e-01
1.684084e+06
2.543874e-03
8.886671e+01
1.020331e-01
1.874655e+04
2.002097e+01
3.107752e-01
1.572562e-02
5.033099e-02
7.207471e+01
3.196311e+02
1.371981e+00
7.097514e+00
2.942565e-01
1.802599e+04
1.666498e+01
7.249612e+00
7.048839e-01
1.243033e+02
1.548353e+00
3.585306e-03
9.668618e-04
2.866724e-05
1.889720e+01
5.187937e+03
4.963281e-04
2.712017e+02
1.328415e+00
6.757560e-01
2.913971e-01
1.221169e-01
3.949043e-01
3.476221e+03
5.482874e-02
9.731609e+02
9.970955e-02
8.232621e-03
1.969368e-03
3.456741e+00
2.456224e-01
3.639794e-01
1.141737e+00
1.747616e+01
8.491327e-03
1.772824e+01
6.688896e-01
4.735056e-01
1.902220e+00
3.115517e-04
5.929684e-03
1.128945e-03
3.375801e-05
1.984020e-02
4.235207e-01
3.376191e-05
1.703015e-02
2.166410e+00
1.147498e+02
