2.973367e-01
5.268579e+02
2.390066e+01
2.808484e+01
2.214567e+01
1.490939e+02
1.581459e+00
1.173634e-04
1.554625e-03
3.531980e-04
3.590361e+00
1.481036e+04
1.953806e+00
4.319422e-04
7.715212e-02
3.279829e-02
1.214337e-01
6.756484e+05
8.384261e-03
1.851780e+02
1.855371e-01
3.328852e+04
7.321460e+00
3.402701e+00
2.519079e-02
1.352376e-01
1.502460e+01
3.300354e+02
4.579558e+00
8.672079e+00
4.834365e-01
5.510220e+04
7.697817e+00
3.000540e+00
1.044873e+00
6.180869e+01
1.623005e+00
1.005807e-03
1.380998e-03
2.088164e-04
1.045097e+01
1.010997e+04
4.985624e-04
1.063666e+02
5.150640e+00
7.723781e-03
4.175734e-01
3.833489e-02
4.214574e-01
8.874358e+02
9.210221e-02
3.233469e+02
9.734394e-02
7.195161e-02
1.638159e-03
1.978978e+01
4.663058e-01
1.413116e-01
4.941248e+00
2.652446e+01
1.487846e-02
1.919430e+01
1.645949e-01
1.179218e+00
2.880260e+00
8.189308e-04
1.416282e-03
3.782283e-03
7.485818e-05
8.630419e-03
2.522484e-01
8.178710e-05
2.336089e-02
2.340699e+00
1.500818e+02
