9.145470e-02
2.230192e+02
2.188477e+01
5.270657e+01
2.411538e+01
1.628366e+02
1.529186e+00
1.748957e-04
8.425885e-03
9.606421e-04
7.103236e+00
1.606027e+04
2.232174e+00
2.117285e-03
2.423578e-02
3.869361e-02
7.184591e-01
2.283893e+05
1.712661e-02
2.431755e+02
2.948410e-01
3.887638e+04
8.226484e+00
1.496784e+00
7.502533e-03
2.444649e-01
3.273301e+01
5.540159e+02
1.033894e+00
6.300564e+00
2.529917e-01
4.208716e+04
7.379059e+00
2.270316e+01
2.467133e-01
3.447367e+02
2.071607e+00
2.062257e-03
7.608563e-04
6.417093e-05
2.470980e+00
6.879753e+03
1.568840e-03
2.145392e+02
1.193271e+00
3.340364e-02
1.473512e+00
4.651378e-02
2.225204e-01
4.744853e+03
2.184295e-02
8.410522e+03
3.050268e-01
1.303132e-02
1.898405e-03
2.414660e+01
1.086827e+00
3.021771e-01
1.720993e+00
1.186885e+01
7.634196e-03
4.148074e+00
1.701002e+00
3.193038e-01
2.995152e+00
2.496714e-04
2.791631e-03
7.807304e-04
6.510568e-06
3.575935e-03
4.174077e-01
2.852375e-05
8.843681e-03
2.631099e+00
2.551781e+02
