3.831029e-01
1.992906e+03
2.654060e+01
7.993981e+01
1.067420e+01
2.008996e+02
2.065739e+00
3.528886e-04
1.682636e-03
5.210200e-04
2.957175e+00
2.164035e+04
1.262432e+00
7.467411e-04
4.020522e-02
4.415128e-02
1.485853e-01
1.570865e+06
3.316517e-03
2.488523e+02
3.408974e-01
5.754389e+04
1.370426e+01
3.766757e-01
1.145326e-01
5.880730e-02
2.231794e+01
5.224245e+02
4.552538e+00
1.979543e+01
2.626225e-01
1.689997e+04
4.393013e+00
2.101954e+00
2.959676e-01
1.619422e+02
1.975105e+00
2.953048e-03
1.196798e-03
7.340326e-05
9.513979e+00
1.304669e+04
1.843574e-03
7.739054e+01
1.331454e+00
9.036534e-02
3.489767e+00
6.160463e-02
1.344202e+00
3.494761e+03
8.471432e-02
1.550868e+03
3.273666e-02
4.024047e-02
1.765737e-03
2.998959e+01
4.330159e-01
8.396660e-02
2.954542e+00
1.814378e+01
1.486450e-02
1.033173e+01
2.118426e+00
2.031942e+00
1.544019e+00
1.128906e-04
3.433497e-03
2.474513e-03
5.272197e-05
2.448751e-02
8.529546e-02
3.886941e-05
7.225752e-03
1.287840e+00
2.322958e+02
