1.517053e-01
1.231229e+03
9.623332e+00
1.581687e+01
9.332820e+01
3.620720e+01
3.315078e+00
3.350147e-04
8.992921e-03
3.137272e-04
9.803877e+00
1.286078e+04
1.647246e+00
7.850836e-04
8.217875e-02
7.254653e-02
8.854626e-02
3.678480e+05
3.851404e-02
1.087188e+03
2.891356e-01
2.951607e+05
8.016281e+01
2.282784e+00
1.231904e-01
2.161568e-01
1.270892e+02
1.498377e+03
1.800085e+00
1.499181e+00
4.700474e-01
2.563489e+03
5.211059e+01
7.245243e+00
1.799936e-01
2.909178e+01
2.649045e+00
1.296597e-03
2.043795e-03
8.431151e-05
5.520986e+00
3.768975e+03
5.426794e-03
5.285524e+03
1.368164e+01
3.308647e-01
1.571896e+00
6.015779e-02
8.369456e+00
2.255175e+04
2.745123e-02
1.203694e+03
2.864188e-02
7.653769e-03
1.339239e-03
2.604423e+01
7.294519e-01
1.327291e-01
4.118298e+00
2.356031e+02
8.166709e-03
1.934628e+01
7.034510e+00
5.234934e+00
2.000892e+00
1.343034e-03
2.652076e-04
2.172928e-03
3.531371e-05
1.404102e-02
7.973757e-02
1.301311e-04
1.098984e-01
1.217767e+00
2.938092e+02
