2.536973e-01
2.743161e+03
2.090425e+01
9.849147e+01
1.126961e+02
8.628628e+02
1.559265e+00
8.425763e-05
2.874238e-03
1.999315e-03
1.414719e+01
4.907660e+04
4.759954e+00
1.397971e-04
3.248524e-02
2.585195e-02
9.405913e-01
1.278979e+06
1.440510e-02
4.873501e+01
1.689194e-01
5.788927e+04
4.397793e+01
6.431387e-01
1.166113e-01
2.909803e-02
8.688084e+01
1.599305e+03
6.049457e+01
2.124494e+01
1.758462e+00
1.880287e+05
1.848664e+01
7.390135e+00
6.952654e-01
1.372497e+02
2.270418e+00
3.673018e-03
5.160564e-04
2.300963e-05
2.507817e+00
1.640290e+04
2.428755e-04
9.484065e+02
1.037418e+00
1.364036e-02
1.337969e-01
3.023357e-02
1.546784e+00
2.146387e+03
4.175178e-01
1.304179e+03
3.154900e-01
1.679026e-02
9.760736e-04
7.749238e+00
4.797405e-01
1.392031e-01
2.115918e+00
1.127779e+01
3.105011e-02
3.199137e+01
2.663056e+00
3.582062e+00
1.113857e+00
6.030356e-05
1.911617e-03
9.007692e-03
1.195407e-05
8.531612e-03
9.635902e-01
1.777978e-04
1.474162e-02
1.269394e+00
2.878039e+02
