9.372138e-02
1.035042e+03
5.423297e+00
1.630490e+01
1.033124e+02
2.111598e+01
3.392992e+00
2.528164e-04
8.176173e-03
2.161831e-04
8.859081e+00
1.156652e+04
1.149767e+00
3.947183e-04
3.927940e-02
7.103207e-02
8.025806e-02
2.351027e+05
2.877464e-02
1.162556e+03
2.691614e-01
2.364436e+05
5.220776e+01
3.079864e+00
1.605910e-01
4.678882e-01
8.558026e+01
2.113693e+03
1.229440e+00
1.839810e+00
3.243309e-01
2.134601e+03
5.678182e+01
7.947253e+00
1.583200e-01
5.909759e+01
2.763887e+00
1.062671e-03
3.588804e-03
4.943009e-05
4.523478e+00
2.720589e+03
3.907942e-03
4.625564e+03
1.625080e+01
4.950362e-01
1.290997e+00
5.349896e-02
7.860375e+00
2.470376e+04
2.168146e-02
9.369140e+02
2.057209e-02
5.766825e-03
7.630975e-04
1.659910e+01
9.963231e-01
1.344281e-01
4.459447e+00
2.056980e+02
9.704572e-03
3.545080e+01
9.234446e+00
4.967079e+00
2.034454e+00
1.082959e-03
1.901605e-04
2.053909e-03
3.805100e-05
1.062442e-02
7.552081e-02
1.059272e-04
6.567084e-02
1.308087e+00
3.487410e+02
