1.937347e-01
3.709987e+02
5.447409e+01
8.295561e+01
1.043962e+02
5.263200e+01
1.794807e+00
1.569072e-04
5.807264e-03
1.338243e-03
3.842893e+00
2.596242e+04
2.899074e+00
7.273374e-04
1.122565e-02
3.579179e-02
4.136263e-01
3.495228e+06
9.433489e-03
2.087403e+02
7.876158e-01
1.849985e+04
3.209782e+01
2.985311e-01
2.654974e-02
5.461457e-02
3.007226e+01
2.106370e+03
5.182742e+00
2.543101e+00
3.640878e-01
1.826445e+04
4.198376e+01
2.165249e+01
1.383323e+00
2.651150e+02
2.103506e+00
3.533854e-03
8.991285e-04
3.812572e-04
1.146247e+01
2.051454e+04
2.526601e-04
5.310121e+02
7.370906e-01
8.393910e-02
2.763754e-01
2.222451e-02
9.300063e-01
1.125774e+04
2.613353e-02
2.026218e+03
6.653767e-02
1.107955e-01
3.871760e-03
3.619654e+01
1.727996e+00
1.140583e-01
4.411318e+00
3.118680e+01
5.391207e-03
6.504232e+00
1.971938e+00
5.322523e-01
1.303936e+00
4.692624e-04
2.409742e-03
4.106702e-03
2.379003e-05
1.969589e-02
4.893772e-01
3.291331e-05
2.234986e-02
1.404641e+00
2.392401e+02
