2.748550e-01
6.710719e+02
2.366668e+01
1.191702e+02
8.602994e+01
3.979721e+02
1.444659e+00
1.444641e-04
1.541354e-02
1.547839e-03
5.703043e+00
1.623316e+04
2.043987e+00
3.701089e-03
3.774053e-02
2.535111e-01
5.437952e-02
4.668113e+05
1.279863e-02
1.590022e+03
3.025868e-01
6.045003e+04
3.049139e+00
3.551583e-01
3.070949e-02
7.896239e-02
5.383204e+01
2.575980e+02
1.205547e+01
2.106736e+01
2.197991e+00
3.209482e+04
3.265953e+01
1.583003e+01
4.342091e-01
3.403110e+01
1.615936e+00
1.816322e-03
1.319710e-03
2.656031e-05
7.109434e+00
9.532646e+03
5.353862e-04
6.576656e+02
1.835919e+00
1.574421e-01
5.001540e-01
2.251277e-01
2.369745e+00
1.587106e+03
4.701117e-02
1.421794e+03
2.389217e-01
6.226745e-02
9.444926e-03
2.746546e+01
6.989708e-01
5.617652e-01
1.352404e+00
1.229155e+02
1.707706e-02
6.241409e+00
8.743903e-01
7.963950e-01
2.248018e+00
3.833125e-04
5.199348e-04
9.509546e-03
5.352825e-05
9.681837e-02
4.748378e-01
6.527667e-05
4.682920e-02
1.983468e+00
2.175488e+02
