1.867299e+00
1.122717e+03
1.546931e+01
5.596134e+01
5.034896e+01
1.630846e+03
2.511034e+00
8.209433e-05
2.259300e-03
8.298501e-03
1.322122e+01
7.654335e+04
1.600605e+01
9.120621e-03
4.100244e-02
1.844754e-01
2.021151e-02
1.766109e+05
2.108775e-02
4.203879e+02
1.356228e+00
1.093235e+05
3.938900e+01
1.022761e-01
5.850588e-02
5.248963e-02
2.583062e+00
1.332259e+03
4.379832e+00
5.787176e+00
3.297536e-01
6.679055e+04
1.181251e+02
4.363735e+00
2.209751e-01
1.320285e+02
1.798948e+00
4.607353e-03
6.862450e-04
1.288094e-04
2.494310e+00
1.608843e+04
1.915297e-04
1.632237e+02
1.097699e+01
1.874913e-02
2.751776e+00
2.563708e-02
1.806166e+00
9.477794e+03
7.076688e-02
2.561489e+02
2.768365e-01
4.405512e-02
1.298982e-03
7.220833e+01
1.444452e+00
4.176194e-02
1.216184e+01
7.662653e+01
1.069747e-01
5.960351e+01
8.028023e-01
3.108359e-01
1.471175e+00
2.339653e-04
8.771383e-04
4.405987e-04
1.248865e-05
1.237284e-01
4.921106e-01
6.281718e-05
7.055290e-03
2.198159e+00
8.547979e+01
