2.063494e-01
2.760438e+02
1.538995e+02
2.324426e+02
1.530470e+02
3.488762e+01
1.125499e+00
2.180891e-04
1.043485e-02
8.739790e-04
1.210962e+01
3.353131e+05
1.765851e+00
4.615027e-04
1.735208e-02
5.097217e-02
1.074050e-01
8.291906e+05
3.661309e-03
1.600312e+03
5.930118e-02
2.465727e+04
1.115895e+00
2.921974e-01
1.287316e-02
2.222625e-02
5.255683e+00
4.533640e+02
1.972843e+01
1.197958e+01
3.705720e+00
3.382648e+04
8.131365e+00
8.160553e+01
5.711821e-01
1.464783e+02
3.654645e+00
1.017435e-03
2.427053e-03
1.438846e-05
2.710287e+00
1.582756e+04
1.205817e-04
4.178478e+02
3.957560e+00
3.888983e-01
7.124006e-01
6.700466e-01
4.311856e-01
5.126291e+02
4.859034e-02
3.604027e+02
2.008707e-01
1.822244e-01
8.093056e-03
9.074300e+01
2.806741e+00
4.454440e-02
5.432285e+00
9.280779e+01
3.252075e-03
1.712095e+01
1.665129e+00
1.612499e-01
2.955636e+00
1.930613e-03
5.249037e-03
6.463502e-03
1.789752e-04
2.424391e-03
4.358497e-01
3.081321e-04
6.155777e-03
1.287043e+00
1.863115e+02
