1.776631e-01
2.771915e+02
2.115360e+01
1.918806e+01
2.138345e+01
1.554993e+02
1.624184e+00
1.069470e-04
3.222941e-03
7.562110e-04
1.408826e+00
3.471278e+04
2.280044e+00
7.588633e-04
2.854827e-02
8.521840e-03
4.313798e-02
1.628188e+05
1.566448e-03
9.152753e+01
2.015012e-01
1.433544e+04
2.134594e+01
8.933910e-01
1.065863e-02
4.183549e-02
1.033630e+01
3.146041e+02
1.315002e+00
1.100202e+01
1.172681e-01
6.354621e+03
4.429285e+01
6.356364e+00
1.158405e-01
6.237469e+01
1.581747e+00
1.536935e-03
1.002205e-03
1.912423e-05
2.228066e+00
4.199754e+03
1.359310e-04
3.373978e+02
8.949657e-01
2.167735e-02
2.770056e-01
1.379620e-01
1.669210e-01
1.086807e+03
4.259219e-02
1.719081e+02
8.530118e-02
1.508658e-02
3.668471e-04
5.446482e+00
1.169181e-01
1.201185e-01
4.600284e-01
5.811478e+00
9.972372e-03
2.164468e+00
2.065406e-01
1.127804e+00
1.923922e+00
2.914772e-04
5.681672e-04
1.804233e-03
1.930523e-05
4.758372e-02
5.577210e-01
1.026008e-04
5.805156e-03
1.946448e+00
2.074264e+02
