1.585846e-01
2.907655e+02
2.824347e+01
5.199173e+00
4.587394e+00
3.982021e+01
1.019713e+00
4.987391e-04
4.218247e-03
9.430604e-04
2.976491e+01
3.996649e+03
2.532598e+00
2.891946e-04
5.129205e-03
1.008252e-01
2.371505e-01
1.910847e+06
1.776784e-03
5.235721e+02
2.955380e+00
5.937740e+04
3.308548e+01
2.446351e+00
3.082482e-03
4.428320e-02
7.044037e+01
2.033290e+03
1.645491e+01
8.732492e+01
7.373726e-02
3.251692e+03
1.679053e+01
4.592165e+00
1.040090e-01
3.077576e+01
2.234151e+00
5.883359e-03
5.444586e-04
3.433769e-05
4.064368e+00
5.127323e+03
6.497167e-05
1.284619e+02
2.019867e+00
6.427438e-02
3.520404e-01
5.085939e-01
2.197761e-01
5.198423e+02
7.342657e-01
2.661637e+02
4.808420e-02
3.560636e-02
7.774938e-03
1.447120e+01
2.864440e-01
2.230100e-01
3.120658e+00
7.003193e+00
1.524183e-01
2.144868e+01
1.862961e+00
1.362470e+00
1.134314e+00
1.256705e-04
1.305245e-03
9.271141e-03
2.355568e-05
4.299867e-03
2.114631e+00
1.404494e-05
4.616324e-03
1.145530e+00
1.670704e+02
