1.923910e+00
5.862020e+02
1.338363e+01
5.743775e+01
9.692891e+00
5.265102e+01
1.682885e+00
1.086439e-04
1.317777e-03
1.300059e-03
2.147886e+01
5.573128e+03
2.126150e+00
3.199827e-04
8.419648e-03
7.093363e-03
1.683456e-02
3.021165e+06
1.051395e-03
5.987078e+01
2.211046e-01
7.095926e+04
2.069925e+00
1.857541e-01
2.751133e-03
1.241421e-01
6.419311e+00
4.614474e+02
5.920316e+01
1.607857e+01
5.564173e-01
1.220131e+04
5.116268e+00
2.610194e+01
2.719916e+00
9.178963e+02
2.748628e+00
6.969432e-04
3.159740e-03
3.450637e-05
2.724617e+01
1.071698e+03
1.588442e-04
8.569848e+02
2.972427e-01
1.413862e-01
2.856194e+00
7.484505e-01
1.804526e+00
1.595479e+03
5.470033e-02
2.844490e+02
7.953096e-03
7.949622e-02
8.167130e-03
5.483417e+00
4.958610e-01
1.588261e+00
6.155628e+00
7.895740e+01
3.674867e-02
1.654372e+01
9.002443e+00
1.840643e+00
1.207544e+00
3.683716e-04
3.595443e-04
1.907101e-02
1.033904e-04
2.119740e-02
2.650177e+00
1.038625e-05
2.520292e-02
2.487913e+00
4.658929e+01
