1.841146e-01
5.049322e+02
2.836725e+01
1.017290e+01
1.186295e+01
3.659639e+01
1.997614e+00
2.592727e-04
2.053059e-03
1.215310e-03
9.378267e+00
3.821630e+04
1.117700e+00
7.613479e-04
6.253269e-03
6.030783e-02
1.482609e-01
4.928398e+05
8.182223e-03
1.500775e+03
8.745225e-01
3.836505e+04
2.080368e+01
1.145535e+00
1.407629e-02
4.227979e-02
2.139971e+01
1.710668e+02
7.310295e+00
2.221164e+01
5.381563e-01
1.474460e+04
1.369852e+01
2.353076e+01
4.909177e-01
1.891735e+02
1.532124e+00
4.770011e-03
7.626187e-04
4.144359e-05
1.087428e+01
2.000067e+04
5.930760e-04
2.162744e+02
2.248569e+00
1.001961e-01
1.020880e+00
3.402244e-02
7.441390e-01
2.434171e+03
2.614424e-02
2.352381e+02
3.082975e-02
2.196002e-01
2.572795e-03
2.860881e+00
8.281945e-01
3.561056e-01
5.565111e+00
5.660454e+01
7.865231e-03
6.771307e+00
1.054366e+00
1.602570e+00
1.829754e+00
1.260826e-04
1.464691e-03
7.008798e-03
5.413790e-05
2.322481e-02
1.131063e+00
4.856316e-05
1.063417e-02
3.015618e+00
2.204507e+02
