2.003999e-01
2.398202e+03
3.606836e+01
6.127201e+01
1.109772e+01
2.441497e+01
1.702622e+00
5.627355e-04
1.762606e-03
4.232529e-04
1.401765e+01
1.662036e+04
7.428105e-01
1.966882e-04
3.128349e-03
8.049616e-02
2.401118e-01
2.254320e+05
1.135547e-02
4.749774e+02
1.697475e+00
7.291962e+04
2.945472e+01
2.409470e+00
2.277267e-02
6.724027e-02
1.135584e+01
2.105649e+02
6.385288e+00
3.894595e+01
2.698387e-01
4.732351e+04
9.290976e+00
8.218338e+00
7.203289e-01
9.105019e+01
1.110201e+00
2.889111e-03
6.505874e-04
4.264750e-05
5.949739e+00
8.242215e+03
7.417427e-04
3.513523e+02
1.720390e+00
1.997131e-01
2.829264e+00
1.411862e-01
1.437046e+00
4.404022e+03
2.024850e-02
4.423518e+02
3.840283e-02
4.126933e-01
6.161396e-03
3.193472e+00
5.377838e-01
1.288357e+00
1.495517e+01
2.985192e+01
3.066069e-02
3.370811e+00
7.015062e-01
1.533294e+00
1.412528e+00
3.051522e-04
9.957089e-04
1.278834e-02
4.859667e-05
1.458435e-02
3.543435e-01
9.282713e-05
1.430801e-02
2.246460e+00
4.318130e+02
