1.404504e-01
4.936699e+02
2.424366e+01
8.720760e+00
8.915051e+00
3.270428e+01
1.913465e+00
2.904707e-04
1.253619e-03
9.829854e-04
1.024506e+01
3.715996e+04
1.016486e+00
5.273192e-04
6.896044e-03
6.216238e-02
1.959126e-01
3.822514e+05
7.427098e-03
1.356087e+03
7.963656e-01
6.435461e+04
1.504230e+01
1.502543e+00
1.764364e-02
4.700455e-02
1.409357e+01
1.822082e+02
5.815702e+00
2.945851e+01
4.789096e-01
2.011135e+04
9.576348e+00
1.446652e+01
5.886147e-01
1.259476e+02
1.381129e+00
4.457611e-03
7.105133e-04
4.329508e-05
1.193017e+01
2.448980e+04
4.077438e-04
1.903310e+02
2.221283e+00
1.258910e-01
8.061743e-01
3.935052e-02
9.970784e-01
3.533827e+03
3.282721e-02
3.471343e+02
3.075855e-02
1.814195e-01
3.320955e-03
2.171824e+00
9.523973e-01
3.787423e-01
4.831060e+00
6.832879e+01
7.741560e-03
6.462589e+00
7.005765e-01
1.335854e+00
1.674909e+00
1.724068e-04
1.704072e-03
4.821611e-03
5.808661e-05
1.568522e-02
7.649541e-01
7.236452e-05
1.590335e-02
2.804293e+00
2.753663e+02
