1.735472e-01
6.128023e+02
2.863328e+01
9.029265e+00
1.026172e+01
2.209179e+01
2.038991e+00
2.697905e-04
2.051850e-03
1.147538e-03
1.953399e+01
3.657137e+04
8.934889e-01
4.880861e-04
4.879043e-03
6.329939e-02
1.633956e-01
3.870906e+05
1.309926e-02
9.962851e+02
1.055924e+00
5.708703e+04
1.497363e+01
1.675053e+00
1.631366e-02
8.013491e-02
2.170061e+01
1.393971e+02
8.982454e+00
3.182648e+01
5.021799e-01
1.572274e+04
1.615540e+01
2.170008e+01
8.613057e-01
1.855376e+02
1.602186e+00
5.198099e-03
7.455727e-04
3.640293e-05
1.169855e+01
1.910299e+04
4.884856e-04
2.587720e+02
2.594107e+00
2.283249e-01
1.416406e+00
6.199161e-02
1.353521e+00
2.688884e+03
2.465189e-02
3.237532e+02
2.129158e-02
2.688995e-01
3.395911e-03
2.294774e+00
8.752329e-01
5.093873e-01
2.387760e+00
5.211270e+01
1.551421e-02
6.381755e+00
6.998806e-01
1.919083e+00
1.556489e+00
1.712513e-04
9.948446e-04
6.576174e-03
6.053976e-05
8.812232e-03
1.138758e+00
5.367396e-05
1.536231e-02
2.819694e+00
3.113006e+02
