1.319471e-01
6.745500e+02
2.588746e+01
9.636707e+00
8.011342e+00
2.820396e+01
2.114004e+00
3.581629e-04
1.515839e-03
1.126468e-03
1.668758e+01
3.676393e+04
1.084994e+00
3.307178e-04
3.677423e-03
6.980410e-02
1.756463e-01
4.765477e+05
1.000326e-02
1.725947e+03
8.406575e-01
6.642044e+04
1.737387e+01
1.561571e+00
2.834794e-02
6.087421e-02
1.642656e+01
1.918905e+02
6.930283e+00
3.769053e+01
7.302713e-01
2.315868e+04
1.115172e+01
2.381123e+01
7.585555e-01
1.719293e+02
1.572318e+00
4.919962e-03
8.883836e-04
3.257026e-05
1.470071e+01
2.611095e+04
3.873570e-04
2.180780e+02
2.462884e+00
2.052980e-01
1.515586e+00
6.124912e-02
1.328919e+00
3.785232e+03
2.865350e-02
3.494915e+02
2.292327e-02
2.577639e-01
3.297173e-03
2.342998e+00
1.376102e+00
4.100617e-01
4.152113e+00
6.975120e+01
9.940311e-03
6.901490e+00
7.796421e-01
1.702638e+00
1.512357e+00
1.888039e-04
1.340239e-03
7.473143e-03
1.088814e-04
1.658886e-02
1.308669e+00
6.419706e-05
1.991390e-02
2.922429e+00
3.062645e+02
