3.056746e-01
5.446657e+02
3.494722e+01
5.725707e+00
5.436977e+00
2.350914e+01
1.054195e+00
3.582986e-04
1.711119e-03
1.515539e-03
2.349502e+01
9.457796e+03
3.159927e+00
4.824038e-04
6.960249e-03
9.932810e-02
4.018172e-01
4.018649e+06
2.196432e-03
4.272721e+02
4.912070e+00
4.903584e+04
2.693207e+01
3.222270e+00
4.274804e-03
6.159312e-02
1.050065e+02
2.302052e+03
1.605685e+01
6.053500e+01
8.910842e-02
6.461750e+03
2.323636e+01
6.278586e+00
1.258572e-01
8.161930e+01
2.547542e+00
4.679701e-03
6.284882e-04
5.912198e-05
2.290925e+00
2.620890e+03
5.973150e-05
1.135996e+02
3.438262e+00
8.393121e-02
7.620049e-01
4.208816e-01
2.637744e-01
4.808483e+02
7.671746e-01
2.165456e+02
6.086702e-02
3.124296e-02
1.092191e-02
2.428467e+01
2.556289e-01
5.581110e-01
6.967392e+00
1.649094e+01
1.636004e-01
5.373638e+01
1.752168e+00
2.626966e+00
1.146398e+00
2.095598e-04
1.853809e-03
2.048177e-02
9.847685e-06
3.961043e-03
3.969506e+00
1.684524e-05
4.040164e-03
1.171613e+00
1.713879e+02
