4.982753e-01
3.070415e+03
2.091014e+01
7.097659e+01
8.105030e+00
1.809188e+02
2.145397e+00
9.484386e-05
2.640473e-02
1.245747e-02
1.203523e+00
2.499368e+04
6.738816e-01
6.675795e-04
1.518313e-01
7.940202e-02
5.194317e-01
3.342013e+06
4.966766e-03
3.878377e+03
5.503461e-02
2.951607e+05
8.240473e+00
9.139399e+00
9.851590e-03
7.975885e-02
8.769884e+01
2.487794e+03
2.625720e+00
6.795969e+00
7.894549e-01
2.032066e+05
2.234187e+01
7.570056e+00
6.552142e+00
1.047258e+02
1.697583e+00
1.591830e-03
2.529258e-03
5.995976e-05
1.616001e+01
4.479681e+04
2.180771e-03
5.285524e+03
1.183855e+00
2.157678e-02
1.319570e+00
8.972685e-02
2.074438e+00
3.404534e+04
3.046779e-02
1.067238e+03
6.908124e-02
7.560225e-02
7.079376e-03
1.104197e+02
8.746115e-01
3.144705e+00
2.335459e+01
2.797200e+01
5.115737e-02
2.075891e+00
2.083323e+00
1.094359e+00
1.374514e+00
4.177437e-04
9.541277e-03
2.238198e-03
3.500000e-04
3.954296e-02
1.325678e+00
4.130000e-04
5.449703e-02
1.697594e+00
1.905957e+02
