3.903984e-01
1.677808e+03
2.210319e+01
2.812770e+01
1.041892e+01
6.956954e+01
1.825327e+00
5.275940e-05
2.286551e-02
7.914889e-03
9.602299e-01
1.727984e+04
5.606343e-01
4.703760e-04
7.680264e-02
4.268699e-02
4.604706e-01
2.952449e+06
3.573365e-03
2.774610e+03
6.987191e-02
1.137304e+05
7.339876e+00
8.676893e+00
7.546252e-03
6.486416e-02
6.907804e+01
2.328368e+03
1.738065e+00
4.510423e+00
8.235524e-01
1.864639e+05
2.714012e+01
3.468473e+00
4.872688e+00
3.843873e+01
1.557540e+00
1.393796e-03
1.534199e-03
2.253705e-05
9.269337e+00
2.579715e+04
1.128428e-03
4.214865e+03
7.795819e-01
1.601792e-02
1.047190e+00
6.077109e-02
1.726416e+00
2.063245e+04
1.077052e-02
7.635806e+02
9.177044e-02
4.418754e-02
3.702829e-03
1.171772e+02
5.965889e-01
2.209414e+00
1.841528e+01
1.761513e+01
8.065021e-02
2.633933e+00
2.455028e+00
1.306699e+00
1.398185e+00
2.420527e-04
6.420693e-03
1.628044e-03
2.018428e-04
1.756477e-02
8.650688e-01
2.580906e-04
4.134606e-02
1.751194e+00
2.105642e+02
