1.660340e-01
2.073378e+03
3.783490e+01
5.595686e+01
1.264276e+01
2.527280e+01
1.629614e+00
6.108896e-04
1.788946e-03
3.945797e-04
1.794216e+01
1.887490e+04
6.938947e-01
1.642380e-04
4.180696e-03
7.798796e-02
2.018105e-01
2.066119e+05
1.372596e-02
6.413950e+02
1.938200e+00
7.675175e+04
4.667988e+01
3.075514e+00
2.815128e-02
5.903390e-02
1.191507e+01
1.900372e+02
6.729724e+00
4.537163e+01
3.231856e-01
4.129506e+04
8.582240e+00
6.302570e+00
8.185914e-01
1.093192e+02
1.079935e+00
3.485893e-03
5.901507e-04
4.886735e-05
5.785783e+00
1.225420e+04
7.088130e-04
3.649038e+02
1.538070e+00
1.747647e-01
3.934919e+00
1.342715e-01
1.700452e+00
3.300740e+03
2.320141e-02
4.994160e+02
3.840097e-02
3.544052e-01
6.227029e-03
2.644980e+00
5.778413e-01
1.124803e+00
1.349240e+01
2.965144e+01
2.720478e-02
3.829551e+00
8.413000e-01
1.681742e+00
1.527190e+00
3.105496e-04
1.167862e-03
1.276205e-02
4.736784e-05
1.600757e-02
3.802806e-01
1.295105e-04
1.510510e-02
2.547465e+00
4.332270e+02
