2.854191e-01
2.339560e+02
1.812582e+01
2.322571e+01
2.071108e+01
2.192705e+02
1.739452e+00
1.656795e-04
3.510982e-02
3.267160e-03
9.419523e+00
4.873349e+04
7.082999e-01
3.864319e-04
1.571180e-02
3.377126e-02
1.304443e-01
5.348450e+05
9.445381e-03
9.779516e+02
5.584670e-01
3.821090e+04
8.715609e+00
3.450925e-01
2.971105e-02
9.329761e-02
2.067148e+01
3.526893e+02
5.452694e+00
7.691224e+00
9.909869e-01
7.453986e+03
6.400922e+01
3.765631e+00
7.872390e-01
1.503924e+02
1.717882e+00
5.318763e-03
4.587642e-04
2.180697e-05
5.429900e+00
5.373731e+03
5.024044e-04
1.224624e+02
1.583719e+00
3.707259e-02
3.463861e-01
1.342221e-01
5.954354e-01
1.003257e+03
5.790182e-02
1.011804e+03
1.365665e-01
3.206895e-02
1.678310e-03
5.842205e+00
4.467048e-01
1.595020e-01
3.766694e+00
1.335138e+01
1.264371e-02
8.205863e+00
8.630757e-01
9.839989e-01
1.342666e+00
1.395295e-04
1.369898e-03
2.709885e-03
4.266418e-05
1.428851e-02
2.273112e-01
1.440834e-05
5.224969e-03
1.702716e+00
1.308620e+02
