3.747663e-01
6.468758e+02
1.876474e+01
3.502415e+01
1.495776e+01
1.812639e+02
1.907729e+00
1.168979e-04
4.985255e-03
2.183817e-03
9.382634e+00
6.389255e+04
1.258238e+00
6.135683e-04
1.936797e-02
7.573989e-02
6.080764e-02
8.108493e+05
1.068471e-02
5.264389e+02
4.761017e-01
5.299413e+04
9.048594e+00
1.065472e+00
1.026276e-02
7.357674e-02
4.043644e+01
2.456285e+02
6.531034e+00
1.937082e+01
2.731360e-01
3.805433e+04
7.731468e+00
1.091118e+01
9.458893e-01
2.329894e+02
1.525982e+00
1.834630e-03
8.418543e-04
4.289191e-05
6.352215e+00
6.109567e+03
2.267004e-04
3.625854e+02
3.416198e+00
1.666587e-01
3.238107e-01
1.395478e-01
2.123736e+00
2.407777e+03
8.803107e-02
7.127758e+02
9.603070e-02
6.368120e-02
2.399563e-03
9.378963e+00
9.780507e-01
3.256432e-01
2.401208e+00
3.258432e+01
1.080567e-02
6.009936e+00
1.059141e+00
8.819644e-01
1.328469e+00
2.564125e-04
2.126701e-03
2.649041e-03
4.815620e-05
1.497390e-02
4.004659e-01
3.313637e-05
7.798223e-03
2.022668e+00
1.526146e+02
