2.383434e-01
7.016498e+02
1.813352e+01
7.483087e+01
7.661738e+01
2.579329e+02
1.783409e+00
8.307523e-05
5.773176e-03
1.988046e-03
5.119851e+00
2.691411e+04
5.498774e+00
1.223128e-03
4.972008e-02
1.315190e-02
5.660368e-01
2.632607e+05
1.085558e-02
1.750143e+02
5.174776e-01
4.947983e+04
4.741780e+01
7.187614e-01
4.266709e-02
3.613948e-01
2.656382e+01
1.777426e+02
8.340113e+00
1.923766e+01
1.167902e+00
9.219654e+03
2.139301e+01
1.999499e+00
4.887995e-01
1.068738e+02
1.802285e+00
7.366818e-03
6.536763e-04
2.012299e-04
2.507758e+01
6.452347e+04
2.382707e-04
3.064638e+02
6.302936e-01
9.126865e-02
3.787434e+00
1.143102e-01
3.942961e+00
9.484543e+03
1.504403e-02
9.365436e+03
1.334168e-01
8.276884e-02
7.167857e-04
2.643316e+01
4.990222e-01
1.938429e-01
8.075309e-01
1.679440e+02
9.130971e-03
2.691323e+01
6.261117e-01
1.887043e-01
2.415278e+00
1.330689e-04
3.383975e-04
1.435519e-03
2.911741e-04
2.198860e-02
7.932839e-01
3.271366e-04
1.556186e-03
1.974212e+00
1.765737e+02
