2.014386e-01
3.467973e+02
2.191587e+01
2.639224e+01
2.861622e+01
1.643753e+02
1.486200e+00
7.092600e-05
3.282136e-03
9.469664e-04
5.108528e+00
6.005685e+04
1.837267e+00
1.008818e-03
4.345959e-03
2.247762e-02
1.226100e-01
2.879532e+05
3.485975e-03
3.035260e+02
6.454206e-01
6.056621e+04
1.049519e+01
1.388560e+00
4.016285e-02
8.335651e-02
8.189745e+00
6.617940e+02
4.632605e+00
1.883427e+01
3.181639e-01
3.091344e+04
3.178603e+01
3.631348e+01
4.899132e-01
1.875595e+02
2.284725e+00
3.224183e-03
7.196274e-04
8.222037e-05
4.633424e+00
1.867464e+04
5.036422e-04
1.391690e+03
8.204581e-01
1.220500e-01
3.822180e-01
2.890082e-01
8.766662e-01
1.223470e+04
3.192414e-02
2.472376e+03
3.660404e-02
6.030649e-02
1.503668e-03
1.369308e+01
2.966438e-01
4.777610e-02
3.243915e+00
1.895223e+01
7.952907e-03
3.293223e+00
1.226762e+00
2.681701e-01
2.201371e+00
2.262967e-04
9.200526e-04
2.088130e-03
2.607976e-05
1.182322e-02
3.508186e-01
2.639742e-05
7.238468e-03
1.588935e+00
1.700604e+02
