4.280475e-01
9.812429e+02
1.440553e+01
2.735517e+01
8.725998e+01
4.722140e+02
1.956141e+00
8.159482e-05
5.727319e-03
1.047297e-03
9.365625e+00
8.688527e+04
2.235278e+00
7.164622e-04
2.646360e-02
8.399131e-02
3.935465e-01
1.578325e+06
1.861112e-02
5.742832e+02
6.124026e-01
9.922826e+04
5.170098e+00
8.112499e-01
5.404160e-02
1.539855e-01
1.188605e+01
7.961282e+02
3.192647e+00
1.042470e+01
3.301441e-01
5.947494e+04
1.054378e+01
2.322637e+01
7.030977e-01
9.568663e+01
3.211273e+00
2.441044e-03
9.540331e-04
1.721763e-04
7.790977e+00
2.489846e+04
1.145570e-03
7.986779e+02
1.375942e+00
9.586918e-02
3.407516e-01
8.694321e-02
2.729790e-01
1.777841e+04
1.959582e-01
5.435004e+02
3.564748e-02
7.881827e-02
1.940840e-03
4.287105e+01
1.846254e+00
1.168869e-01
3.159328e+00
9.329663e+00
1.563124e-02
1.441712e+01
2.401370e-01
2.447995e+00
1.515515e+00
3.684722e-04
3.502476e-04
5.154284e-04
4.402249e-05
1.434254e-02
1.215547e+00
8.858819e-05
3.312035e-02
2.326450e+00
1.277642e+02
