3.529370e-01
5.662721e+02
3.151426e+01
9.767622e+01
2.522309e+01
4.334901e+02
1.549536e+00
2.176946e-04
2.743783e-03
1.468016e-03
8.595473e+00
5.137832e+04
2.816258e+00
1.687637e-03
1.677486e-02
7.511755e-02
2.514893e-01
6.443917e+05
7.320307e-03
2.119483e+02
5.385783e-01
1.094731e+05
1.054428e+01
1.195013e+00
4.813982e-02
1.122979e-01
2.151345e+01
2.680567e+02
5.215582e+00
2.133601e+01
2.137156e-01
1.863168e+04
3.649000e+01
3.633075e+01
1.897798e+00
5.952977e+01
2.099455e+00
3.981523e-03
7.665007e-04
1.006827e-04
4.183224e+00
3.089559e+04
7.172834e-04
3.024927e+02
2.499236e+00
1.247451e-01
1.709803e-01
2.689140e-01
1.057169e+00
4.504769e+03
5.081249e-02
2.398326e+03
2.889791e-02
1.397529e-01
1.469855e-03
3.732478e+01
4.336099e-01
1.253484e-01
2.408188e+00
2.876489e+01
2.606449e-02
5.744773e+00
1.306256e+00
1.085643e+00
2.126334e+00
2.327162e-04
4.667806e-04
5.141939e-03
8.661137e-06
1.936263e-02
6.217060e-01
7.607090e-05
1.360055e-02
1.679407e+00
1.558618e+02
