7.319892e-01
1.475313e+03
1.514952e+01
8.843367e+01
2.576892e+02
6.406339e+01
1.659331e+00
1.720786e-04
2.574981e-03
1.311372e-04
3.269384e+00
1.940429e+05
1.251579e+01
1.591051e-04
2.495214e-02
6.515373e-02
5.890507e-01
2.800845e+05
6.709349e-03
4.716735e+01
1.177683e-01
1.167974e+05
1.180846e+01
3.292053e+00
7.482578e-02
8.741180e-02
1.923118e+00
8.974278e+02
7.629368e+00
5.586866e+01
8.184746e-01
6.069133e+03
1.379479e+00
2.526892e+00
3.097877e-01
1.171662e+03
2.958386e+00
1.552650e-03
2.798353e-03
1.859992e-05
3.779459e+01
9.767074e+03
1.066893e-04
3.824581e+02
2.909522e-01
9.917084e-02
5.927650e-01
5.995020e-01
8.305261e-01
1.001649e+03
6.762970e-02
1.113987e+03
4.425030e-02
1.535764e-02
8.651448e-03
3.614072e+00
1.785744e-01
7.810173e-01
6.651280e-01
3.706616e+01
3.849896e-02
1.409495e+01
8.017448e-01
1.025659e-01
2.357522e+00
1.306044e-03
6.458829e-04
3.331680e-04
6.743082e-05
5.028642e-02
1.279999e-01
9.932073e-05
1.244278e-01
1.532068e+00
9.043511e+01
