6.228859e-02
1.745894e+02
1.124406e+02
1.367637e+02
1.737731e+02
3.121743e+01
1.703626e+00
1.530197e-04
4.346129e-03
9.175457e-04
2.493504e+01
2.012165e+05
6.947779e-01
8.327458e-04
7.904746e-02
2.828463e-01
7.376674e-02
1.015913e+06
4.634301e-02
2.844200e+02
2.146667e-01
2.247818e+05
8.197470e+00
9.166759e-02
3.633708e-03
4.414404e-02
8.413203e+00
7.032118e+01
7.867873e+00
3.409501e+01
1.631181e+00
6.427745e+03
8.043632e+01
3.151892e+01
6.447967e+00
9.182080e+02
1.000000e+00
1.332700e-02
5.196180e-04
7.650000e-04
6.188706e+01
1.231197e+04
3.772546e-03
7.091865e+01
2.892151e+00
1.096220e-01
1.937411e-01
3.176807e-02
2.112091e-01
4.921406e+03
2.880453e-01
5.009851e+02
3.216260e-01
5.116820e-01
5.670512e-03
9.962441e+01
6.823420e+00
1.684280e+00
1.797382e+00
3.896393e+01
7.927482e-03
8.954970e+00
3.129863e+00
1.202389e-01
1.000000e+00
4.100652e-04
3.443106e-03
2.448164e-02
1.655075e-05
5.810418e-03
2.620259e-01
6.906968e-06
4.673271e-02
2.970094e+00
3.453632e+02
