3.147410e-01
4.754666e+02
2.516470e+01
2.952590e+01
4.228619e+01
6.854007e+01
2.174089e+00
1.948810e-04
3.931044e-03
1.092965e-03
4.384647e+00
7.174217e+03
2.119479e+00
1.548631e-03
3.183438e-02
8.471153e-02
1.981689e-01
5.142681e+05
1.042821e-03
1.066951e+02
1.328242e-01
9.892750e+04
3.135647e+00
9.037271e-01
5.477212e-02
2.298148e-01
9.021612e+00
4.631133e+02
7.089627e+00
4.472275e+00
1.277312e-01
1.661464e+04
4.891719e+00
9.109921e+00
4.337340e-01
2.929920e+02
2.577092e+00
7.378305e-04
1.124657e-03
4.611784e-05
6.602126e+00
7.337274e+03
5.323556e-04
8.577230e+02
3.404997e+00
2.637848e-02
2.892715e-01
1.646473e-01
4.119136e-01
1.032107e+03
4.338544e-02
2.980331e+02
2.032714e-01
7.624079e-02
1.481295e-03
2.340126e+01
5.742798e-01
8.859885e-01
1.200825e+00
2.443201e+01
2.858456e-03
2.190191e+00
7.452029e-01
1.624580e-01
1.532069e+00
4.642954e-04
9.108935e-04
1.375288e-03
6.790541e-05
1.357641e-02
2.201847e-01
3.031104e-05
1.399999e-02
2.257053e+00
1.475824e+02
