2.279392e-01
4.066866e+02
1.993776e+01
2.973238e+01
3.300941e+01
2.912452e+02
1.420790e+00
1.175924e-04
3.877826e-03
1.285858e-03
4.665718e+00
6.558859e+04
1.747392e+00
1.240410e-03
8.180596e-03
2.250882e-02
1.391076e-01
4.055796e+05
8.455022e-03
3.288138e+02
7.952027e-01
8.834757e+04
1.098450e+01
1.315931e+00
4.810702e-02
6.766751e-02
7.869959e+00
5.222466e+02
5.292189e+00
2.928326e+01
4.266009e-01
5.897020e+04
3.352809e+01
3.941330e+01
6.938714e-01
1.423881e+02
2.427885e+00
3.790308e-03
7.680081e-04
8.202591e-05
6.181907e+00
2.719125e+04
5.879498e-04
1.688174e+03
8.419819e-01
1.414886e-01
5.529738e-01
3.300992e-01
6.451415e-01
1.075035e+04
2.570680e-02
3.077030e+03
3.765399e-02
9.535513e-02
2.332386e-03
1.550557e+01
2.314731e-01
3.326757e-02
2.341611e+00
3.874172e+01
7.000282e-03
4.872501e+00
7.375449e-01
4.154043e-01
2.374882e+00
3.280755e-04
1.179197e-03
2.306810e-03
2.832080e-05
1.967237e-02
4.691969e-01
4.625964e-05
1.043235e-02
1.554620e+00
1.754758e+02
