3.049493e-01
4.828788e+02
3.068358e+01
9.455835e+01
2.572690e+01
4.946295e+02
1.518342e+00
1.867522e-04
2.735889e-03
1.805206e-03
7.939540e+00
3.887776e+04
2.624251e+00
1.772008e-03
1.844358e-02
7.357997e-02
2.776463e-01
6.588895e+05
7.066377e-03
1.492573e+02
5.393422e-01
1.100805e+05
1.055315e+01
1.255867e+00
5.093926e-02
1.246732e-01
2.457761e+01
2.808341e+02
4.680179e+00
1.715323e+01
2.186912e-01
1.993683e+04
3.556514e+01
3.208489e+01
2.066503e+00
6.423812e+01
2.045436e+00
3.765931e-03
7.104184e-04
9.381601e-05
4.336156e+00
3.062480e+04
7.556487e-04
2.934554e+02
2.512504e+00
1.291189e-01
1.941930e-01
2.790409e-01
1.076837e+00
3.899942e+03
4.643911e-02
2.666727e+03
3.128895e-02
1.243680e-01
1.541190e-03
3.863945e+01
3.431338e-01
1.141322e-01
2.294312e+00
3.727692e+01
1.949676e-02
6.159613e+00
1.234483e+00
9.222563e-01
1.997999e+00
1.617847e-04
5.021242e-04
5.068386e-03
9.184706e-06
1.965934e-02
6.130939e-01
7.434575e-05
1.338078e-02
1.759561e+00
1.560820e+02
