1.398651e-01
3.127066e+02
1.983681e+01
6.196625e+01
1.094422e+02
2.107028e+02
2.807473e+00
1.203066e-04
3.794517e-02
1.248159e-03
1.102927e+01
6.487324e+04
4.107159e+00
2.057228e-03
1.264143e-02
4.658196e-02
3.375174e-01
5.053974e+05
4.551088e-03
4.024372e+02
5.812199e-01
6.608810e+04
7.521176e+00
1.052531e+00
2.044670e-02
1.341053e-01
4.207904e+01
9.046985e+02
7.391374e+00
7.123504e+00
4.144169e-01
2.420173e+04
1.796344e+01
2.377875e+01
1.253520e+00
7.053252e+01
2.349987e+00
7.335978e-03
8.857389e-04
1.474573e-04
6.509714e+00
2.152627e+04
6.481462e-04
8.677490e+02
2.158462e+00
1.075550e-01
5.949723e-01
1.213564e-01
1.469150e+00
2.136088e+03
9.172844e-02
2.428687e+03
1.088642e-01
6.190453e-02
2.867427e-03
1.307201e+01
3.376416e-01
1.077073e+00
3.962808e+00
4.842614e+01
1.303024e-01
1.470337e+01
1.324532e+00
6.540773e-01
1.523151e+00
2.080986e-04
1.261024e-03
3.989029e-03
4.037184e-05
9.907659e-03
7.825467e-01
4.184988e-05
4.122495e-02
2.494762e+00
2.609368e+02
