3.175525e-01
2.709281e+02
1.860995e+01
1.857292e+01
5.166918e+01
1.773981e+02
1.956309e+00
9.175970e-05
5.004170e-03
1.776564e-03
1.144814e+01
1.925756e+04
3.481280e+00
2.699830e-03
2.266574e-02
5.018835e-02
3.542737e-01
7.718286e+05
4.756110e-03
5.399854e+02
2.312821e-01
3.504529e+04
2.606739e+01
1.401146e+00
7.664746e-02
1.449398e-01
1.604578e+01
6.198514e+02
8.478792e+00
2.185431e+01
8.043952e-01
1.492474e+04
1.589787e+01
3.087888e+01
7.423806e-01
2.982992e+02
1.942388e+00
2.683573e-03
9.076601e-04
5.391940e-05
1.781897e+01
5.578308e+03
4.666640e-04
6.462395e+02
1.761449e+00
1.275297e-01
2.700772e-01
1.431228e-01
9.033688e-01
3.736241e+03
1.855470e-01
9.119695e+02
6.045641e-02
7.525964e-02
7.465644e-04
1.111169e+01
5.040221e-01
7.346449e-02
1.032686e+00
2.767850e+01
1.400091e-02
9.890432e+00
9.130895e-01
4.642832e-01
2.441282e+00
3.479610e-04
4.080790e-04
4.172835e-03
2.057604e-05
1.517776e-02
3.326447e-01
4.276583e-05
9.739965e-03
1.411011e+00
1.166125e+02
