9.629564e-01
1.217824e+03
2.430334e+01
8.657015e+01
2.190950e+02
3.408934e+01
1.589131e+00
1.734026e-04
3.157151e-03
1.702944e-04
2.165499e+00
1.222460e+05
1.387736e+01
2.715956e-04
2.498723e-02
8.325350e-02
1.187305e+00
1.618283e+05
6.228749e-03
9.846009e+01
8.711026e-02
1.675705e+05
2.823810e+01
2.751657e+00
7.413790e-02
8.349978e-02
2.471514e+00
1.097316e+03
1.116087e+01
1.149882e+02
8.840864e-01
3.981433e+03
2.114033e+00
2.685031e+00
4.619984e-01
6.617875e+02
2.923887e+00
1.531350e-03
3.536739e-03
1.458775e-05
3.083847e+01
7.025262e+03
1.189057e-04
5.428586e+02
3.272416e-01
1.947848e-01
6.848534e-01
1.046612e+00
5.248394e-01
2.274145e+03
6.611180e-02
1.287088e+03
3.960608e-02
2.143804e-02
1.273027e-02
6.111414e+00
3.582358e-01
1.390004e+00
2.732087e-01
3.138212e+01
2.859811e-02
1.934387e+01
1.752715e+00
1.619509e-01
2.726334e+00
1.137750e-03
1.131464e-03
3.235727e-04
8.721796e-05
7.340235e-02
1.315056e-01
2.007699e-04
1.002235e-01
1.976930e+00
1.075955e+02
