2.403108e-01
1.404015e+02
5.780020e+00
6.503145e+00
6.217931e+01
1.558032e+03
3.712192e+00
1.142933e-04
2.177741e-03
2.335223e-03
1.398814e+00
1.749189e+04
8.790482e-01
3.817127e-04
9.118565e-03
2.741773e-01
1.232340e-01
7.463742e+05
1.224320e-03
7.881929e+01
3.913859e+00
1.169970e+05
1.306846e+01
3.580911e-01
1.066804e-01
1.143380e-01
3.736939e+00
2.554216e+03
1.959192e+00
2.316501e+00
9.546068e-02
2.251847e+04
9.868348e+00
1.104063e+01
2.543900e+00
8.453422e+01
3.328907e+00
1.500607e-02
3.699139e-04
7.353367e-04
4.850268e+00
4.293800e+04
4.892669e-03
2.450887e+03
6.618641e-01
3.720362e-02
9.946373e-02
2.552705e-01
9.327595e-01
2.702495e+03
6.658235e-02
2.745695e+02
7.044728e-01
1.752666e-01
1.845659e-04
1.104650e+01
1.586634e+00
1.611656e-01
3.529129e-01
1.471212e+01
7.338286e-03
3.075152e+00
1.485703e+00
9.204260e-02
2.050445e+00
8.497582e-05
4.948859e-03
4.885511e-03
1.126302e-05
8.715875e-02
9.857081e-02
8.211168e-06
1.745393e-02
3.370218e+00
9.874387e+01
