3.188679e-01
4.615265e+02
2.258373e+01
1.664443e+01
2.275516e+01
7.830027e+01
1.797905e+00
1.154608e-04
2.965802e-03
6.317893e-04
1.439350e+00
2.595369e+04
2.297671e+00
5.227774e-04
2.654256e-02
3.044928e-02
5.449888e-02
3.360252e+05
2.769807e-03
1.362736e+02
2.074446e-01
1.520006e+04
7.718836e+00
3.945145e-01
1.894763e-02
5.354482e-02
7.229503e+00
7.513059e+02
1.713648e+00
1.200639e+01
1.613158e-01
4.020195e+04
3.629511e+00
6.024967e+00
8.674968e-01
8.513054e+01
2.372297e+00
2.100678e-03
5.632217e-04
7.090718e-05
2.844953e+00
4.535969e+03
2.666640e-04
9.392846e+02
1.775921e+00
1.278081e-02
1.079198e-01
1.337975e-01
9.895841e-01
2.216613e+03
4.629801e-02
2.347860e+02
8.712610e-02
1.470430e-01
7.399286e-04
1.045255e+01
9.208020e-01
2.140205e-01
9.295048e-01
1.899571e+01
7.677117e-03
3.278155e+00
3.212511e-01
4.688115e-01
2.040198e+00
3.210992e-04
8.808274e-04
2.467981e-03
6.971536e-06
8.767332e-03
9.652013e-02
2.236209e-05
4.412993e-03
1.334122e+00
1.323725e+02
