3.136692e-01
5.637207e+02
1.786523e+01
2.993709e+01
3.519981e+01
3.434795e+02
1.371008e+00
1.257768e-04
3.399220e-03
1.147162e-03
4.878392e+00
6.109517e+04
2.120281e+00
1.074736e-03
9.101725e-03
2.350629e-02
1.589831e-01
3.929768e+05
7.517171e-03
3.733352e+02
6.240008e-01
7.209845e+04
1.224608e+01
1.783811e+00
5.228141e-02
6.781562e-02
7.053876e+00
6.146865e+02
4.811967e+00
2.869174e+01
3.924952e-01
5.947014e+04
3.765397e+01
3.169743e+01
6.510238e-01
1.626651e+02
2.584120e+00
3.299312e-03
8.994215e-04
6.620407e-05
7.676788e+00
2.782698e+04
5.610070e-04
1.656205e+03
1.003050e+00
1.443616e-01
5.549432e-01
3.625060e-01
6.020095e-01
1.070816e+04
2.608792e-02
3.317613e+03
4.123973e-02
8.967290e-02
2.295215e-03
1.487842e+01
1.728350e-01
3.503214e-02
2.145792e+00
3.094059e+01
6.737843e-03
5.689617e+00
7.445764e-01
4.873821e-01
2.618787e+00
3.614364e-04
1.056275e-03
1.717993e-03
2.783931e-05
1.862828e-02
4.689105e-01
5.781387e-05
9.927228e-03
1.474634e+00
1.658291e+02
