9.608821e-01
1.481276e+03
7.544190e+00
7.208986e+00
3.516318e+01
3.339940e+02
1.434424e+00
1.553150e-04
8.762908e-03
8.099106e-04
1.067218e+01
1.887294e+04
1.801358e+01
4.190640e-04
1.724910e-01
2.843467e-01
1.097220e-01
1.735991e+06
2.035379e-02
1.040245e+03
1.046851e-01
7.396877e+03
1.493492e+01
8.796040e-01
1.048639e-02
1.215588e-01
3.616134e+01
2.491094e+02
2.504048e+00
6.185666e+00
3.436669e-01
1.499473e+05
3.576962e+01
8.148376e+00
1.307371e+00
8.077743e+01
1.691047e+00
6.837270e-03
6.838265e-04
8.431785e-05
2.984836e+01
6.197150e+03
1.616333e-04
1.957295e+02
2.665181e+00
1.271331e-01
4.930806e+00
1.218269e-01
1.869146e-01
4.509824e+03
7.009736e-02
4.907214e+02
2.122276e-01
1.847684e-02
2.177487e-03
1.505397e+01
9.251587e-01
6.929085e-01
8.596156e-01
9.272262e+00
1.147104e-02
5.420210e+00
3.176470e+00
3.227154e-01
2.056820e+00
6.412698e-04
3.866464e-03
9.795364e-04
3.746562e-05
9.629834e-02
1.435898e+00
2.461794e-05
3.258350e-02
2.267718e+00
1.311827e+02
