7.517426e-01
1.135467e+03
3.697738e+01
3.796951e+01
2.119676e+02
5.010422e+01
1.732839e+00
1.086739e-04
6.290178e-03
1.100939e-03
6.536291e+00
3.035343e+04
2.235389e+00
8.274656e-03
2.150855e-02
2.635170e-02
7.097056e-01
1.799525e+05
3.019196e-03
5.918562e+01
2.368248e-01
2.461436e+04
6.377250e+00
1.386293e+00
1.317683e-02
1.293917e-01
8.421675e+00
3.424256e+02
3.427340e+00
1.934316e+01
7.871386e-01
1.471054e+04
1.430357e+01
2.578624e+01
1.409117e+00
1.506086e+02
2.867570e+00
1.111418e-03
1.157731e-03
5.159422e-05
6.081053e+00
2.232385e+03
3.925679e-04
2.442388e+03
1.229702e+00
3.332749e-02
4.470110e-01
3.429877e-02
1.119569e+00
2.293041e+03
5.882857e-02
2.374368e+03
8.753120e-02
3.070366e-02
1.311851e-03
1.801966e+01
4.205847e-01
2.710838e-01
3.232355e+00
7.973292e+00
7.968596e-03
1.244631e+01
6.807267e-01
2.850567e-01
1.963367e+00
1.751952e-04
1.385024e-03
3.299612e-03
2.108519e-05
2.228406e-02
5.157483e-01
3.665213e-05
3.950566e-03
1.934955e+00
1.365421e+02
