3.347632e-01
5.974321e+02
1.791789e+01
2.870845e+01
4.668704e+01
4.666621e+02
1.454739e+00
1.222035e-04
3.737839e-03
1.224219e-03
5.621018e+00
7.103778e+04
1.941615e+00
9.781772e-04
9.836086e-03
2.365845e-02
1.911475e-01
4.272431e+05
8.265954e-03
4.548762e+02
7.447717e-01
8.447118e+04
1.327854e+01
1.798292e+00
6.832456e-02
6.992750e-02
8.470211e+00
7.490191e+02
5.975778e+00
2.637928e+01
4.342980e-01
7.090266e+04
3.766791e+01
3.501561e+01
7.063508e-01
1.570330e+02
2.861051e+00
3.767412e-03
9.587843e-04
7.313317e-05
7.602134e+00
3.198161e+04
6.745053e-04
1.659579e+03
9.755749e-01
1.559579e-01
6.361017e-01
4.089433e-01
6.329462e-01
1.234197e+04
2.949273e-02
3.343865e+03
4.242198e-02
9.664319e-02
2.035816e-03
2.072186e+01
1.873451e-01
3.356802e-02
2.203136e+00
3.846020e+01
7.057365e-03
6.400813e+00
6.574332e-01
4.663502e-01
2.694995e+00
3.521843e-04
1.102600e-03
1.729812e-03
3.110543e-05
2.206310e-02
5.022757e-01
6.212968e-05
9.923104e-03
1.524611e+00
1.706567e+02
