5.329429e-01
3.070415e+01
1.047759e+01
9.321861e+01
5.402065e+01
6.090289e+02
1.515279e+00
7.369469e-05
3.668970e-02
7.500246e-03
9.076123e-01
1.265326e+05
2.016380e+00
4.949062e-04
4.948884e-03
8.453187e-03
1.576787e+00
1.814514e+06
1.305527e-02
1.711818e+02
9.122781e-01
4.774448e+04
4.865010e+01
1.214361e+00
3.538821e-03
1.155275e-01
2.239487e+01
6.616244e+02
1.634020e+01
1.298750e+02
1.307285e+00
9.499657e+04
7.297588e+00
1.542182e+01
1.269645e-01
6.124748e+01
2.120309e+00
9.027991e-03
1.388773e-03
1.408382e-04
2.597298e+00
3.651981e+03
1.330797e-04
6.609228e+02
4.492246e-01
6.452512e-02
1.052911e+00
5.633195e-02
9.099687e-02
1.970205e+04
3.250252e-01
4.164942e+02
2.247429e-02
8.205169e-02
3.413175e-03
3.101829e+00
4.644540e-01
3.144705e-02
1.294561e+01
2.147282e+02
1.646825e-01
8.500441e+00
2.543035e+00
1.993160e+00
1.000000e+00
2.183859e-04
1.481023e-03
3.217164e-03
1.119586e-05
7.960457e-03
1.820077e+00
1.941852e-04
1.384439e-01
2.753513e+00
5.497704e+01
