4.246129e-01
9.152239e+02
1.868997e+01
8.221836e+01
9.513621e+01
1.732978e+02
2.278050e+00
5.983428e-05
5.166276e-03
1.741661e-03
7.917459e+00
3.951799e+04
5.964849e+00
1.575862e-03
5.379716e-02
2.173799e-02
5.087679e-01
2.262997e+05
9.548659e-03
2.429831e+02
4.530819e-01
4.677583e+04
5.512278e+01
9.287844e-01
2.800205e-02
2.403132e-01
2.268489e+01
2.913727e+02
7.024879e+00
2.509585e+01
1.246790e+00
8.530015e+03
1.545458e+01
1.515899e+00
4.129666e-01
6.445121e+01
1.847439e+00
1.117883e-02
6.481527e-04
1.822639e-04
2.362060e+01
5.821071e+04
2.246200e-04
3.012401e+02
6.137211e-01
9.015462e-02
3.637019e+00
1.022877e-01
2.864721e+00
7.960832e+03
3.751620e-02
5.533432e+03
1.339173e-01
6.756579e-02
6.082325e-04
2.760421e+01
7.747562e-01
3.035347e-01
1.316182e+00
1.192024e+02
1.379698e-02
4.307634e+01
1.072158e+00
1.468331e-01
2.485033e+00
2.180937e-04
4.453655e-04
1.214337e-03
3.251620e-04
2.710955e-02
9.294479e-01
3.836473e-04
2.702750e-03
1.970150e+00
1.733339e+02
