2.012711e-01
4.986975e+02
2.076779e+01
2.695826e+01
3.667818e+01
2.403936e+02
1.410643e+00
9.608287e-05
3.994764e-03
1.066342e-03
5.524708e+00
7.077227e+04
2.103449e+00
1.624548e-03
8.408603e-03
3.029342e-02
1.693518e-01
3.755438e+05
6.328658e-03
3.606334e+02
7.336504e-01
6.355890e+04
1.260343e+01
1.721410e+00
4.723955e-02
8.702407e-02
8.605532e+00
6.438405e+02
5.091924e+00
2.414116e+01
2.680994e-01
5.648266e+04
2.767110e+01
3.711246e+01
5.388785e-01
1.577161e+02
2.481297e+00
3.284170e-03
7.584113e-04
8.289688e-05
6.284153e+00
2.262373e+04
5.173331e-04
2.052421e+03
8.540811e-01
1.477803e-01
5.388833e-01
3.781803e-01
8.561656e-01
9.760224e+03
3.671991e-02
3.059770e+03
4.420640e-02
8.280818e-02
2.406416e-03
1.286860e+01
2.829627e-01
4.673207e-02
2.106915e+00
2.488902e+01
7.626542e-03
5.985683e+00
9.521684e-01
3.527715e-01
2.377398e+00
3.232513e-04
1.153806e-03
2.125426e-03
2.530457e-05
1.778111e-02
4.226076e-01
4.045107e-05
8.457776e-03
1.558317e+00
2.059536e+02
