1.918236e-01
5.697242e+02
1.730298e+01
6.782451e+00
1.573719e+01
1.653865e+02
1.554083e+00
1.526646e-04
2.851663e-03
1.088336e-03
1.129056e+01
4.759373e+04
2.655999e+00
1.199814e-03
3.721871e-02
8.889477e-02
1.110718e-01
9.371362e+05
2.433030e-03
1.410242e+02
4.747848e-01
1.509138e+05
7.376366e+00
2.420548e+00
2.917764e-02
8.596986e-02
1.011527e+01
4.627596e+02
2.191076e+00
1.106319e+01
1.126070e-01
2.612239e+04
8.595302e+00
1.020240e+01
8.368896e-01
5.005819e+01
2.580428e+00
2.658845e-03
6.631850e-04
8.218707e-05
3.087739e+00
1.079944e+04
1.188959e-03
3.944416e+02
1.934456e+00
8.318274e-02
9.492560e-02
4.230285e-01
9.303684e-01
2.606300e+03
5.760515e-02
5.707328e+02
8.822187e-02
1.244345e-01
1.965269e-03
1.039402e+01
6.259834e-01
2.049987e-01
1.171154e+00
3.270043e+01
5.550650e-03
7.505189e+00
9.313738e-01
1.392927e-01
1.603275e+00
2.600354e-04
7.779482e-04
4.452725e-03
1.886590e-05
2.151095e-02
1.893562e-01
1.611204e-05
9.334780e-03
1.754922e+00
2.028804e+02
