8.075637e-02
3.162926e+02
7.480336e+01
1.506763e+02
1.787155e+02
5.212260e+01
1.558853e+00
1.745466e-04
6.365954e-03
1.693077e-03
2.153609e+01
3.418048e+05
7.146808e-01
6.053910e-04
1.258441e-01
7.046790e-01
1.092925e-01
9.212404e+05
4.070318e-02
2.307287e+02
2.664196e-01
2.951607e+05
1.543831e+01
1.782663e-01
5.442305e-03
8.250415e-02
1.164366e+01
9.959779e+01
7.384468e+00
1.944977e+01
1.703595e+00
4.830919e+03
6.153226e+01
2.824398e+01
6.552142e+00
1.653778e+03
1.072183e+00
1.025627e-02
1.144079e-03
7.278108e-04
8.907637e+01
8.995916e+03
2.475097e-03
1.014707e+02
2.965649e+00
1.197860e-01
1.645114e-01
3.203320e-02
2.343940e-01
4.362616e+03
7.671746e-01
6.707555e+02
3.629370e-01
5.116820e-01
8.257366e-03
1.498957e+02
6.092417e+00
3.144705e+00
2.536130e+00
3.984953e+01
1.046676e-02
1.426729e+01
4.056373e+00
1.437325e-01
1.000000e+00
7.358735e-04
2.622780e-03
1.715007e-02
2.978308e-05
8.377337e-03
2.115743e-01
1.252956e-05
6.870881e-02
3.074915e+00
2.758508e+02
