2.379483e-01
3.749084e+02
2.097652e+01
2.330272e+01
1.310857e+01
1.377046e+02
1.443949e+00
2.098461e-04
2.853600e-03
1.355340e-03
5.946588e+00
2.908974e+04
1.939409e+00
6.487379e-04
1.548407e-02
7.677990e-02
8.907398e-02
5.745325e+05
4.940802e-03
2.587684e+02
2.627257e-01
2.668111e+04
1.523620e+01
1.245275e+00
2.426818e-02
9.172482e-02
1.062770e+01
3.436579e+02
1.816771e+00
1.290403e+01
3.066660e-01
4.928527e+04
1.395161e+01
9.151964e+00
6.452129e-01
5.314364e+01
1.789082e+00
2.215456e-03
8.065062e-04
1.761384e-04
3.767445e+00
6.165291e+03
4.793559e-04
7.950603e+02
1.721314e+00
7.975881e-02
4.654362e-01
3.987167e-01
4.898950e-01
3.193018e+03
5.693593e-02
1.076896e+03
3.903395e-02
8.145900e-02
2.211775e-03
9.180797e+00
4.436071e-01
2.081552e-01
2.238172e+00
2.337817e+01
1.518653e-02
7.584001e+00
9.095494e-01
3.890039e-01
1.814073e+00
1.382375e-04
7.902099e-04
3.923334e-03
1.550246e-05
9.886722e-03
3.753386e-01
3.274666e-05
2.541670e-02
1.863015e+00
1.667274e+02
