5.158031e-01
2.068566e+03
2.406980e+01
3.181553e+01
2.103884e+01
5.233095e+01
1.820057e+00
3.116286e-04
7.113254e-03
3.514881e-04
6.295628e+00
4.630667e+04
2.637221e+00
3.810998e-03
2.524408e-02
2.660288e-02
2.453108e-01
2.245203e+05
1.619725e-03
3.694854e+02
5.091326e-01
5.122207e+04
6.154919e+00
6.553274e-01
3.812198e-02
7.609058e-02
2.146021e+01
5.982195e+02
1.023517e+01
1.089038e+01
1.356287e-01
1.592235e+04
3.730277e+00
3.379448e+01
1.542238e-01
1.929868e+02
3.989758e+00
2.371809e-03
1.126699e-03
6.809571e-05
2.927670e+00
8.987693e+03
1.938752e-04
1.091119e+03
1.853939e+00
7.492673e-02
1.418703e-01
2.663184e-01
1.043569e+00
4.592961e+03
3.438955e-02
5.837140e+02
7.696259e-02
8.273109e-02
2.549586e-03
7.748266e+00
6.684533e-01
1.102427e+00
4.099738e+00
8.182352e+00
4.328121e-02
2.329710e+00
5.248962e-01
5.901910e-01
3.000883e+00
1.503596e-03
4.322522e-04
1.915471e-03
3.376027e-05
9.157179e-03
6.588049e-01
1.344863e-04
5.228120e-03
2.224675e+00
2.105981e+02
