8.691276e-02
5.079985e+02
2.111200e+01
1.046611e+01
5.636818e+01
7.372524e+01
1.815743e+00
2.087439e-04
4.816016e-03
3.665333e-04
8.398621e+00
1.613243e+05
1.244087e+01
1.759106e-03
1.625494e-02
2.598906e-01
4.137404e-02
1.382057e+06
1.818032e-03
1.440771e+02
2.270257e+00
9.132585e+04
2.032341e+01
9.155563e-01
8.000920e-03
1.104471e-01
7.516779e+00
1.184509e+02
1.247645e+00
6.692665e+00
3.166915e-01
2.786233e+03
1.057466e+01
2.123638e+01
1.827288e-01
2.297535e+02
2.095902e+00
4.206353e-03
9.694061e-04
8.075966e-05
1.268965e+01
2.034193e+04
5.343451e-04
4.072719e+02
1.972142e+00
4.286300e-02
6.805417e-01
2.478528e-01
6.440519e-01
4.714209e+03
7.527953e-02
8.467573e+02
1.063709e-02
1.313123e-02
4.095274e-03
1.586285e+01
3.739327e-01
4.145741e-01
5.875313e+00
2.074730e+02
1.610524e-02
2.146602e+00
4.443286e-01
2.548167e-01
1.918822e+00
1.520555e-03
4.117183e-04
1.724502e-03
2.566138e-05
1.514672e-02
8.145750e-02
1.558804e-05
9.608045e-03
1.312359e+00
3.578386e+02
