1.572765e-01
8.511922e+02
1.857709e+01
2.781055e+01
4.474051e+01
9.213672e+01
2.141747e+00
1.089342e-04
5.753680e-03
2.067913e-03
1.431468e+01
5.168159e+04
2.737652e+00
7.074217e-04
5.502323e-02
1.591402e-01
7.233373e-02
3.137576e+06
2.927411e-03
4.457778e+02
3.708119e-01
6.834554e+04
3.272206e+01
1.782214e+00
4.586739e-02
5.395492e-02
1.329120e+02
2.040341e+02
2.641704e+01
9.539631e+01
3.826566e+00
2.998540e+04
1.860357e+01
2.957718e+01
3.627911e-01
2.309430e+02
1.434389e+00
2.337181e-03
1.263093e-03
2.722903e-04
1.279918e+00
1.846578e+04
1.121751e-03
8.397955e+02
1.095698e+00
1.634954e-01
3.405742e-01
2.792787e-01
2.726784e+00
7.049725e+02
3.209801e-01
1.117928e+03
1.750666e-02
1.596357e-02
1.097247e-03
1.443611e+01
6.882036e-01
6.682387e-01
1.578941e+01
2.231106e+01
1.335289e-02
1.627976e+01
4.135664e+00
7.420046e-01
2.275334e+00
4.636374e-04
9.137705e-04
2.063308e-03
5.711830e-06
3.561650e-02
3.971311e-01
2.114114e-05
4.989294e-02
2.146867e+00
2.762360e+02
