3.287096e-01
1.037788e+02
1.691435e+01
5.174063e+00
1.727655e+02
2.344921e+01
1.977555e+00
3.773994e-04
1.454018e-03
3.809166e-04
1.707740e+01
5.764966e+03
4.724014e+00
5.833790e-04
1.228691e-02
2.002846e-02
1.651774e-01
3.654247e+05
6.606536e-04
2.690324e+03
9.302902e-01
2.172388e+04
1.891578e+01
2.256145e+00
5.404082e-03
3.544096e-02
4.365766e+01
1.912062e+03
2.119652e+01
4.469707e+01
7.644321e-01
2.231672e+04
4.656860e+01
1.001532e+02
1.686399e+00
3.217831e+02
3.176636e+00
7.593969e-04
2.086364e-03
1.250276e-05
2.355433e+00
6.354761e+03
1.046993e-04
5.018946e+03
7.397837e-01
2.136267e-01
1.164714e+00
2.892655e-01
1.434564e+00
2.340646e+03
6.290488e-02
1.353049e+03
1.369631e-02
8.729846e-03
2.403351e-04
9.189487e+00
5.859618e-01
1.155592e+00
2.969491e+00
5.809155e+00
2.709823e-03
6.221551e+01
6.602774e-01
3.162501e-01
1.593479e+00
2.943676e-05
1.434026e-03
2.877719e-03
1.877237e-04
8.525907e-03
8.676401e-02
8.761554e-05
2.417771e-03
2.640423e+00
1.022511e+02
