3.652494e-01
5.517257e+02
6.177559e+01
7.753268e+01
4.659051e+00
1.886993e+01
1.259850e+00
2.044934e-04
2.723343e-03
6.461476e-03
2.802464e+01
8.127491e+04
7.894354e-01
5.480087e-04
3.686330e-03
4.320243e-02
1.970195e-02
1.565786e+06
8.619886e-04
4.836557e+01
2.554301e-01
5.930330e+03
3.791638e+01
2.226677e+00
1.447179e-02
2.706425e-02
1.036233e+02
1.440071e+03
3.846267e+01
2.404911e+01
9.552397e-01
5.412466e+04
6.772540e+01
4.940618e+00
1.290939e+00
2.814548e+01
1.425142e+00
1.283323e-02
1.969524e-03
5.749320e-05
3.880851e+00
1.317932e+04
1.361092e-04
7.742337e+01
1.414626e+01
3.377950e-02
1.225811e-01
4.682363e-01
1.299878e-01
1.258213e+03
3.303927e-01
1.674385e+02
1.286263e-01
6.024853e-03
5.877387e-04
2.065936e+00
6.931884e-02
3.596094e-02
3.450020e+00
4.280521e+00
9.100932e-02
3.023862e+01
3.331466e-01
1.893785e-01
3.959341e+00
2.802196e-04
1.377039e-03
2.562165e-03
1.081888e-04
3.452020e-03
7.750409e-01
1.407270e-04
2.303963e-02
2.536093e+00
5.976290e+01
