3.149715e-01
3.240860e+02
2.366102e+01
2.672645e+01
2.084894e+01
6.432721e+01
1.551939e+00
2.113936e-04
5.136921e-03
9.287136e-04
2.572492e+00
1.918365e+04
7.789488e+00
1.060460e-03
4.862691e-02
3.615029e-02
4.245123e-02
4.832282e+05
9.152139e-03
2.153618e+02
2.945919e-01
3.603230e+04
7.997507e+00
2.582016e+00
1.881255e-02
6.180197e-02
7.937803e+00
2.694861e+02
6.010782e+00
1.300914e+01
6.923666e-01
7.254589e+04
8.533940e+00
2.811883e+01
8.517979e-01
1.268402e+02
1.304820e+00
2.962939e-03
5.651986e-04
1.711057e-04
7.539658e+00
6.542436e+03
4.481102e-04
6.162341e+02
1.182587e+00
9.239151e-02
8.110607e-01
1.547831e-01
7.828658e-01
3.023204e+03
9.987811e-02
1.155004e+03
5.185467e-02
1.162556e-01
2.201208e-03
3.092000e+01
2.647737e-01
1.468890e-01
1.593292e+00
4.878229e+00
1.309700e-02
1.509731e+01
1.184100e+00
1.595578e+00
1.390823e+00
2.769795e-04
1.530068e-03
1.124476e-03
2.889339e-05
2.521140e-02
2.973436e-01
3.313387e-05
1.438167e-02
1.910418e+00
1.537470e+02
