7.354020e-02
2.187244e+02
2.057749e+01
1.666500e+01
7.875842e+00
4.544719e+01
3.299414e+00
2.868284e-04
8.544010e-03
2.169798e-03
2.157712e+00
1.509848e+05
1.319992e+00
7.106949e-04
2.547544e-02
4.526125e-02
6.660832e-02
5.399458e+05
1.303853e-02
7.746487e+02
1.318006e-01
8.606803e+03
1.011836e+01
4.504059e+00
2.528476e-02
9.206173e-02
5.575712e+00
1.484020e+02
1.501772e+01
1.574980e+01
7.744003e-01
6.102067e+03
2.808586e+01
4.383500e+00
2.689702e-01
3.127299e+01
2.278236e+00
4.606221e-03
6.775231e-04
1.066672e-05
1.216019e+01
1.398329e+03
2.640121e-04
1.053191e+02
2.031319e+00
1.000017e-02
2.097482e-01
4.866569e-02
5.889661e-01
4.772375e+02
3.187124e-02
3.864707e+02
1.500534e-02
1.090735e-02
7.847458e-04
3.749779e+01
3.109835e+00
2.825581e-01
5.815462e+00
1.407976e+01
8.582277e-03
3.031913e+00
2.588533e+00
1.847937e-01
1.158721e+00
4.989021e-05
3.592961e-03
4.419088e-03
9.685120e-06
9.218792e-03
1.714064e+00
1.317611e-04
2.050868e-03
3.597769e+00
3.764701e+02
