1.645800e-01
3.110375e+02
4.008463e+01
3.515258e+01
1.257513e+02
2.158785e+01
2.094151e+00
2.089057e-04
8.538322e-03
3.060824e-04
3.597032e+00
3.936689e+04
7.860119e+00
8.669815e-04
4.141742e-02
9.857200e-02
9.379014e-02
8.988502e+05
1.458529e-02
9.635740e+02
1.663994e+00
6.795731e+04
1.774151e+01
6.980417e+00
3.754341e-02
5.549062e-01
1.462735e+01
4.221601e+02
9.271604e+00
2.235626e+01
2.699084e+00
1.493664e+04
9.537992e+00
7.654689e+00
5.068433e-01
1.282622e+03
1.473902e+00
1.317439e-03
1.636369e-03
6.851541e-05
4.031509e+00
3.640418e+03
5.532233e-04
1.477304e+03
1.331630e+00
1.191078e-01
1.971511e-01
7.199952e-02
5.488029e-01
1.836483e+03
1.589183e-01
2.119244e+02
1.992552e-01
7.647659e-02
2.048577e-03
5.916615e+00
2.243248e+00
3.150327e-01
8.406381e+00
3.733187e+01
2.191645e-02
1.024659e+01
2.095507e+00
4.094338e-01
2.240898e+00
2.275942e-04
2.962705e-04
3.479105e-03
3.510758e-05
1.903814e-02
5.066423e-01
1.115637e-04
1.325433e-02
1.333877e+00
1.991007e+02
