2.086301e-01
7.337096e+02
2.542056e+01
2.496002e+01
1.528954e+01
1.151500e+02
1.913364e+00
9.087276e-05
3.165618e-03
2.816058e-03
1.030482e+01
3.245703e+04
3.881955e+00
7.831077e-04
1.438512e-02
3.550368e-02
3.269751e-01
2.234956e+06
5.731054e-03
2.331024e+02
2.797019e-01
1.551627e+04
1.902010e+01
2.484850e+00
3.696788e-02
1.551788e-01
5.244663e+01
7.506075e+02
2.081686e+01
4.094452e+01
2.776628e+00
6.467404e+04
1.234487e+01
3.136889e+01
5.088886e-01
2.729366e+02
1.773317e+00
2.599663e-03
1.266955e-03
1.674331e-04
4.687339e+00
1.261597e+04
9.988835e-04
1.345592e+03
1.926680e+00
1.137805e-01
6.157290e-01
1.374608e-01
3.693016e+00
2.552706e+03
1.106950e-01
1.876956e+03
1.476697e-01
5.056294e-02
1.353537e-03
1.825528e+01
4.824848e-01
9.528790e-01
7.118130e+00
4.556695e+01
2.119316e-02
1.255615e+01
1.988941e+00
1.259041e+00
1.365616e+00
1.719052e-04
1.337590e-03
2.639261e-03
3.651215e-05
3.145373e-02
5.918728e-01
8.064888e-05
2.119114e-02
2.274614e+00
2.657362e+02
