1.346755e-01
1.152522e+03
1.869980e+01
3.345037e+01
3.986446e+01
7.555593e+01
2.252683e+00
1.040536e-04
5.205575e-03
1.894808e-03
1.202167e+01
5.710053e+04
2.056233e+00
4.496137e-04
6.285918e-02
1.627067e-01
8.637928e-02
2.300776e+06
2.890933e-03
2.818693e+02
2.956010e-01
4.749045e+04
3.045091e+01
1.954757e+00
4.676129e-02
5.624114e-02
6.498760e+01
2.042002e+02
1.832170e+01
1.397551e+02
3.940347e+00
3.031945e+04
1.804359e+01
2.953096e+01
2.842790e-01
2.170346e+02
1.282487e+00
2.415524e-03
1.177571e-03
2.500830e-04
1.605555e+00
1.537979e+04
1.515286e-03
6.737435e+02
1.075241e+00
1.906233e-01
3.972545e-01
2.514228e-01
3.124860e+00
6.262376e+02
3.610139e-01
1.139299e+03
2.879621e-02
1.497788e-02
9.295100e-04
1.006870e+01
6.938091e-01
4.694098e-01
2.241016e+01
2.241707e+01
8.488204e-03
1.438544e+01
4.082881e+00
9.206100e-01
2.165815e+00
4.760239e-04
5.054956e-04
2.042031e-03
5.130244e-06
3.364115e-02
6.160225e-01
2.590058e-05
6.047663e-02
2.157020e+00
3.047934e+02
