2.092414e-01
2.557977e+02
3.936397e+01
7.717551e+01
1.210942e+01
7.151745e+01
2.920675e+00
3.394299e-04
2.075008e-03
1.179362e-03
1.905218e+00
5.677935e+03
7.713992e-01
2.051028e-04
2.892583e-02
2.552739e-02
1.301588e-01
7.081671e+05
1.038393e-02
3.278690e+02
1.026379e+00
1.181653e+05
5.781285e+00
4.275699e-01
8.156198e-03
1.018131e-01
1.040358e+01
3.238125e+02
4.583927e+00
3.916842e+00
2.050407e-01
2.613050e+04
5.246659e+00
5.017549e+00
9.243092e-01
7.289688e+01
1.450318e+00
1.876644e-03
1.070601e-03
6.763702e-05
2.198101e+00
2.390598e+03
5.070356e-04
1.920658e+02
1.120485e+00
2.168153e-02
3.081504e-01
1.175416e-01
6.830819e-01
2.015661e+03
7.974860e-02
8.179466e+02
3.785565e-02
1.804348e-02
4.179885e-04
4.817476e+00
8.374183e-02
1.087129e-01
5.578105e-01
5.692509e+01
6.697720e-03
4.835527e+00
8.743321e-01
5.030202e-01
1.121214e+00
9.734631e-05
2.332522e-03
5.473566e-04
5.401763e-06
3.123484e-03
4.105752e-01
1.195668e-05
1.606293e-02
2.239768e+00
1.584285e+02
