3.944146e-01
9.163020e+02
3.179739e+01
4.492075e+01
1.713596e+01
4.020373e+02
1.336623e+00
1.118556e-04
2.504650e-03
5.866427e-03
1.520479e+01
1.237451e+04
6.214821e+00
1.434313e-03
2.249074e-02
4.991996e-02
4.847476e-02
2.364486e+05
2.133445e-02
3.909118e+02
5.128930e-01
5.070857e+04
1.324179e+01
1.094390e+00
1.473097e-01
3.019485e-01
2.417419e+01
5.653450e+02
7.939378e+00
1.058309e+01
2.467748e-01
1.225724e+04
6.270078e+00
2.920159e+01
6.014578e-01
2.302370e+02
1.606352e+00
3.180916e-03
9.692646e-04
6.783108e-05
2.316316e+00
7.715450e+03
9.540969e-04
6.264777e+02
4.749557e+00
3.148569e-01
3.136089e-01
1.916881e-01
1.307736e+00
1.853156e+03
8.159827e-02
5.485127e+03
3.942501e-01
1.030598e-01
1.170184e-03
1.385707e+01
1.273522e+00
1.134269e-01
7.887437e+00
1.373387e+02
2.152170e-02
1.125964e+01
9.958748e-01
6.807612e-01
1.707188e+00
6.887401e-04
5.491851e-03
2.436160e-03
8.960754e-05
4.062759e-02
1.330176e+00
5.702738e-05
3.215025e-02
2.241509e+00
1.466814e+02
