1.168314e-01
2.975513e+02
3.625157e+01
4.913234e+01
5.354999e+01
5.408445e+01
2.272130e+00
2.503493e-04
1.063481e-02
2.877578e-03
9.270284e+00
2.784235e+04
2.407350e+00
1.448452e-03
3.518398e-02
8.837264e-02
1.825335e-01
8.104596e+05
1.028214e-02
7.297543e+02
2.403161e-01
2.211122e+04
8.665856e+00
1.745311e-01
2.509596e-02
5.463051e-02
5.933857e+01
2.865719e+02
6.032177e+00
1.006726e+01
6.219628e-01
2.790603e+04
4.576560e+00
2.680160e+01
9.406343e-01
3.065679e+02
1.471519e+00
3.989675e-03
6.359368e-04
5.754843e-05
9.750275e+00
1.750351e+04
5.398304e-04
1.960407e+02
2.248819e+00
4.662062e-02
7.347046e-01
5.306744e-01
6.967988e-01
3.087942e+03
2.157175e-01
6.805141e+02
4.318392e-02
8.297522e-02
6.001432e-04
4.893763e+01
2.222234e-01
8.282368e-01
2.626805e+00
1.925174e+01
1.220364e-02
2.548065e+01
3.696493e+00
3.963886e-01
2.540877e+00
1.816117e-04
5.605574e-04
2.379965e-02
4.699479e-05
1.739377e-02
2.711899e-01
4.860223e-05
1.083983e-02
1.982211e+00
3.190461e+02
