1.612745e-01
2.451365e+02
2.974185e+01
4.897383e+01
1.216122e+02
2.637656e+01
1.991082e+00
1.445490e-04
5.537497e-03
3.125224e-04
3.014180e+00
3.858830e+04
3.026498e+00
5.721905e-04
3.311612e-02
7.341102e-02
1.329923e-01
8.280431e+05
1.094014e-02
6.203053e+02
1.047227e+00
4.734591e+04
2.193264e+01
6.957432e+00
3.591788e-02
6.204163e-01
1.259106e+01
6.091272e+02
1.228957e+01
1.588191e+01
1.939009e+00
2.429273e+04
1.259432e+01
1.056875e+01
4.152885e-01
1.618927e+03
1.816442e+00
1.321787e-03
6.821722e-04
8.454023e-05
8.165493e+00
5.135915e+03
9.204481e-04
1.137915e+03
1.827029e+00
1.198453e-01
2.284224e-01
7.117349e-02
8.496244e-01
2.339535e+03
1.015812e-01
1.767705e+02
2.364632e-01
4.192943e-02
1.518068e-03
2.743635e+00
1.617264e+00
2.659346e-01
5.434473e+00
2.278468e+01
1.906065e-02
1.004102e+01
1.402495e+00
5.274121e-01
2.452245e+00
1.334124e-04
3.420942e-04
7.407936e-03
3.920414e-05
2.132681e-02
5.351391e-01
1.720432e-04
8.750710e-03
1.465764e+00
1.597793e+02
