4.075528e-01
6.464170e+02
4.511764e+01
2.244734e+02
3.204393e+00
3.018593e+01
1.129858e+00
2.734116e-04
2.257102e-03
5.760214e-03
2.582530e+01
9.157177e+04
1.219662e+00
4.920927e-04
4.123228e-03
7.744586e-02
3.277889e-02
1.464627e+06
1.884071e-03
6.065624e+01
2.464447e-01
1.173591e+04
3.687605e+01
1.150863e+00
1.181962e-02
2.099229e-02
1.202621e+02
9.939010e+02
4.621611e+01
8.037985e+00
1.498468e+00
3.952684e+04
1.267522e+02
9.601313e+00
3.008373e+00
4.298267e+01
1.123458e+00
1.118806e-02
1.845841e-03
7.416934e-05
1.427869e+00
1.054834e+04
1.019173e-04
5.856563e+01
1.051360e+01
3.778884e-02
1.253340e-01
3.039969e-01
1.573346e-01
1.431594e+03
1.242436e-01
1.446264e+02
1.402992e-01
7.481139e-03
4.219473e-04
2.460942e+00
1.512431e-01
4.489890e-02
2.338568e+00
3.785310e+00
6.269149e-02
1.691072e+01
5.635084e-01
2.514034e-01
3.844813e+00
2.811758e-04
1.528813e-03
2.660393e-03
1.029292e-04
4.483102e-03
7.447534e-01
1.029715e-04
4.002778e-02
2.374730e+00
1.054234e+02
