1.660359e-01
2.791706e+02
4.188492e+01
3.537243e+01
1.515630e+02
1.799056e+01
1.994638e+00
2.509551e-04
7.308068e-03
2.243711e-04
3.967945e+00
3.558594e+04
5.945812e+00
6.488142e-04
3.931022e-02
1.004980e-01
9.489467e-02
8.235741e+05
1.300762e-02
8.887626e+02
1.383958e+00
6.652144e+04
1.387050e+01
7.400830e+00
3.753428e-02
6.508842e-01
1.181036e+01
4.297119e+02
6.530445e+00
1.693022e+01
2.754663e+00
1.512589e+04
1.039631e+01
8.020155e+00
4.347047e-01
1.135659e+03
1.520148e+00
1.325149e-03
1.364054e-03
6.826532e-05
5.783640e+00
3.441132e+03
7.013091e-04
1.288956e+03
1.434433e+00
1.082980e-01
2.279451e-01
8.135650e-02
5.368534e-01
2.082905e+03
1.470134e-01
2.303039e+02
1.652774e-01
6.084640e-02
1.919765e-03
4.416812e+00
2.196974e+00
2.972925e-01
8.399981e+00
2.857723e+01
2.098703e-02
9.880292e+00
1.464789e+00
3.907984e-01
2.446454e+00
2.743435e-04
2.939194e-04
5.033327e-03
4.882827e-05
1.706418e-02
4.152581e-01
1.044639e-04
1.096887e-02
1.299480e+00
1.942910e+02
