6.580151e-02
4.884284e+02
2.173352e+01
7.849272e+00
6.811955e+01
5.909865e+01
1.795255e+00
1.851617e-04
3.423430e-03
2.321702e-04
1.001320e+01
2.314807e+05
1.237886e+01
1.695607e-03
1.239556e-02
2.450549e-01
6.184395e-02
1.061443e+06
1.985608e-03
1.948067e+02
2.226857e+00
6.320999e+04
1.988909e+01
1.016583e+00
7.671796e-03
7.654886e-02
6.899119e+00
1.555947e+02
1.879480e+00
6.201829e+00
3.356416e-01
2.479824e+03
1.284049e+01
2.584259e+01
2.283989e-01
2.399137e+02
2.297295e+00
4.304234e-03
9.120843e-04
5.883059e-05
1.325061e+01
1.626474e+04
4.696624e-04
4.165065e+02
1.722483e+00
3.973719e-02
7.579785e-01
2.066798e-01
5.193244e-01
3.170574e+03
4.748132e-02
8.670949e+02
8.251679e-03
8.632967e-03
3.579594e-03
1.548524e+01
3.715070e-01
3.774958e-01
7.101890e+00
1.404948e+02
1.400127e-02
1.857723e+00
6.085170e-01
2.714187e-01
1.934913e+00
1.065204e-03
4.208059e-04
2.181944e-03
2.088717e-05
1.669168e-02
6.252700e-02
1.965857e-05
9.347082e-03
1.381423e+00
3.920717e+02
