1.752495e-01
4.624515e+02
2.157893e+01
3.000252e+01
1.268424e+01
8.417576e+01
2.613073e+00
1.631323e-04
6.688347e-03
1.571301e-03
7.496253e+00
9.927806e+04
5.272830e+00
1.333296e-03
2.400005e-02
4.614740e-02
3.056799e-01
5.765775e+05
7.516834e-03
7.926949e+02
5.150369e-01
1.835689e+04
2.464237e+01
8.741118e-01
1.389933e-02
1.194270e-01
1.429946e+01
3.866791e+02
2.481484e+00
7.268405e+00
1.619394e+00
2.501029e+04
1.275697e+01
2.773854e+01
5.391405e-01
1.221716e+02
1.121418e+00
7.029201e-03
1.307481e-03
4.027524e-05
4.796643e+00
1.376498e+04
3.474065e-04
5.108222e+02
2.658205e+00
2.339310e-01
2.246841e-01
5.633689e-01
1.734145e+00
6.365562e+03
2.841764e-01
1.779739e+03
4.929823e-02
2.902232e-02
1.799588e-03
1.278516e+01
3.346911e-01
6.417498e-01
3.793208e+00
2.433003e+01
2.008322e-02
7.047903e+00
6.326952e-01
7.074479e-01
2.687939e+00
7.526822e-04
3.960992e-04
1.160884e-03
3.582427e-05
6.843474e-02
8.612523e-02
5.624658e-05
1.230412e-02
2.425284e+00
2.109391e+02
