5.248122e-01
1.786276e+03
5.902314e+01
2.994074e+02
1.114706e+02
1.097701e+02
2.123975e+00
4.853149e-04
2.737024e-03
2.865129e-04
1.580039e+00
1.354905e+04
5.326982e+00
3.523383e-04
7.467966e-02
2.370558e-01
1.898279e-01
2.003853e+06
2.360441e-02
4.176051e+02
1.155329e+00
5.091038e+04
2.385647e+01
3.908525e-01
1.393477e-02
1.565231e-02
9.098304e+00
6.462421e+02
2.619120e+00
7.455756e+00
2.194116e+00
8.577995e+03
1.256685e+02
2.269802e+00
9.421374e-01
6.137468e+02
1.021116e+00
1.120012e-02
4.685046e-04
6.021739e-04
4.462955e+00
6.324507e+03
5.267677e-03
1.105857e+03
1.123259e+00
3.207846e-01
3.534972e+00
6.971383e-01
2.073808e+00
1.274481e+04
5.671975e-02
4.012359e+02
3.418269e-02
6.700365e-03
2.809706e-04
1.573181e+02
1.297507e-01
3.904110e-01
1.198097e+00
2.659483e+00
2.692455e-02
1.730051e+01
1.026835e-01
3.118128e-01
2.158008e+00
2.704880e-03
2.693200e-04
2.448164e-02
2.370860e-04
1.238073e-02
9.104598e-02
2.105924e-04
1.629642e-02
1.695071e+00
2.261785e+02
