6.288003e-02
2.500228e+02
2.001329e+01
2.478073e+01
5.272458e+00
5.188534e+01
3.911664e+00
3.543939e-04
8.935122e-03
2.555709e-03
2.229697e+00
1.537465e+05
1.484487e+00
8.400738e-04
2.405482e-02
4.234074e-02
7.730466e-02
5.838370e+05
1.718081e-02
1.018659e+03
1.535897e-01
8.484227e+03
1.127080e+01
3.129238e+00
2.328194e-02
6.708208e-02
7.458007e+00
1.516188e+02
2.034366e+01
1.693903e+01
9.375954e-01
7.517835e+03
3.051598e+01
4.368125e+00
2.535086e-01
3.938975e+01
2.165506e+00
6.978922e-03
8.128756e-04
1.092571e-05
1.258325e+01
1.896954e+03
1.999378e-04
1.343719e+02
2.640519e+00
1.417374e-02
2.332281e-01
8.409093e-02
5.144884e-01
7.902751e+02
5.285073e-02
4.815040e+02
1.679672e-02
1.872477e-02
5.325496e-04
5.563528e+01
3.883640e+00
2.126312e-01
3.593889e+00
1.676585e+01
1.117693e-02
4.185591e+00
3.226614e+00
1.115747e-01
1.276411e+00
6.269779e-05
2.437702e-03
3.494244e-03
1.004474e-05
7.542564e-03
1.695461e+00
1.918861e-04
2.554934e-03
3.698560e+00
3.924366e+02
