5.396116e-02
3.457141e+02
2.205072e+01
3.377780e+01
7.338359e+00
4.640101e+01
3.920246e+00
3.125801e-04
1.470330e-02
3.121370e-03
2.318305e+00
1.573948e+05
1.340343e+00
7.993247e-04
3.567553e-02
5.943879e-02
8.441427e-02
9.768313e+05
2.428665e-02
1.131079e+03
1.738984e-01
7.689491e+03
1.282895e+01
4.422410e+00
3.932253e-02
1.106377e-01
6.773489e+00
2.434138e+02
2.081995e+01
3.526113e+01
1.310119e+00
7.901055e+03
3.489694e+01
4.304058e+00
3.712845e-01
4.456175e+01
2.221766e+00
6.926996e-03
9.372898e-04
2.090722e-05
1.875387e+01
1.706224e+03
4.166504e-04
1.274050e+02
3.060662e+00
1.884784e-02
2.243134e-01
7.573558e-02
9.841969e-01
1.085315e+03
6.825820e-02
4.342330e+02
2.235569e-02
1.719454e-02
6.833279e-04
4.285407e+01
3.937786e+00
1.982045e-01
6.602186e+00
2.170196e+01
1.179513e-02
3.286288e+00
3.900519e+00
1.698779e-01
1.320117e+00
8.588751e-05
2.449837e-03
3.333181e-03
1.182781e-05
8.536400e-03
2.228621e+00
3.311511e-04
3.599449e-03
3.778413e+00
4.491243e+02
