5.388724e-01
5.220007e+02
2.468636e+01
1.294853e+01
6.778411e+01
4.597931e+01
2.127794e+00
7.987813e-05
6.210571e-03
3.865342e-04
1.944261e+01
1.216697e+05
3.738943e+00
9.062028e-04
3.301798e-02
2.669494e-02
3.402522e-01
6.794618e+05
5.697320e-03
7.706950e+02
2.619916e-01
1.705011e+04
2.127088e+01
6.341504e-01
2.723191e-02
5.437049e-02
2.449842e+01
2.374283e+02
7.919796e+00
2.878611e+01
8.972095e-01
2.726556e+04
2.360351e+01
9.218460e+00
6.002935e-01
1.597205e+02
1.260247e+00
1.489588e-03
1.099079e-03
2.453391e-05
8.747876e+00
2.576920e+03
5.084654e-04
3.100060e+02
4.879509e-01
6.288340e-02
3.666253e-01
3.622360e-02
3.717922e-01
3.299919e+03
1.421773e-01
2.838950e+02
6.804963e-02
4.071924e-02
5.066315e-04
2.040533e+01
8.588233e-01
2.888447e-01
2.937155e+00
1.208082e+01
3.644873e-02
2.321853e+00
2.918266e+00
1.964322e-01
2.154188e+00
9.187699e-05
5.622821e-04
2.711219e-03
1.418708e-05
2.322924e-02
1.128275e-01
4.410799e-05
1.579358e-02
2.370054e+00
1.147669e+02
