1.715161e-01
2.496472e+02
3.779111e+01
4.114514e+01
1.116132e+02
1.699811e+01
2.009187e+00
2.368173e-04
7.590219e-03
2.328299e-04
3.282503e+00
2.586570e+04
3.968159e+00
5.727345e-04
4.287875e-02
7.659601e-02
8.288451e-02
6.413711e+05
1.626289e-02
1.103232e+03
7.869557e-01
4.903377e+04
1.093582e+01
6.118914e+00
4.151230e-02
6.895816e-01
1.166031e+01
4.983585e+02
6.657809e+00
1.421411e+01
2.918336e+00
1.683571e+04
9.952485e+00
6.954485e+00
4.072320e-01
1.096358e+03
1.424396e+00
1.342400e-03
1.292463e-03
6.046956e-05
5.613511e+00
2.839034e+03
6.851496e-04
9.772525e+02
1.241688e+00
1.003892e-01
1.879996e-01
6.953300e-02
5.057514e-01
2.442877e+03
1.143059e-01
2.227884e+02
1.934402e-01
5.377066e-02
1.564821e-03
3.723954e+00
2.126396e+00
3.287052e-01
7.312082e+00
2.385795e+01
2.413117e-02
1.044106e+01
1.518306e+00
3.914284e-01
2.372139e+00
1.884975e-04
3.321249e-04
5.047650e-03
5.651668e-05
1.593927e-02
4.500266e-01
1.310641e-04
8.833568e-03
1.288991e+00
1.681916e+02
