3.192210e-01
3.063679e+02
2.419630e+01
2.909541e+01
2.242025e+01
5.204192e+01
1.605283e+00
3.231247e-04
4.734032e-03
7.570434e-04
3.371836e+00
1.874957e+04
1.054375e+01
1.042854e-03
6.054214e-02
3.381674e-02
5.455252e-02
5.794005e+05
8.040915e-03
2.086975e+02
3.215515e-01
3.842503e+04
6.827949e+00
3.155463e+00
1.402056e-02
7.029892e-02
7.891221e+00
2.869578e+02
8.554332e+00
1.390913e+01
9.027754e-01
1.002865e+05
7.050825e+00
3.188008e+01
1.087108e+00
1.250478e+02
1.433502e+00
2.804576e-03
7.009612e-04
2.310329e-04
7.656579e+00
6.322068e+03
3.626771e-04
9.561041e+02
1.257244e+00
1.316940e-01
1.133146e+00
1.778734e-01
7.286122e-01
3.945335e+03
1.156645e-01
1.205086e+03
5.868187e-02
1.213854e-01
2.224171e-03
2.153995e+01
2.453432e-01
1.207217e-01
1.916215e+00
6.397791e+00
2.007203e-02
1.423530e+01
8.413252e-01
1.015076e+00
1.393349e+00
2.438665e-04
1.668201e-03
9.863226e-04
3.488066e-05
2.420095e-02
3.364368e-01
3.007934e-05
1.592078e-02
2.037919e+00
1.510702e+02
