2.216742e+00
3.070415e+03
1.914246e+01
3.942650e+01
1.585722e+01
6.883036e+01
1.295731e+00
1.814939e-04
2.856851e-02
3.601394e-03
8.632911e+00
2.314649e+04
8.690157e+00
1.052622e-03
2.426976e-01
1.050950e-02
5.704508e-02
1.597765e+06
2.413503e-02
5.634269e+01
1.379697e+00
1.093127e+05
6.276479e+01
9.139399e+00
1.915776e-01
7.283304e-01
5.484264e+00
2.968215e+03
3.672441e+01
1.160375e+01
4.350389e-01
1.171920e+04
1.166808e+01
1.504397e+02
4.529787e-01
2.307168e+02
1.172846e+00
1.863376e-03
1.351371e-03
1.651018e-05
2.656939e+00
9.255215e+03
1.462941e-04
5.285524e+01
2.008774e+00
4.549068e-01
7.039389e-01
3.457152e-02
8.819071e+00
2.273599e+04
7.671746e-01
5.689845e+02
4.604567e-01
5.365953e-03
9.796586e-04
3.205082e+01
4.399838e+00
1.157778e-01
8.331289e+00
5.091652e+01
3.592543e-02
2.893164e+01
7.680656e-01
2.663498e-01
4.000000e+00
7.440146e-04
2.412782e-04
6.442840e-04
2.941133e-05
4.041328e-03
1.597245e-01
6.822045e-05
3.780175e-02
1.641095e+00
1.013728e+02
