5.568958e-01
1.069429e+03
1.520468e+01
2.425706e+01
5.507931e+01
8.236419e+01
1.114950e+00
7.055973e-05
4.229572e-03
3.991129e-03
1.327315e+00
2.511905e+04
4.315767e+00
6.956190e-03
1.643186e-01
4.392483e-01
3.883459e-02
1.639053e+06
2.232961e-02
2.843901e+03
1.020371e+00
4.354637e+04
2.543558e+01
2.039988e+00
2.067892e-02
3.881298e-02
9.637478e+01
2.531530e+03
2.910015e+01
1.663582e+01
8.891944e-02
2.078613e+04
1.613344e+01
5.541063e+01
1.887111e-01
2.232830e+02
1.684430e+00
1.816982e-03
9.464627e-04
6.083231e-05
1.799145e+01
1.137092e+04
3.945574e-04
4.166542e+03
8.365866e-01
1.111625e-01
1.274137e-01
2.459168e-01
2.999536e+00
1.899369e+03
4.078349e-01
1.820609e+02
2.569407e-01
8.893248e-02
1.500708e-03
7.562327e+01
5.422532e+00
1.541113e-01
1.547598e+01
2.225588e+01
2.490528e-03
8.222699e+00
8.765428e+00
7.683143e-02
1.521488e+00
2.634090e-04
4.689407e-04
1.151321e-03
1.505774e-05
4.036287e-03
1.393226e+00
2.464266e-05
5.253626e-02
1.921904e+00
1.338256e+02
