1.741680e-01
8.152420e+02
3.073552e+01
4.456752e+01
1.752152e+01
9.302786e+01
1.793012e+00
8.127732e-05
3.457236e-03
1.000891e-03
5.382096e+00
4.161354e+04
7.379049e-01
9.303581e-04
6.386984e-03
1.870890e-02
1.893702e-01
5.482105e+05
3.132856e-03
2.645562e+02
2.009339e-01
3.625457e+04
3.083414e+00
1.284464e+00
1.318628e-02
9.657052e-02
1.508231e+01
3.370670e+02
6.656279e+00
1.828643e+01
7.785887e-02
2.530653e+04
3.655383e+00
5.675148e+00
3.596624e-01
1.927429e+02
1.706682e+00
3.092249e-03
6.418561e-04
6.786865e-05
6.254808e+00
1.999787e+03
4.009146e-04
2.602858e+02
1.010618e+00
4.879436e-02
4.718839e-01
2.397996e-01
9.907325e-01
1.603827e+03
2.459937e-01
8.003697e+02
7.441255e-02
2.551726e-02
3.477209e-03
6.382808e+00
5.890682e-01
1.396293e-01
2.694724e-01
3.485996e+01
8.317813e-03
2.266954e+00
1.701306e+00
4.650387e-01
1.678933e+00
2.711119e-04
1.570444e-03
3.963452e-04
8.534260e-05
1.341770e-02
4.326580e-01
2.269804e-05
7.041342e-03
1.968326e+00
3.973087e+02
