4.802695e-01
5.495223e+02
4.748717e+01
8.196397e+01
6.998765e+01
1.722929e+02
1.521203e+00
7.774460e-05
4.932346e-03
1.697369e-03
5.357135e+00
1.838124e+04
2.075497e+00
7.101219e-04
4.538528e-02
7.237303e-02
1.435232e-01
3.091504e+05
1.078653e-02
3.871936e+02
5.543937e-01
5.511572e+04
1.475982e+01
3.036116e+00
4.453173e-02
3.489423e-01
3.926501e+01
3.603537e+02
1.024586e+01
1.138191e+01
7.808919e-02
1.345214e+04
4.671779e+00
1.298300e+01
1.186435e+00
1.568914e+02
1.469808e+00
2.056871e-03
1.145782e-03
6.342669e-05
3.490812e+00
3.854114e+03
1.979901e-04
7.795679e+01
6.535864e-01
9.316926e-02
5.668331e-01
1.095499e-01
2.056348e+00
1.161976e+04
5.216420e-02
1.646043e+03
7.028079e-02
2.822436e-02
2.235056e-03
1.286594e+01
6.975246e-01
1.489567e-01
1.115982e+00
1.217182e+01
1.011670e-02
3.679896e+00
1.860142e+00
4.385016e-01
1.896962e+00
2.126749e-03
3.840480e-04
3.283281e-03
2.692268e-05
2.498870e-02
1.278736e-01
6.694909e-05
2.595155e-03
2.082435e+00
1.465686e+02
