1.526103e-01
7.621994e+02
2.475785e+01
4.001853e+01
1.634378e+01
7.237061e+01
1.917062e+00
7.240373e-05
3.895505e-03
7.375106e-04
2.223057e+00
3.443094e+04
6.031146e-01
1.294997e-03
7.409766e-03
1.135222e-02
1.463604e-01
4.022375e+05
2.761192e-03
1.526888e+02
1.749060e-01
2.428010e+04
4.294093e+00
8.778384e-01
9.335033e-03
8.039605e-02
1.035951e+01
2.542248e+02
5.232675e+00
1.895549e+01
7.802083e-02
1.601186e+04
3.287411e+00
3.564403e+00
3.425482e-01
1.317096e+02
1.634537e+00
2.400056e-03
5.467764e-04
7.018087e-05
4.173140e+00
2.136271e+03
4.433637e-04
1.256123e+02
1.063255e+00
4.708350e-02
3.221083e-01
1.241318e-01
9.118678e-01
2.336487e+03
1.934385e-01
6.247960e+02
6.382062e-02
3.270130e-02
5.350286e-03
4.979402e+00
2.800657e-01
1.606091e-01
2.582423e-01
2.878439e+01
5.300096e-03
1.994349e+00
1.320443e+00
3.939331e-01
1.803401e+00
2.144238e-04
1.267277e-03
3.988837e-04
5.992942e-05
9.182375e-03
4.187215e-01
1.806208e-05
6.924805e-03
1.808358e+00
2.894993e+02
