4.286289e-01
1.209231e+03
5.279614e+00
2.129009e+02
1.682579e+02
7.648822e+01
4.000000e+00
6.895849e-04
5.315601e-02
1.957285e-03
2.115812e+00
2.115083e+04
2.992347e+01
7.958389e-04
2.426976e-03
1.549463e-01
1.576787e+00
1.612636e+06
2.905988e-02
2.560344e+02
1.670905e-01
1.176569e+05
1.000183e+01
8.975658e+00
1.228580e-02
3.031216e-01
1.234881e+02
3.679947e+02
4.702448e+00
1.739823e+01
4.338856e-01
7.372673e+04
1.556068e+01
5.023167e+01
3.916737e+00
8.526301e+01
3.796508e+00
1.519038e-03
3.531485e-03
1.848572e-04
2.413621e+01
3.374093e+03
8.469172e-05
1.586436e+02
1.006185e+01
1.807995e-01
1.727925e+00
9.389870e-02
9.678198e-01
4.610295e+03
1.857733e-02
3.255314e+03
2.734333e-01
7.985422e-02
5.971703e-03
1.510602e+01
3.300424e-01
5.879506e-01
1.411776e+01
1.723382e+01
9.684419e-02
6.387143e+01
1.010671e+01
4.517813e+00
1.845545e+00
9.016656e-04
1.965144e-03
1.385331e-02
2.060345e-05
1.989880e-01
5.618538e-01
2.594590e-05
1.990109e-03
1.397114e+00
8.083894e+01
