1.190147e-01
8.692685e+02
1.981849e+01
3.966713e+01
1.555689e+01
1.119144e+02
1.877092e+00
1.761277e-04
8.083419e-03
8.714165e-04
8.710183e+00
3.891134e+04
1.413565e+00
5.602239e-04
1.554652e-02
1.853263e-02
1.215809e-01
3.900851e+05
1.286455e-03
4.768971e+02
1.240798e-01
4.427755e+04
1.310914e+00
1.909324e+00
1.591222e-02
1.223527e-01
1.271156e+01
3.229513e+02
6.190912e+00
2.959876e+01
6.966426e-02
3.024609e+04
3.119602e+00
5.780531e+00
4.879748e-01
3.640101e+02
1.673409e+00
3.651838e-03
9.636979e-04
4.637101e-05
6.750909e+00
2.236349e+03
1.010865e-03
6.645601e+02
3.015867e+00
5.448639e-02
4.335210e-01
2.897706e-01
1.726892e+00
1.991974e+03
1.524239e-01
3.387821e+02
5.620810e-02
1.925065e-02
3.450777e-03
9.761666e+00
5.949878e-01
1.390063e-01
3.898637e-01
4.950701e+01
7.170780e-03
4.461653e+00
1.848844e+00
7.115600e-01
1.619689e+00
1.063542e-04
2.058352e-03
4.313861e-04
1.164639e-04
8.741732e-03
6.764689e-01
2.098994e-05
5.735226e-03
2.214822e+00
4.551816e+02
