6.757760e-01
1.686983e+03
1.031985e+02
2.321674e+02
2.787325e+01
2.822651e+02
1.451053e+00
2.975478e-04
2.286834e-03
1.245747e-02
2.745989e+00
1.369594e+05
6.186210e-01
3.138815e-03
2.182000e-02
1.199065e-01
7.286612e-01
7.355987e+06
3.861066e-03
6.616316e+01
5.503461e+00
1.755204e+05
3.697720e+01
2.604234e-01
5.097122e-02
2.690483e-01
4.700419e+00
9.176260e+02
6.485909e+00
4.041757e+00
2.457910e+00
2.083443e+05
1.755230e+01
1.524596e+01
4.075699e-01
4.378086e+01
2.698294e+00
1.836691e-02
6.345822e-04
7.650000e-04
1.127446e+01
8.562744e+04
1.452472e-03
2.354205e+03
9.874942e+00
1.176108e-01
2.103907e-01
7.529990e-02
1.528128e-01
2.326773e+03
2.354986e-01
3.469632e+03
1.348815e-01
9.175066e-02
4.204770e-04
4.240553e+00
3.867505e+00
1.865330e-01
1.426750e+01
7.979526e+00
7.657462e-02
9.544308e+01
1.886449e+00
1.755389e-01
3.340368e+00
1.699636e-03
9.073669e-04
6.927208e-04
2.601436e-05
1.393075e-01
2.714411e-01
4.751426e-05
5.823961e-03
1.826183e+00
1.645913e+02
