3.028417e-01
1.871336e+03
1.063287e+01
1.530793e+01
1.555464e+01
9.452595e+01
1.328691e+00
7.612567e-05
3.894757e-03
2.875841e-03
5.719066e+00
5.734334e+04
4.505186e-01
2.426049e-04
1.957497e-01
1.061162e-01
1.336780e-01
1.960701e+05
5.801738e-03
5.407387e+02
3.107354e-01
2.900302e+04
3.275090e+01
1.258388e+00
3.037640e-02
1.150100e-01
4.530228e+01
3.623172e+02
5.058611e+00
3.333114e+00
5.197105e-01
2.691120e+04
3.394049e+00
5.098365e+00
1.211252e+00
3.732826e+02
2.140925e+00
4.278863e-03
1.117420e-03
3.218074e-05
3.594645e+00
1.391122e+03
4.950372e-04
5.135634e+02
6.260409e+00
1.201878e-01
5.354456e-01
3.871346e-02
7.013282e+00
5.602302e+03
9.857334e-02
1.335823e+03
2.299913e-02
1.789881e-02
2.620183e-03
7.261695e+00
5.772142e-01
4.236598e-01
1.215846e+00
2.177031e+01
1.035261e-02
1.817235e+01
5.912590e-01
1.617813e-01
3.309869e+00
3.368042e-04
1.140495e-03
3.436802e-03
4.722810e-06
1.531534e-02
2.206583e-01
4.109131e-05
1.317521e-02
1.953842e+00
2.051088e+02
