9.603083e-01
3.070415e+03
5.019987e+00
2.207868e+02
1.990675e+02
6.951223e+01
3.684127e+00
5.381764e-04
4.069303e-02
1.869532e-03
3.585296e+00
3.026411e+04
2.992347e+01
1.166676e-03
2.554930e-03
6.461650e-02
1.044131e+00
1.596050e+06
1.293070e-02
2.687934e+02
2.088581e-01
1.411307e+05
1.371624e+01
7.398326e+00
1.624114e-02
3.294796e-01
1.923118e+02
4.353442e+02
5.047180e+00
2.270997e+01
4.367949e-01
7.517923e+04
1.720052e+01
6.132517e+01
2.919449e+00
1.209825e+02
4.000000e+00
2.394415e-03
6.012340e-03
2.517128e-04
2.053965e+01
4.903108e+03
1.460498e-04
1.219635e+02
1.490026e+01
3.884802e-01
3.405030e+00
3.404037e-01
3.124708e+00
3.356749e+03
5.313221e-02
6.122731e+03
6.411199e-01
1.074342e-01
4.097340e-03
1.955203e+01
2.205690e-01
7.725674e-01
1.746843e+01
2.103802e+01
1.142758e-01
6.638505e+01
9.648827e+00
6.374901e+00
2.005504e+00
5.715509e-04
2.832297e-03
1.496787e-02
1.631305e-05
1.989880e-01
7.018119e-01
2.420924e-05
2.194869e-03
1.671552e+00
7.900302e+01
