1.870090e-01
3.758537e+02
1.535514e+01
1.751942e+01
2.349797e+01
1.119979e+02
1.577803e+00
1.226592e-04
4.292617e-03
8.186635e-04
3.805643e+00
2.122885e+04
1.778552e+00
6.953256e-04
5.759245e-02
2.242249e-02
1.463573e-01
4.699714e+05
1.501983e-02
9.990014e+02
1.484435e-01
2.947774e+04
7.660405e+00
9.242658e-01
3.735874e-02
1.289875e-01
6.120921e+01
4.440198e+02
8.444623e+00
1.213635e+01
3.018060e-01
2.983781e+04
6.988006e+00
1.484010e+01
2.433991e+00
1.404858e+02
1.539567e+00
3.261484e-03
7.739557e-04
2.402640e-05
2.599881e+00
4.319860e+03
2.592658e-04
4.463500e+02
4.299588e-01
8.984972e-02
6.898118e-01
7.940258e-02
1.551590e+00
2.763564e+03
1.220728e-01
4.609373e+02
4.617093e-02
7.132645e-02
2.346246e-03
1.205409e+01
1.238716e+00
2.554333e-01
6.371909e+00
5.574448e+01
5.320308e-03
5.892266e+00
1.701253e+00
6.036139e-01
2.124962e+00
3.149535e-04
3.141302e-03
1.744812e-03
2.181357e-05
6.221443e-03
1.588682e-01
8.225224e-05
5.427960e-03
1.301034e+00
2.021103e+02
