1.022187e+00
9.589977e+02
1.914691e+01
4.870021e+01
1.879244e+01
2.354659e+02
1.811043e+00
2.506443e-04
3.209481e-03
1.046112e-03
4.173496e+00
9.882844e+04
1.548686e+01
1.510858e-03
2.021453e-02
5.867263e-02
1.320215e-01
8.484692e+05
6.857647e-03
1.558478e+02
2.274878e-01
3.908350e+04
1.292066e+01
4.605368e-01
6.703048e-02
4.480752e-02
1.249449e+01
7.977171e+02
6.368586e+00
1.417778e+01
2.439888e-01
4.710411e+04
9.937418e+00
1.855432e+01
1.678573e+00
2.669067e+02
2.025368e+00
1.341821e-03
7.655052e-04
6.849956e-05
2.385555e+01
6.637466e+03
9.688102e-04
6.111937e+02
1.918585e+00
4.841538e-02
2.365558e-01
1.416204e-01
1.023465e+00
2.797706e+03
5.602097e-02
2.476446e+02
1.881424e-01
1.226157e-02
1.039700e-03
1.457004e+01
9.630496e-01
7.208181e-01
1.645207e+00
1.123882e+01
2.558569e-02
5.876345e+00
4.286021e-01
1.887439e+00
2.520316e+00
3.840120e-04
1.068683e-03
3.059943e-03
6.696448e-05
5.985646e-02
1.182972e-01
6.563741e-05
7.813838e-02
2.426624e+00
1.078934e+02
