5.231158e-01
7.806510e+02
2.182311e+01
2.118247e+01
8.679800e+01
1.741675e+02
1.799245e+00
5.567766e-05
4.468728e-03
1.066026e-03
1.213271e+01
1.340002e+04
4.455843e+00
2.097105e-03
3.339267e-02
1.816134e-01
4.894777e-01
2.116336e+06
4.317762e-02
5.972921e+02
3.469752e-01
7.360217e+04
2.818628e+01
7.901100e+00
1.862700e-02
1.184521e-01
1.048134e+02
1.220664e+03
8.039783e+00
2.902394e+01
3.220125e-01
1.008523e+04
1.826972e+01
9.555100e+00
6.920963e-01
2.653065e+02
1.781866e+00
1.978562e-03
9.445996e-04
3.813536e-05
1.164399e+01
2.297773e+04
4.555104e-04
7.000013e+02
9.362501e-01
5.142253e-02
1.307446e+00
1.190880e-01
5.409641e-01
4.233991e+03
5.493926e-02
4.426284e+03
2.350113e-02
7.802742e-02
7.092545e-04
2.455073e+01
1.537128e+00
5.044277e-01
3.761304e+00
3.777883e+01
2.627137e-02
6.518897e+00
6.893813e-01
2.610739e-01
2.351699e+00
7.111492e-04
3.199252e-03
2.989363e-03
2.475566e-05
4.979893e-02
3.206051e-01
1.698399e-04
5.191217e-02
2.666562e+00
1.500831e+02
