1.246794e-01
1.679818e+03
1.050093e+01
1.286726e+01
1.718599e+01
4.193537e+01
1.284066e+00
3.654469e-04
5.555908e-03
8.570361e-04
4.007369e+00
8.934711e+04
2.992347e-01
1.539733e-04
6.597839e-03
2.080460e-02
7.850980e-02
2.033919e+05
1.981972e-03
2.515193e+02
4.500064e-01
2.692686e+04
1.009064e+02
2.327580e-01
1.108608e-01
7.945170e-01
1.922607e+02
4.415834e+03
1.712415e+00
5.629735e+00
5.185298e+00
1.172612e+04
1.379479e+02
7.920949e+00
4.980339e-01
2.491335e+02
1.114005e+00
3.284434e-02
7.527585e-04
1.190537e-04
1.041016e+00
4.801366e+04
2.040275e-04
1.936979e+02
1.264424e+01
7.037924e-01
5.452852e+00
1.776566e-02
2.443180e+00
1.131264e+03
3.662237e-01
4.254784e+03
1.311150e-01
1.608624e-01
2.989825e-03
4.343545e+01
3.244381e+00
1.125775e+00
1.917757e+01
2.610073e+01
5.297024e-02
2.656980e+01
2.490927e-01
5.974130e-01
1.936865e+00
7.776282e-05
1.009419e-02
8.050757e-04
2.294686e-05
2.500429e-02
3.846260e+00
6.626696e-05
1.146869e-01
1.279580e+00
3.205712e+02
