1.340770e-01
1.048517e+03
1.848414e+01
3.949929e+01
1.858506e+01
1.420084e+02
1.815239e+00
1.609177e-04
5.254747e-03
6.742886e-04
7.050973e+00
3.550492e+04
8.185385e-01
4.412113e-04
9.482027e-03
1.404215e-02
2.243653e-01
3.432752e+05
2.416599e-03
3.300097e+02
1.202527e-01
3.761392e+04
1.221512e+00
1.584280e+00
1.251939e-02
1.172716e-01
8.950868e+00
2.947808e+02
5.725531e+00
1.961889e+01
6.164999e-02
2.611092e+04
3.294398e+00
4.271635e+00
3.956186e-01
2.140722e+02
1.628941e+00
2.571328e-03
6.110475e-04
7.410487e-05
4.938282e+00
1.656567e+03
5.942184e-04
5.017471e+02
1.678673e+00
4.829377e-02
3.893895e-01
2.165428e-01
1.422801e+00
1.918613e+03
1.572827e-01
4.663978e+02
6.565474e-02
1.726696e-02
2.918665e-03
4.814219e+00
7.046259e-01
1.441445e-01
3.198756e-01
4.251840e+01
6.958001e-03
4.120931e+00
1.758765e+00
6.863544e-01
1.807741e+00
2.140522e-04
1.812192e-03
3.619784e-04
4.672031e-05
9.102972e-03
5.481307e-01
1.614712e-05
5.399477e-03
1.868053e+00
4.500436e+02
