2.871441e-01
1.429043e+03
7.476820e+00
1.208957e+01
1.131051e+01
4.099144e+02
2.249861e+00
2.656915e-04
4.458159e-03
3.034254e-03
1.352922e+01
8.839909e+03
4.869192e-01
5.928985e-04
3.431812e-03
3.588350e-02
3.849079e-01
2.958589e+05
1.212672e-03
1.130091e+02
1.184340e-01
3.217612e+04
2.361986e+00
2.573403e-01
2.214828e-02
1.870989e-01
2.203650e+01
5.005630e+02
5.963175e+00
6.823670e+00
1.205609e-01
9.885762e+03
1.154019e+01
7.690108e+00
5.089514e-01
3.611102e+01
2.133746e+00
5.127376e-03
8.378964e-04
6.009940e-05
1.034582e+01
5.497803e+03
3.933167e-04
2.384126e+02
3.621578e-01
2.111285e-02
3.513755e+00
4.105450e-01
2.316774e-01
2.340875e+03
1.669425e-02
1.891989e+02
3.142166e-02
1.115171e-02
1.003331e-03
2.053769e+00
2.151452e-01
4.362557e-01
7.558298e+00
6.362496e+00
8.138705e-03
6.250830e+00
8.982393e-01
2.571411e-01
1.052217e+00
8.970492e-05
2.360983e-04
7.715485e-04
4.114147e-05
5.731628e-03
5.807357e-01
3.684580e-05
5.753686e-03
2.626225e+00
2.262282e+02
