4.424099e-02
4.529398e+01
1.404260e+01
2.067718e+01
2.285840e+02
2.766240e+02
1.000000e+00
1.452561e-04
6.488947e-03
4.292469e-04
5.636949e+01
3.418048e+03
1.006943e+01
6.325297e-03
4.050625e-03
1.838914e-02
1.678752e-01
4.877496e+05
2.700907e-03
1.534690e+02
4.069104e-01
3.031874e+04
1.377148e+01
9.631939e-01
1.718614e-02
8.652117e-02
2.722173e+01
9.002828e+01
5.721172e+01
1.169668e+02
8.139273e-02
6.672403e+04
8.413578e+01
2.830561e+00
5.122302e-01
2.419532e+02
1.021429e+00
1.533381e-03
1.937020e-03
8.141920e-05
2.424878e+01
1.479270e+04
2.610443e-03
5.245999e+02
2.941369e+00
2.913754e-02
1.369798e-01
5.714483e-01
3.510590e+00
3.992061e+02
1.966673e-01
4.260819e+02
6.920433e-02
4.143589e-01
6.110158e-04
1.222262e+01
1.194569e+00
3.859526e-01
4.167969e+00
4.264536e+01
8.752486e-03
3.233069e+00
1.906829e-01
8.278755e-01
1.381163e+00
1.636789e-03
4.009842e-03
2.448164e-02
1.171030e-05
2.962058e-03
5.825386e-01
4.433579e-06
1.384439e-03
1.031995e+00
3.753656e+02
