4.739321e-02
2.910952e+02
3.732670e+00
7.733445e+00
2.576475e+02
2.568349e+02
1.066990e+00
3.406439e-04
2.143391e-02
3.775464e-04
3.064256e+01
1.342139e+04
9.881182e+00
8.966762e-03
5.887350e-03
2.393514e-02
9.619122e-02
6.710318e+05
2.745966e-03
1.486454e+02
3.569483e-01
1.386133e+04
1.339623e+01
1.113351e+00
1.238012e-02
1.054328e-01
2.389524e+01
1.605112e+02
1.464411e+01
1.441837e+02
1.085772e-01
6.670598e+04
2.593850e+01
5.488597e+00
5.861725e-01
6.356310e+02
1.270420e+00
1.035015e-03
1.580333e-03
7.249363e-05
7.832151e+00
1.421329e+04
3.795511e-03
5.608445e+02
2.078626e+00
4.761921e-02
1.395720e-01
5.008793e-01
3.806284e+00
8.015740e+02
7.153285e-01
3.072796e+02
8.985748e-02
2.177541e-01
5.470680e-04
1.051403e+01
9.832016e-01
5.027702e-01
1.702726e+00
2.821021e+01
5.734431e-03
4.725456e+00
1.387073e-01
1.417723e+00
1.616747e+00
2.124466e-03
3.274338e-03
1.917770e-02
1.892369e-05
2.038780e-03
5.059757e-01
5.046494e-06
2.702874e-03
1.024651e+00
5.357136e+02
