2.523848e-01
5.324594e+02
1.516491e+01
4.426524e+01
2.090484e+02
2.798926e+02
2.286353e+00
1.532329e-04
8.810648e-03
2.915759e-04
7.077644e+00
3.995616e+04
3.278920e+00
5.748294e-03
2.800850e-02
4.208124e-02
1.437630e-01
6.080708e+05
1.967111e-03
3.453744e+02
8.477594e-01
5.474006e+04
2.420163e+01
3.670768e-01
2.816548e-02
2.077382e-01
3.005450e+01
7.219743e+01
9.926517e-01
2.449653e+00
4.294419e-01
4.510914e+03
9.088404e+01
2.902079e+00
1.502051e+00
9.357132e+01
2.243588e+00
1.320875e-03
9.766601e-04
5.586783e-05
6.269119e+00
1.506873e+04
1.194554e-03
5.101281e+02
5.127761e-01
6.379394e-02
1.017586e+00
1.408708e-01
5.437100e-01
1.134225e+03
8.976762e-02
2.324385e+02
5.271999e-02
3.210815e-02
7.605704e-04
1.074123e+01
2.502972e-01
1.794449e-01
9.836521e+00
9.297378e+00
2.264360e-02
2.546223e+01
4.650604e-01
8.751738e-01
2.822930e+00
8.303323e-05
1.169717e-03
3.889923e-03
1.557896e-05
9.600964e-02
5.836349e-01
6.276987e-06
4.257330e-03
1.503851e+00
1.874297e+02
