3.452485e-01
1.551482e+03
2.486870e+01
2.177673e+01
3.700519e+01
3.692874e+01
2.354176e+00
1.858438e-04
2.913975e-02
1.750607e-03
1.854684e+01
1.122194e+04
1.686902e+00
1.737564e-03
3.883330e-02
1.900403e-01
3.040408e-02
3.709932e+05
9.077694e-03
4.198461e+02
2.054267e+00
3.832287e+04
2.345166e+01
4.248088e-01
1.443516e-02
6.503272e-01
5.885654e+00
3.759413e+02
6.587823e+00
2.894130e+01
4.308578e+00
2.520047e+04
1.549992e+01
1.307780e+01
3.189944e-01
1.381956e+02
1.920427e+00
2.985178e-03
1.072551e-03
1.193850e-05
1.010105e+01
2.242427e+03
1.303307e-03
2.287107e+02
4.262479e-01
2.885352e-02
2.729830e-01
1.861403e-01
5.715664e+00
3.520001e+03
2.965427e-02
6.160635e+02
5.112266e-02
3.700573e-02
1.790621e-03
2.421719e+01
9.074955e-01
2.290643e-01
2.476468e+00
3.358798e+01
4.610804e-02
6.387605e+00
2.475778e-01
7.225382e-01
1.740065e+00
5.044725e-04
9.020441e-04
1.648294e-03
1.165429e-05
1.001215e-02
2.204609e+00
4.081505e-05
9.084194e-03
1.266140e+00
2.368948e+02
