9.873548e-02
9.752960e+02
1.999388e+01
2.507023e+01
3.518819e+00
2.030627e+02
1.422415e+00
4.969401e-04
1.238036e-03
4.792048e-04
3.253171e+01
1.473309e+05
8.399878e+00
2.480331e-04
3.278088e-02
2.020891e-02
1.434810e+00
1.045764e+06
4.443402e-03
7.385463e+02
5.949383e-01
9.811470e+04
8.487246e+00
3.416783e-01
1.207458e-01
1.320804e-01
6.060314e+00
8.403361e+02
1.063743e+00
2.142800e+00
2.184722e+00
9.615990e+04
1.108266e+02
9.222429e+01
5.201191e-01
2.497006e+02
1.491699e+00
2.134699e-03
8.082938e-04
8.043663e-05
1.394866e+01
6.703522e+04
1.010464e-03
3.572376e+02
1.404762e+01
1.124938e-01
1.094690e-01
1.699480e-01
2.126594e+00
8.676180e+02
7.079341e-01
3.371114e+02
5.637702e-02
3.148145e-01
5.999281e-04
6.474214e+00
4.404352e-01
4.170081e-01
4.750956e-01
2.320506e+01
1.299249e-02
2.313775e+00
7.225514e+00
2.550499e+00
1.431184e+00
5.799614e-04
2.384064e-04
1.432226e-03
2.529010e-05
1.054506e-02
1.866198e-01
7.395594e-05
6.526822e-03
1.934991e+00
4.547217e+02
