1.368221e-01
1.006766e+03
1.450422e+01
1.655699e+02
1.833950e+02
1.657032e+03
2.676100e+00
2.997150e-05
1.801573e-02
1.245747e-02
1.682213e+01
2.296444e+05
8.031053e+00
1.820353e-03
6.854310e-02
1.529580e-02
5.454109e-02
2.036573e+06
2.750637e-03
2.481451e+02
5.388591e+00
5.541918e+04
7.492389e+01
3.707997e-01
1.346746e-02
4.511522e-02
1.923118e+02
2.797477e+03
3.154220e+01
2.865767e+01
1.670889e+00
9.929140e+04
1.042347e+02
1.260038e+02
4.239908e-01
1.901698e+02
1.402445e+00
2.120584e-03
2.531105e-03
1.880687e-04
1.452584e+01
4.587374e+04
2.689252e-03
5.285524e+03
8.077654e+00
2.295381e-01
2.384633e+00
5.267634e-01
2.846428e+00
7.931987e+03
3.329921e-02
1.901234e+03
9.735579e-02
3.653262e-01
1.166813e-03
1.580784e+02
6.860205e-02
7.360861e-02
1.623996e+01
2.098340e+02
1.267833e-01
9.544308e+01
2.219461e-01
6.125490e+00
4.000000e+00
2.704880e-03
2.104093e-04
2.074443e-02
8.110140e-06
8.439113e-03
3.969506e+00
1.315085e-05
6.885023e-03
4.000000e+00
3.704046e+02
