1.899850e-01
1.736356e+02
2.743577e+01
3.439377e+01
9.489054e+01
2.524281e+01
2.159840e+00
1.842444e-04
1.093819e-02
2.360611e-04
2.453899e+00
5.283872e+04
1.207351e+00
2.497592e-03
7.207471e-02
7.999230e-02
3.865781e-02
1.413866e+06
6.452662e-03
1.070402e+03
1.209832e+00
1.015078e+04
8.154121e+01
1.329435e+00
3.102093e-02
1.391836e-01
2.383951e+01
1.371059e+03
2.032375e+01
2.508166e+00
5.532421e-01
4.327482e+04
2.108481e+01
9.798188e+00
5.560589e+00
8.491260e+01
1.663636e+00
6.479657e-03
4.858497e-04
4.840946e-05
1.102714e+01
3.236182e+03
9.640126e-05
2.857166e+02
1.355265e+00
2.770417e-01
4.573479e-01
1.230661e-01
1.589466e-01
5.484283e+02
5.595723e-01
1.989514e+02
5.454645e-02
5.313216e-02
3.027080e-04
7.526268e+00
1.014497e+00
7.285758e-02
7.993683e-01
1.492727e+01
1.117700e-01
8.450275e+00
1.108868e-01
3.564058e-01
1.606303e+00
1.181544e-04
1.430630e-03
8.090057e-03
2.199843e-05
5.411596e-02
7.946392e-02
4.775859e-06
8.105426e-03
1.351681e+00
1.757120e+02
