6.216478e-02
2.927840e+02
3.720392e+01
2.424854e+01
1.518372e+01
2.097844e+01
1.936402e+00
2.575731e-04
2.767953e-03
1.021272e-03
1.818343e+01
5.054219e+04
7.153132e+00
1.598989e-03
9.972907e-02
8.282646e-02
2.023922e-02
7.912814e+05
5.648117e-04
3.878377e+03
5.503461e+00
1.989329e+05
1.009064e+02
3.634501e+00
7.988070e-03
6.494180e-01
1.923118e+02
5.288214e+02
1.399697e+01
3.579913e+01
6.081189e-02
1.388049e+05
1.230941e+02
8.808138e+00
9.205070e-02
7.266233e+02
2.428993e+00
1.459289e-03
9.083770e-04
1.750300e-04
2.987554e+00
8.562744e+04
1.113452e-03
1.058925e+02
8.940454e+00
1.273202e-02
1.074802e+00
2.430259e-02
6.450912e-01
1.377509e+03
3.350818e-02
1.157116e+04
1.570137e-01
6.181381e-03
6.268858e-03
1.947864e+01
1.531207e-01
3.144705e-02
2.423780e-01
2.156180e+01
3.017085e-03
4.299564e+00
1.926565e+00
1.587416e-01
2.462389e+00
6.616744e-05
2.054781e-03
1.322626e-02
8.077276e-06
7.645910e-03
1.310917e+00
1.349736e-05
1.384439e-03
2.991501e+00
3.584245e+02
