9.456305e-02
3.578361e+02
3.453499e+01
5.129658e+01
5.060386e+01
7.442586e+01
2.138267e+00
4.838476e-05
3.068256e-03
1.522591e-03
1.377117e+01
2.123245e+04
1.143192e+00
1.242057e-03
3.848216e-02
4.734823e-02
4.669347e-02
4.270510e+05
3.645773e-03
1.160319e+03
1.833869e-01
1.927026e+04
1.065906e+01
1.032124e+00
1.950654e-02
5.399778e-02
1.035183e+01
2.041217e+02
3.718633e+00
1.178921e+01
2.351830e-01
1.947171e+04
5.564467e+00
1.265469e+01
3.055821e-01
2.796574e+02
1.532204e+00
1.322563e-03
1.069701e-03
1.019124e-04
2.200342e+01
4.771489e+03
3.032047e-04
2.976567e+02
8.480008e-01
1.060853e-01
3.455702e-01
4.766387e-02
3.261999e-01
2.822881e+03
5.396812e-02
1.204993e+03
3.576168e-02
4.740808e-02
2.363429e-03
6.944008e+00
1.036466e+00
2.213765e-01
9.396698e-01
3.739437e+01
1.431378e-02
7.791804e+00
5.638104e-01
4.220188e-01
2.050568e+00
5.754788e-05
2.205326e-03
1.584163e-03
5.982472e-05
1.947891e-02
2.725795e-01
3.698465e-05
5.867765e-03
2.046177e+00
2.772260e+02
