2.270592e-01
5.657954e+02
1.525884e+01
4.171779e+01
2.043756e+02
2.803419e+02
2.325035e+00
1.993258e-04
9.434099e-03
1.986343e-04
1.086509e+01
7.578670e+04
4.494693e+00
5.067275e-03
3.429515e-02
3.974018e-02
1.625361e-01
6.124729e+05
2.404463e-03
3.995108e+02
1.083194e+00
6.916562e+04
2.880013e+01
2.363198e-01
4.022361e-02
2.000241e-01
2.550731e+01
8.251723e+01
6.982989e-01
2.211287e+00
5.542555e-01
3.815601e+03
1.001375e+02
3.278262e+00
1.120524e+00
1.149740e+02
2.098484e+00
1.486216e-03
1.024263e-03
6.980694e-05
6.005604e+00
1.238484e+04
1.355605e-03
6.090864e+02
5.147827e-01
7.386459e-02
8.762182e-01
1.342221e-01
5.770714e-01
7.279190e+02
1.231550e-01
1.893625e+02
3.959477e-02
5.729397e-02
7.058828e-04
1.019564e+01
2.699310e-01
1.747382e-01
9.482367e+00
7.118823e+00
2.421397e-02
1.948635e+01
6.300873e-01
1.082946e+00
2.664669e+00
1.184205e-04
1.069877e-03
3.978938e-03
1.530502e-05
6.419607e-02
5.988766e-01
7.938997e-06
2.746867e-03
1.431801e+00
2.022479e+02
