2.589199e-01
6.560695e+02
2.102713e+01
4.955391e+01
2.684235e+01
1.248019e+02
3.115547e+00
1.044926e-04
9.383722e-03
1.386380e-03
7.619076e+00
5.722420e+04
1.480418e+01
1.549648e-03
2.128130e-01
1.697262e-01
4.532124e-01
5.114844e+05
3.073081e-03
1.003251e+03
8.145513e-01
5.379471e+04
6.800452e+01
9.712486e-01
1.749831e-01
9.866139e-02
9.205318e+00
5.071628e+02
3.335376e+00
1.472423e+01
6.070679e-01
2.095269e+04
2.361959e+01
1.921415e+01
4.188586e-01
2.832673e+02
2.332695e+00
1.650634e-03
1.046672e-03
8.583739e-05
2.268438e+01
5.110946e+04
1.947894e-03
1.026925e+02
6.303837e+00
8.057550e-02
1.680052e-01
7.825042e-02
2.187082e+00
1.953155e+03
4.740434e-01
7.224613e+02
3.444444e-02
1.165627e-01
1.024690e-03
2.169179e+01
3.859875e-01
1.853635e-01
3.066789e+00
2.402223e+01
2.326880e-02
5.881875e+00
4.915195e+00
5.688771e-01
2.052319e+00
5.057380e-04
3.677055e-04
1.878358e-03
4.346695e-05
1.213577e-01
1.373654e+00
8.894551e-05
9.702425e-03
1.161273e+00
1.853661e+02
