1.140170e-01
1.801536e+02
1.476174e+01
2.724609e+01
1.189310e+01
2.005226e+02
1.909222e+00
1.979255e-05
4.713246e-03
1.188064e-02
3.444064e+01
4.969694e+03
1.006967e+00
2.000725e-03
6.516161e-02
4.555557e-02
5.836400e-02
3.035104e+05
2.605549e-03
2.542230e+03
8.766992e-02
2.026870e+04
2.946846e+00
4.233334e-01
1.476982e-02
2.269324e-02
3.669218e+00
1.072535e+02
1.166406e+01
8.567797e+01
1.483328e-01
5.737442e+03
1.129115e+01
3.107531e+00
3.303190e-01
1.509759e+02
3.083887e+00
6.422473e-04
4.864439e-03
5.348584e-05
1.898285e+01
4.886766e+04
5.705898e-04
1.229088e+02
1.979949e-01
3.514765e-01
9.429079e-02
1.658432e-01
1.189963e+00
1.992713e+04
9.418134e-02
1.486829e+02
6.403506e-01
1.216220e-01
3.498562e-03
4.759330e+00
2.032577e-01
1.266287e-01
3.148823e-01
6.255924e+01
2.342751e-02
1.871474e+01
3.192171e+00
1.491867e-01
2.050318e+00
1.099510e-04
7.930766e-04
1.359470e-02
1.171535e-04
4.585070e-02
2.097469e+00
4.701623e-05
5.603688e-02
1.913711e+00
2.700162e+02
