4.578806e-02
1.031441e+02
1.526751e+01
3.863751e+01
1.998324e+01
2.721633e+02
1.947121e+00
3.133412e-05
5.214684e-03
1.055068e-02
3.328408e+01
3.884704e+03
8.028264e-01
1.000156e-03
6.411266e-02
3.335514e-02
4.620839e-02
1.675533e+05
1.696317e-03
2.300186e+03
6.229493e-02
1.854359e+04
3.230186e+00
5.347641e-01
1.144356e-02
2.696609e-02
2.101690e+00
1.564543e+02
6.686835e+00
1.477752e+02
1.109530e-01
8.377707e+03
7.030611e+00
3.438322e+00
2.300573e-01
1.390519e+02
2.880827e+00
1.034841e-03
2.680764e-03
5.645128e-05
1.895110e+01
5.834710e+04
4.267876e-04
1.609265e+02
1.977814e-01
4.296728e-01
9.659848e-02
2.556946e-01
8.691253e-01
2.636349e+04
8.377343e-02
1.568434e+02
5.779381e-01
1.496786e-01
1.867398e-03
3.560667e+00
2.005355e-01
1.361232e-01
2.480669e-01
5.202817e+01
2.126183e-02
1.279713e+01
2.351242e+00
1.061195e-01
1.638482e+00
8.548780e-05
7.261542e-04
1.677685e-02
9.654979e-05
1.988805e-02
1.810433e+00
3.142855e-05
6.354426e-02
2.049353e+00
3.604069e+02
