1.775459e-01
9.249714e+02
2.752867e+01
3.547044e+01
1.539495e+02
7.065317e+01
2.521637e+00
8.225928e-05
2.435155e-03
9.379788e-04
5.257387e+00
5.414717e+04
2.647307e+00
6.495211e-04
6.862198e-03
2.784382e-02
1.793859e-01
3.539620e+05
1.941811e-02
7.331567e+02
1.858079e-01
2.265712e+04
1.246494e+01
1.435543e+00
1.785574e-02
1.757435e-01
3.877359e+01
1.500531e+02
8.438776e+00
2.948416e+01
7.590578e-01
8.420591e+03
4.272445e+01
1.138729e+01
5.367269e-01
1.632181e+02
1.200270e+00
1.929985e-03
1.352068e-03
4.301353e-05
2.421107e+01
8.381066e+03
1.060186e-03
1.905162e+02
1.147381e+00
3.342164e-02
4.217177e-01
1.320578e-01
1.408480e+00
1.964610e+03
9.653455e-02
3.604049e+02
5.023734e-02
4.895984e-02
4.502029e-04
5.291852e+01
4.048933e-01
1.869086e-01
6.896936e-01
3.418010e+01
3.047689e-02
3.522109e+01
2.059038e+00
4.559904e-01
1.446825e+00
3.143884e-04
1.209115e-03
1.144807e-03
1.373733e-05
1.450876e-02
4.293694e-01
4.526867e-05
2.872777e-02
2.487030e+00
2.323231e+02
