3.974459e-01
1.338282e+03
2.955301e+01
2.285801e+01
3.662785e+01
4.920286e+01
2.087556e+00
1.394541e-04
2.030162e-02
1.477915e-03
1.732931e+01
1.630134e+04
7.216149e-01
9.686640e-04
6.255861e-02
9.316326e-02
1.971485e-02
2.656928e+05
8.875869e-03
3.658103e+02
1.923239e+00
3.871159e+04
2.937961e+01
5.024254e-01
9.047021e-03
6.089301e-01
5.208223e+00
3.086409e+02
5.491680e+00
1.993737e+01
2.782909e+00
1.455177e+04
1.354306e+01
9.087574e+00
3.622397e-01
1.200947e+02
1.480178e+00
1.550848e-03
1.133893e-03
7.850430e-06
1.063748e+01
1.416933e+03
2.162310e-03
1.976933e+02
3.517636e-01
2.641342e-02
2.687032e-01
1.340448e-01
2.561823e+00
1.328201e+03
2.084549e-02
4.115079e+02
2.849641e-02
4.050562e-02
2.131264e-03
1.570908e+01
4.180877e-01
2.286316e-01
1.125989e+00
2.073443e+01
7.143536e-02
4.195900e+00
2.906632e-01
7.364212e-01
1.642298e+00
5.675775e-04
1.262617e-03
1.069776e-03
6.334226e-06
7.938646e-03
1.202992e+00
6.739909e-05
6.518508e-03
1.248672e+00
1.862754e+02
