1.020505e-01
3.174049e+02
3.587940e+01
4.377817e+01
4.775985e+01
5.861153e+01
2.283600e+00
7.089337e-05
4.303279e-03
1.433923e-03
1.091014e+01
1.473805e+04
1.461661e+00
1.199904e-03
5.193419e-02
6.297587e-02
3.510983e-02
3.850621e+05
3.192458e-03
1.030071e+03
3.179330e-01
2.734436e+04
9.191146e+00
7.157262e-01
1.941127e-02
8.943642e-02
1.615916e+01
2.901053e+02
4.749743e+00
1.644049e+01
3.050045e-01
1.577101e+04
7.375081e+00
1.131814e+01
3.520954e-01
3.324038e+02
1.453206e+00
1.354601e-03
1.348870e-03
1.038131e-04
1.921681e+01
5.983845e+03
4.535523e-04
2.843776e+02
1.126895e+00
1.007337e-01
3.079355e-01
6.642794e-02
3.981247e-01
3.969131e+03
4.072511e-02
1.138324e+03
2.604537e-02
3.440973e-02
2.348686e-03
5.739792e+00
9.534469e-01
1.980968e-01
1.123683e+00
3.881954e+01
1.576206e-02
7.916865e+00
4.380501e-01
5.795978e-01
1.999505e+00
7.167339e-05
1.837167e-03
2.172614e-03
4.490133e-05
1.669285e-02
3.219996e-01
3.295914e-05
5.162781e-03
2.109867e+00
2.863803e+02
