1.896056e-01
3.159710e+02
2.414539e+01
1.914209e+01
2.485499e+01
1.178206e+02
1.519899e+00
1.341286e-04
4.747244e-03
8.705100e-04
5.026445e+00
8.909461e+03
3.281493e+00
9.399939e-04
3.255522e-02
2.084793e-02
1.057647e-01
3.657927e+05
4.091477e-03
3.960076e+02
3.296852e-01
1.945274e+04
2.134935e+01
1.777005e+00
4.901201e-02
7.581419e-02
1.758731e+01
6.310428e+02
1.238955e+01
5.823472e+00
6.313049e-01
2.554286e+04
8.829414e+00
1.126354e+01
5.201383e-01
1.091652e+02
1.427862e+00
2.924995e-03
1.012331e-03
4.798437e-05
7.821523e+00
3.634166e+03
1.856714e-04
3.916653e+02
1.240846e+00
9.197213e-02
2.324269e-01
1.315648e-01
1.619474e+00
1.464253e+03
2.088659e-01
7.504020e+02
1.401974e-01
5.878598e-02
7.940649e-04
1.299887e+01
4.187813e-01
2.309247e-01
5.657093e-01
1.768053e+01
1.997580e-02
8.832601e+00
3.142135e-01
9.783486e-01
1.695131e+00
2.338340e-04
4.921431e-04
2.716819e-03
1.037203e-04
6.241137e-03
2.254787e-01
3.186578e-05
6.966404e-03
1.896044e+00
2.280074e+02
