1.439028e-01
2.557276e+02
3.088526e+01
4.365548e+01
9.508308e+01
1.108493e+02
1.480150e+00
7.075985e-05
1.057057e-02
9.219807e-04
1.148919e+01
2.302235e+04
8.114276e-01
7.276812e-04
6.759105e-03
1.531448e-02
1.690126e-01
3.859839e+05
8.312580e-03
3.253666e+02
3.379197e-01
7.349218e+04
3.392167e+00
1.364846e+00
3.025216e-02
3.115361e-02
1.007940e+01
2.429392e+02
3.228591e+01
3.640651e+00
4.137768e-01
3.264342e+03
1.145427e+01
4.437343e+01
1.004785e+00
3.187480e+01
1.580598e+00
8.143230e-04
3.846326e-03
2.841426e-04
5.233335e+00
5.551873e+03
1.131409e-03
3.415065e+02
1.607311e+00
5.791004e-02
2.816729e-01
9.177791e-02
1.269260e+00
2.290220e+03
1.091447e-01
8.008075e+02
1.533036e-02
3.784391e-02
3.788943e-03
5.509480e+00
1.736218e+00
8.127995e-01
9.069449e-01
3.388877e+01
1.772841e-02
3.085042e+00
1.855391e-01
2.884207e-01
1.780909e+00
9.164579e-05
8.059335e-04
3.140976e-03
2.915562e-05
3.983208e-02
1.579655e-01
2.287056e-05
6.350335e-03
1.906612e+00
2.260174e+02
