4.304551e-02
2.494642e+02
6.801430e+01
1.603356e+02
2.425710e+01
1.676323e+02
1.865760e+00
1.852607e-04
6.038933e-03
2.290788e-03
8.538217e+00
3.481253e+04
1.379143e+00
4.968144e-04
5.544349e-02
3.649131e-02
1.939586e-01
9.350265e+04
2.032161e-02
7.215310e+02
1.498422e+00
2.175935e+05
3.310779e+01
4.604220e+00
1.606415e-02
1.082178e+00
6.806811e+01
2.077304e+02
8.558284e-01
2.849085e+00
1.230447e+00
2.259377e+04
4.902348e+00
1.244441e+01
9.011650e-01
2.745453e+02
2.977915e+00
1.984585e-02
6.835832e-04
1.829925e-05
6.858166e+00
8.814393e+02
4.038034e-03
8.373796e+02
2.659351e+00
7.037924e-03
9.527280e-01
1.945120e-01
8.645224e-01
4.645556e+03
1.126154e-01
2.179945e+02
1.718146e-02
5.116820e-03
1.270303e-02
8.776672e+00
1.573952e+00
1.772441e-01
1.030917e+00
9.265350e+01
1.056206e-02
2.280729e+00
9.268861e+00
1.656030e+00
1.971986e+00
1.004945e-03
7.320690e-03
4.051331e-03
3.500000e-06
1.675576e-02
1.160601e-01
2.274116e-04
1.898500e-02
1.740815e+00
4.249975e+02
