1.981654e-01
7.033162e+02
2.432067e+01
3.727588e+01
5.688060e+01
6.338778e+01
2.482064e+00
1.487006e-04
1.565307e-02
1.175751e-03
1.013905e+01
6.836695e+04
4.811886e+00
8.715876e-04
6.062440e-02
7.221925e-02
7.334585e-02
4.094465e+05
5.195537e-03
5.652767e+02
1.741207e-01
3.513947e+04
4.439559e+01
1.152259e+00
2.735110e-02
3.726082e-02
1.936959e+01
6.996641e+02
1.147293e+00
6.107954e+00
6.421678e-01
8.301218e+03
1.052697e+01
7.702785e+00
4.381590e-01
1.177597e+02
2.132853e+00
3.309500e-03
1.236457e-03
4.198716e-05
2.572546e+01
4.989330e+03
1.191807e-03
4.280263e+02
5.522341e+00
5.857272e-02
1.663309e-01
3.695765e-02
8.320855e-01
1.554819e+04
7.845766e-02
5.038405e+03
5.126687e-02
1.615015e-01
2.608656e-03
3.162195e+01
1.235758e+00
1.662928e-01
2.970370e+00
1.237861e+01
1.877806e-02
9.041953e+00
9.020666e-01
3.079899e+00
2.230304e+00
5.587797e-04
6.931298e-04
3.066882e-03
1.874915e-04
6.624478e-03
6.869400e-01
2.032797e-05
1.932044e-02
2.033553e+00
1.971966e+02
