3.887934e-01
7.281602e+02
4.641152e+01
6.736599e+01
5.642281e+01
6.643008e+01
1.443575e+00
3.080879e-04
2.051361e-03
7.756199e-04
3.743408e+00
3.765614e+04
3.000884e+00
1.931158e-03
1.962326e-02
1.379111e-01
5.768291e-01
3.177672e+06
2.437298e-03
5.169703e+02
3.324502e-01
1.392023e+04
1.820110e+01
1.869604e+00
6.392865e-03
7.610634e-02
1.657357e+01
1.793802e+03
3.047468e+00
2.204293e+01
1.356136e+00
3.835326e+04
1.251662e+01
3.049076e+01
2.501128e-01
1.175416e+02
2.122740e+00
1.509538e-03
1.834184e-03
1.451549e-04
1.101451e+01
3.165992e+03
6.721725e-04
5.685470e+02
1.158446e+00
2.979536e-01
1.281713e+00
3.786954e-01
6.091553e-01
1.620897e+03
4.672675e-01
5.485965e+02
3.993187e-02
7.120051e-03
2.087073e-03
9.729196e+00
2.588362e+00
3.047239e-01
1.533909e+01
4.844859e+01
8.092414e-03
8.608105e+00
9.589394e-01
7.382487e-01
2.305205e+00
6.878830e-04
5.303683e-03
2.009619e-03
1.495959e-05
1.494059e-02
1.479767e+00
2.621858e-05
2.920435e-02
2.886824e+00
1.917053e+02
