1.756354e-01
3.422424e+02
3.192394e+01
6.686039e+01
9.974839e+00
1.475340e+02
1.925721e+00
1.895688e-04
1.974293e-03
1.310034e-03
9.823153e+00
6.174557e+04
4.291855e+00
9.555050e-04
2.731075e-02
4.206005e-02
1.496298e-01
4.772727e+05
8.435640e-03
2.911478e+02
4.336472e-01
2.367417e+04
1.398672e+01
5.876499e-01
2.620167e-02
1.148737e-01
1.577990e+01
2.770540e+02
4.067933e+00
2.357593e+01
4.082535e-01
2.852322e+04
1.576187e+01
2.960511e+01
2.491356e-01
1.854476e+02
1.666189e+00
2.211688e-03
8.552777e-04
1.106463e-04
3.278712e+00
1.524123e+04
6.988929e-04
3.221662e+02
1.468663e+00
8.227093e-02
3.340353e-01
8.790217e-02
2.111227e+00
2.896603e+03
4.691387e-02
3.571596e+02
3.450690e-02
2.829403e-02
2.811531e-03
4.909796e+01
1.922011e+00
3.664144e-01
2.756832e+00
2.587151e+01
2.216111e-02
6.243761e+00
1.128290e+00
4.330184e-01
1.404437e+00
7.459606e-05
2.171615e-03
3.132163e-03
2.367400e-05
1.554587e-02
2.243840e-01
6.037389e-05
3.243525e-03
1.667613e+00
2.008837e+02
