1.602336e-01
1.223037e+03
3.374410e+01
6.298656e+01
5.320610e+01
5.120256e+01
2.377113e+00
1.457150e-04
1.292456e-02
1.934787e-03
1.305882e+01
1.504050e+05
6.731127e+00
2.992571e-03
7.627498e-02
1.770243e-01
1.656965e-01
8.601948e+05
6.182891e-03
5.364197e+02
3.507192e-01
1.895007e+04
1.941841e+01
2.509871e+00
2.252157e-02
5.131745e-01
2.397330e+01
5.943638e+02
1.599060e+00
1.050394e+01
5.980860e-01
4.078811e+04
5.070902e+00
1.316944e+01
4.774173e-01
5.433872e+01
1.703206e+00
4.284700e-03
6.297588e-04
2.504565e-04
1.146202e+01
2.991148e+03
1.234826e-03
2.834029e+02
6.402398e+00
3.566196e-02
7.766946e-01
1.191725e-01
6.438228e-01
7.105425e+03
4.017091e-02
7.445299e+02
4.649553e-02
5.160144e-02
2.331997e-03
1.804803e+01
1.656989e+00
1.997050e-01
6.913040e+00
5.821477e+01
1.718019e-02
1.330736e+01
3.238829e+00
2.281477e+00
2.761308e+00
3.161532e-04
4.715878e-03
1.133744e-02
1.874326e-04
2.107675e-02
2.244334e-01
7.961018e-05
8.203918e-03
1.870126e+00
3.787482e+02
