3.232879e-01
1.575502e+02
3.329040e+01
8.409208e+01
5.280097e+01
1.747447e+02
1.919618e+00
1.573405e-04
1.461219e-03
4.155507e-04
4.963540e+00
5.278084e+03
1.421681e+00
1.324133e-03
1.400597e-02
2.788069e-02
4.465803e-01
5.132699e+05
6.453261e-03
1.642592e+03
2.991141e-01
2.089195e+04
1.177872e+01
2.172959e-01
2.835659e-02
9.786035e-02
2.503183e+01
4.741755e+02
2.381062e+00
7.128524e+00
6.848292e-01
1.101370e+05
1.272166e+01
2.436957e+01
8.366766e-01
1.099234e+02
1.118062e+00
1.175490e-03
1.098601e-03
7.102586e-04
1.671139e+00
4.157005e+04
1.091430e-03
9.043753e+02
7.938283e-01
2.434958e-01
5.637278e-01
9.199316e-02
2.252163e-01
1.503922e+03
2.523722e-02
7.644387e+02
2.538301e-02
7.046482e-02
9.184022e-04
3.285529e+01
1.028247e+00
2.364633e-01
1.989723e+00
7.945568e+00
1.625519e-02
1.378995e+01
6.651947e-01
2.323615e-01
1.880743e+00
9.663173e-05
2.130494e-03
2.626180e-03
5.494868e-05
2.491498e-02
3.426972e-01
1.525397e-05
2.098818e-02
2.860532e+00
1.166794e+02
