1.109145e-01
1.313792e+03
2.205070e+01
2.187765e+02
2.083012e+01
2.828391e+02
2.631734e+00
2.771307e-04
3.798703e-03
8.061500e-04
6.061640e+00
1.857817e+05
1.351791e+00
2.246998e-04
1.522448e-02
3.551382e-01
2.085086e-01
3.768672e+05
6.652289e-03
6.738267e+02
4.640243e-01
2.534450e+05
5.827163e+00
1.389008e-01
5.083059e-02
1.208201e-01
8.938408e+00
3.047101e+02
8.272412e+00
3.312439e+00
1.265459e+00
3.001245e+04
1.907254e+01
6.254019e+01
7.005144e-01
5.895667e+01
3.191092e+00
6.990643e-04
1.982635e-03
3.916568e-05
4.748594e+00
1.532240e+04
3.536465e-03
1.277660e+03
1.032372e+00
2.491534e-02
1.813639e-01
2.541205e-01
2.263945e+00
2.531025e+04
4.423948e-01
1.937880e+02
1.880836e-02
1.834724e-01
1.278941e-02
4.300168e+01
3.499401e+00
4.372801e-01
3.471627e-01
2.920124e+00
4.183797e-02
6.228234e+00
1.728830e+00
1.950429e+00
2.986249e+00
5.899450e-04
3.762145e-04
1.032581e-02
2.507794e-05
2.847499e-02
8.196108e-02
3.057825e-05
3.617415e-02
1.746053e+00
3.402665e+02
