5.019007e-01
9.591125e+02
2.005282e+01
4.176190e+01
2.610565e+02
3.765373e+01
1.837694e+00
1.936509e-05
4.433144e-03
1.371946e-03
5.778998e-01
2.916951e+04
1.663594e+01
4.513808e-04
4.190855e-02
1.979211e-01
1.798068e-02
2.562616e+05
1.280040e-02
2.389203e+03
4.213797e-01
3.701972e+04
4.826316e+00
2.417933e-01
1.664886e-02
1.189583e-01
3.704121e+00
4.505790e+02
4.354687e+00
6.740084e+00
5.216167e-02
2.392483e+03
1.178223e+01
3.979761e+01
1.849634e-01
1.908929e+01
1.000000e+00
2.435540e-03
1.972219e-03
7.650000e-06
8.907637e+01
1.449780e+03
4.766941e-03
2.624146e+03
6.046373e-01
7.037924e-03
8.214736e-02
1.013841e-01
9.966823e-01
1.350094e+04
2.374704e-02
3.961666e+02
2.265348e-01
7.186328e-02
9.542288e-04
1.580784e+00
3.054136e-01
9.478897e-02
2.335459e-01
2.833731e+01
5.739783e-02
4.490314e+01
1.899151e-01
3.460247e+00
3.566964e+00
2.704880e-03
1.009304e-02
4.990950e-03
6.051300e-05
1.699104e-02
2.669806e-01
8.171129e-05
2.323487e-02
1.248583e+00
9.069143e+01
