2.614992e-01
1.449882e+02
3.335021e+01
9.513935e+01
4.725428e+01
2.937020e+02
1.857157e+00
1.733873e-04
1.557966e-03
3.086922e-04
6.640020e+00
5.393461e+03
1.148240e+00
1.296785e-03
1.509722e-02
2.212100e-02
5.000154e-01
4.458100e+05
4.940788e-03
1.870387e+03
2.173610e-01
1.675617e+04
1.412383e+01
1.968600e-01
4.419293e-02
9.655460e-02
2.650477e+01
4.225862e+02
1.732431e+00
7.404671e+00
1.088865e+00
1.391427e+05
1.327705e+01
2.565651e+01
6.218293e-01
1.797604e+02
1.258094e+00
1.276057e-03
1.457675e-03
6.484553e-04
1.242200e+00
4.595890e+04
8.455200e-04
1.203205e+03
1.090409e+00
3.127640e-01
6.330642e-01
8.950761e-02
1.239935e-01
1.740367e+03
2.547001e-02
9.499477e+02
2.811767e-02
5.148515e-02
1.537379e-03
2.612091e+01
1.375571e+00
1.999513e-01
2.099941e+00
1.150274e+01
1.574762e-02
9.309832e+00
7.911486e-01
2.996086e-01
1.894784e+00
6.844915e-05
1.809367e-03
2.455035e-03
5.101227e-05
2.404258e-02
4.490191e-01
1.920551e-05
3.319620e-02
3.377727e+00
1.552204e+02
