1.733886e-01
4.384736e+02
2.433219e+01
4.611694e+01
2.837340e+01
1.121922e+02
2.516132e+00
1.160631e-04
6.509754e-03
1.051724e-03
6.246254e+00
6.369885e+04
1.523456e+00
8.623323e-04
4.322645e-02
1.156645e-01
1.550447e-01
7.076778e+05
2.805355e-03
3.588525e+02
7.762146e-01
2.715612e+04
4.845837e+01
1.006112e+00
5.236592e-02
8.197831e-02
6.672029e+00
3.963556e+02
2.614233e+00
1.635827e+01
3.441245e-01
2.527795e+04
8.080719e+00
2.232511e+01
3.079942e-01
1.741773e+02
1.926694e+00
4.347464e-03
8.259719e-04
1.550745e-04
5.480645e+00
7.482518e+03
5.302160e-04
7.690863e+02
5.786729e+00
2.273904e-01
5.137380e-01
1.357828e-01
1.240321e+00
1.786827e+03
3.396438e-02
9.394771e+02
1.542261e-01
5.632537e-02
2.738865e-03
2.186302e+01
9.114826e-01
1.673224e-01
2.400670e+00
2.766241e+01
3.904010e-02
8.836773e+00
7.712481e-01
1.413041e+00
1.781140e+00
1.352792e-04
1.347904e-03
2.350164e-03
9.912647e-05
1.553910e-02
1.579311e-01
9.779104e-05
1.747665e-02
1.985045e+00
2.109850e+02
