2.506402e-01
3.563000e+02
5.741575e+01
1.709207e+01
2.714623e+02
3.567227e+01
1.102884e+00
1.307506e-04
1.044542e-02
4.814290e-03
1.074024e+01
7.799172e+03
1.871049e+01
8.999193e-04
2.687905e-02
1.242205e-02
3.155648e-02
8.019931e+04
3.158207e-03
1.752145e+02
9.057471e-02
1.562790e+04
2.544616e+01
1.395147e-01
4.400614e-03
5.413341e-02
8.907804e+00
4.458816e+01
6.189844e+01
2.317621e+00
3.965135e+00
4.685012e+03
1.001239e+02
1.612952e+01
2.685524e+00
2.957071e+01
1.307959e+00
2.141301e-02
2.629430e-03
1.051907e-05
3.194597e+00
1.101923e+04
7.138335e-04
9.903075e+01
1.128962e+01
1.402204e-01
7.201237e-02
1.779189e-02
4.388965e+00
1.110101e+04
5.142828e-02
1.568814e+03
3.453749e-01
5.533065e-03
4.487323e-04
7.222329e+01
5.429235e-01
2.661280e+00
2.020145e+00
1.786299e+01
8.091578e-03
6.367662e+01
9.639595e+00
2.419651e+00
1.895612e+00
5.815473e-05
1.139098e-03
5.767942e-03
7.660529e-05
1.042425e-02
4.168080e-02
5.659768e-06
2.760714e-02
2.565008e+00
3.164243e+02
