4.367740e-01
9.507635e+02
3.106508e+01
9.032281e+01
2.924109e+02
4.057202e+01
2.208550e+00
3.934897e-05
3.977569e-03
1.916768e-03
8.356270e-01
2.163761e+04
1.419396e+01
6.231090e-04
4.426190e-02
4.565274e-01
2.838591e-02
3.833566e+05
1.328308e-02
3.878377e+03
6.675231e-01
4.208239e+04
1.098907e+01
2.460972e-01
1.005692e-02
1.292218e-01
1.496458e+01
1.052560e+03
7.036403e+00
1.265405e+01
1.106401e-01
2.131269e+03
1.292126e+01
2.539329e+01
1.654203e-01
2.608181e+01
1.055486e+00
1.549878e-03
3.893197e-03
1.817195e-05
8.907637e+01
1.825833e+03
3.849665e-03
4.053652e+03
1.297250e+00
2.380088e-02
1.077958e-01
9.978241e-02
1.534519e+00
1.058070e+04
2.705908e-02
2.044245e+02
1.850426e-01
4.560028e-02
6.355550e-04
1.988845e+00
4.089506e-01
4.942053e-02
2.335459e-01
3.775071e+01
8.477002e-02
5.311010e+01
4.520127e-01
4.549773e+00
3.522299e+00
1.867658e-03
9.669032e-03
6.426429e-03
5.390533e-05
1.131382e-02
3.956794e-01
1.589210e-04
2.079918e-02
1.181682e+00
6.704962e+01
