2.645319e-01
1.392168e+03
2.531183e+01
4.298222e+01
3.388848e+01
9.153745e+01
2.028729e+00
1.408916e-04
9.769410e-03
6.857542e-04
1.689467e+01
1.842608e+05
5.780157e+00
2.500566e-03
7.527922e-02
7.920078e-02
7.692341e-01
5.975340e+05
1.893315e-03
2.993232e+02
9.881674e-01
5.076727e+04
2.066863e+01
1.315933e+00
9.746483e-02
4.348473e-01
1.663577e+01
5.561771e+02
3.845596e+00
1.538423e+01
1.070215e+00
2.541928e+04
4.784258e+00
4.764749e+01
2.227846e-01
3.287365e+02
2.075625e+00
8.200976e-03
8.553984e-04
7.936234e-05
6.860222e+00
6.244211e+03
1.301559e-03
3.657688e+02
4.960292e+00
9.780861e-02
9.674945e-01
1.931801e-01
2.072483e+00
4.159024e+03
2.880473e-01
4.020227e+02
6.266551e-02
6.098767e-02
2.583112e-03
1.028908e+02
2.098855e+00
5.344875e-01
2.407999e+00
3.776651e+01
4.102762e-02
4.366469e+00
2.068167e+00
6.214832e-01
2.972406e+00
3.001014e-04
2.516031e-03
5.166697e-03
2.094425e-04
1.985065e-02
1.350161e-01
7.135111e-05
4.516651e-02
2.924171e+00
2.442752e+02
