3.774694e-01
6.420006e+02
5.766182e+01
6.337990e+01
6.190265e+01
5.794121e+01
1.305248e+00
2.552566e-04
1.991071e-03
6.839131e-04
3.009155e+00
3.946953e+04
2.588502e+00
3.393354e-03
2.587737e-02
1.092838e-01
3.037985e-01
2.422358e+06
2.028438e-03
6.179551e+02
1.442587e-01
1.378227e+04
1.667746e+01
1.571540e+00
7.209917e-03
4.467892e-02
1.253015e+01
1.530156e+03
2.489325e+00
2.567347e+01
9.146440e-01
3.021117e+04
7.715257e+00
1.539315e+01
4.750226e-01
1.051423e+02
1.913918e+00
2.138541e-03
1.517102e-03
9.831287e-05
4.658934e+00
6.098929e+03
8.246974e-04
4.134692e+02
1.053325e+00
2.786879e-01
1.077294e+00
2.562434e-01
8.157731e-01
1.362644e+03
4.151677e-01
4.731025e+02
7.197138e-02
5.937758e-03
2.730103e-03
1.113918e+01
1.364575e+00
3.729947e-01
1.819290e+01
2.903283e+01
7.625030e-03
5.540056e+00
1.308619e+00
6.686757e-01
2.108423e+00
7.529089e-04
3.507670e-03
3.153960e-03
2.330508e-05
1.187893e-02
1.501097e+00
3.085387e-05
4.201917e-02
2.652577e+00
1.831377e+02
