1.990849e-01
4.107884e+02
2.669100e+01
3.245469e+01
2.658487e+01
7.528589e+01
1.902691e+00
1.202213e-04
3.584439e-03
1.612966e-03
5.456222e+00
5.659157e+04
3.757214e+00
8.813073e-04
9.169358e-03
3.293797e-02
1.090541e-01
3.232178e+05
8.083989e-03
3.829382e+02
9.241308e-01
7.854508e+04
1.247304e+01
1.769450e+00
1.911304e-02
2.284861e-01
2.932654e+01
2.280600e+02
5.280032e+00
1.617407e+01
8.680476e-01
2.021853e+04
8.926147e+00
1.711702e+01
6.640471e-01
5.642071e+01
1.804406e+00
5.455642e-03
5.874634e-04
6.513921e-05
6.235754e+00
4.048044e+03
1.361644e-03
3.061554e+02
3.056249e+00
3.068637e-02
2.046397e-01
1.254574e-01
1.938147e+00
2.236740e+03
7.653670e-02
1.141424e+03
3.605505e-02
3.717159e-02
2.670569e-03
2.713005e+01
7.826955e-01
8.966367e-01
2.725040e+00
2.570363e+01
1.943603e-02
9.456241e+00
9.856669e-01
3.977878e-01
2.471492e+00
5.997141e-04
7.171882e-04
4.064352e-03
3.184251e-05
9.111854e-03
3.680610e-01
4.644005e-05
3.480592e-02
1.828900e+00
1.888393e+02
