2.424854e-01
6.188558e+02
3.508171e+01
9.800718e+01
5.217660e+01
5.198722e+01
1.218511e+00
1.777767e-04
3.568943e-03
7.313401e-04
4.932320e+00
3.216438e+04
2.277642e+00
3.284765e-03
4.715984e-02
1.847925e-01
4.758268e-01
1.918692e+06
4.028680e-03
6.428704e+02
2.266383e-01
1.101305e+04
3.284594e+01
2.286576e+00
1.175604e-02
5.603439e-02
9.228663e+00
1.610800e+03
4.758704e+00
2.326024e+01
6.839344e-01
5.752901e+04
1.029905e+01
1.768349e+01
5.608959e-01
7.604299e+01
2.171111e+00
3.236882e-03
1.146500e-03
8.783906e-05
7.679064e+00
3.957745e+03
8.141247e-04
3.722144e+02
8.477804e-01
3.973513e-01
9.819404e-01
2.637924e-01
5.616756e-01
1.053855e+03
4.819452e-01
7.997229e+02
7.542633e-02
5.819055e-03
3.148132e-03
1.052612e+01
1.332058e+00
4.263514e-01
1.672618e+01
3.148954e+01
1.102688e-02
7.149995e+00
1.193554e+00
6.877670e-01
1.863686e+00
1.019417e-03
4.731066e-03
6.431438e-03
1.412484e-05
2.129092e-02
2.012683e+00
6.495662e-05
2.433575e-02
2.830245e+00
1.564439e+02
