1.515354e-01
4.052115e+02
2.532137e+01
5.331115e+01
2.578586e+01
1.177213e+02
2.622106e+00
1.059672e-04
6.317100e-03
1.154885e-03
6.024736e+00
7.674175e+04
1.576403e+00
8.164573e-04
5.255686e-02
1.270511e-01
1.654884e-01
8.030315e+05
3.054057e-03
3.547086e+02
7.738599e-01
2.778392e+04
3.804325e+01
1.082524e+00
5.338402e-02
7.764579e-02
6.251787e+00
4.443441e+02
2.896238e+00
1.699532e+01
3.209772e-01
2.971549e+04
9.037056e+00
1.962384e+01
2.711546e-01
2.148845e+02
1.916325e+00
4.235210e-03
8.005236e-04
1.506289e-04
5.107179e+00
9.590380e+03
5.516425e-04
7.081980e+02
4.715897e+00
1.904205e-01
5.280565e-01
1.480063e-01
1.096028e+00
1.563001e+03
3.185173e-02
7.295013e+02
1.472556e-01
5.915348e-02
2.602384e-03
1.742211e+01
9.086233e-01
1.544759e-01
2.164703e+00
2.841886e+01
4.271519e-02
8.058991e+00
7.442554e-01
1.569585e+00
1.731267e+00
1.583544e-04
1.629196e-03
2.934702e-03
1.084639e-04
1.718742e-02
1.679555e-01
1.106123e-04
1.591791e-02
1.951414e+00
2.212296e+02
