1.772176e-01
9.418055e+02
2.393996e+01
5.179348e+01
7.919871e+01
2.794670e+02
1.863291e+00
1.624762e-04
2.502430e-03
1.760109e-03
4.907871e+00
1.457505e+05
1.841089e+00
2.599542e-03
1.587919e-02
1.002252e-01
1.994596e-01
5.995522e+05
1.093621e-03
5.073421e+02
1.890069e-01
1.837121e+04
1.539734e+01
1.444047e+00
3.735014e-02
5.521723e-02
2.396054e+01
4.908199e+02
1.534000e+01
1.028883e+01
4.965173e-01
6.797295e+04
9.094003e+00
1.633222e+01
7.331883e-01
5.688360e+01
1.486749e+00
1.813911e-03
9.740985e-04
1.368292e-04
3.249261e+00
8.832410e+03
1.022286e-03
9.771316e+02
2.122019e+00
1.993694e-02
6.595215e-02
1.940281e-01
1.905683e+00
1.570347e+03
4.050974e-02
1.099171e+03
2.885079e-02
1.065389e-01
2.239473e-03
6.298499e+01
9.602993e-01
9.015200e-01
1.512217e+00
8.725779e+01
1.880625e-02
1.293709e+01
5.713317e-01
9.672620e-01
2.043880e+00
1.245225e-04
1.722767e-03
1.070200e-02
5.665436e-05
3.331709e-02
1.281545e-01
2.548810e-05
1.207648e-02
2.412097e+00
2.690417e+02
