1.072903e-01
4.095707e+02
1.628365e+01
2.104619e+01
1.470821e+01
2.133918e+02
1.919702e+00
1.220984e-04
2.843080e-03
1.273995e-03
2.757768e+00
4.195715e+04
4.869179e+00
1.576883e-03
2.996982e-02
2.126035e-02
3.027568e-01
1.459071e+05
1.596659e-02
6.976844e+01
1.121355e+00
5.059973e+04
1.572269e+01
4.723474e-01
1.819581e-02
5.186994e-02
2.616593e+01
3.125209e+02
5.267469e+00
2.174675e+01
1.405325e+00
7.012027e+04
6.448616e+00
1.061823e+01
2.229957e-01
2.328994e+02
1.707230e+00
3.933731e-03
7.859657e-04
1.255241e-04
8.146682e+00
1.496340e+03
2.418095e-03
5.088562e+02
5.577048e+00
1.087524e-01
2.051859e-01
9.739935e-02
5.615584e-01
2.947258e+03
1.045825e-01
2.548152e+03
6.220790e-02
5.485790e-02
2.847147e-03
3.550925e+01
1.807588e+00
2.256666e-01
1.397382e+00
3.063192e+01
1.243880e-02
2.150036e+01
4.994001e+00
9.602297e-01
2.061545e+00
2.007471e-04
6.165815e-04
4.127725e-03
1.130651e-04
1.322013e-02
2.043133e-01
4.210231e-05
1.508189e-02
2.374013e+00
2.438330e+02
