2.876881e-01
7.274224e+02
2.444300e+01
1.449318e+01
3.142390e+01
2.681045e+01
1.221234e+00
2.931490e-04
9.138226e-03
1.192838e-03
2.485345e+00
9.407669e+04
1.378763e+00
2.027332e-03
9.434321e-03
8.104710e-02
2.558709e-01
6.535669e+05
2.611192e-02
2.186610e+02
2.898165e-01
7.071075e+04
9.023569e+00
3.995682e-01
8.899255e-02
1.040892e-01
6.370109e+01
2.055566e+02
8.577330e+00
2.215377e+01
4.480397e-01
8.805036e+04
3.631274e+01
7.467444e+00
2.446096e-01
5.211156e+01
1.746309e+00
1.147231e-03
1.119795e-03
3.394311e-05
5.815606e+01
1.551877e+04
3.344136e-03
2.979383e+02
7.007386e+00
7.036144e-02
3.566884e-01
2.207351e-02
5.605733e-01
1.129537e+04
1.903200e-02
1.222863e+03
1.401450e-01
1.261849e-01
2.101316e-03
7.153794e+01
1.892661e-01
4.976802e-01
1.136779e+00
1.600332e+01
3.953508e-02
9.172409e+00
1.281261e+00
8.309245e-01
1.883440e+00
7.799556e-04
4.482028e-03
2.581298e-03
2.685130e-05
3.224064e-03
5.095569e-01
1.202003e-04
2.464106e-02
1.659144e+00
2.060551e+02
