4.061891e-02
2.575335e+02
1.011530e+01
2.967514e+01
1.238438e+02
2.019495e+02
3.290426e+00
6.075022e-05
7.764526e-03
1.176178e-03
5.397709e+01
1.467218e+04
3.765004e-01
1.457713e-04
3.852853e-02
1.455118e-01
1.356093e-01
8.257893e+05
6.036884e-03
4.495230e+02
4.867381e-01
7.734301e+04
2.811851e+00
1.965187e-01
8.263959e-02
1.709681e-01
3.366680e+01
4.154787e+02
1.351579e+01
2.485642e+01
1.717292e-01
1.106005e+04
8.506668e+00
5.192398e+01
1.507170e+00
8.341924e+02
1.188398e+00
1.954082e-03
2.827591e-03
8.420697e-05
1.220803e+01
4.855131e+04
2.347067e-03
1.468745e+03
4.276241e+00
3.444563e-02
8.480516e-01
2.090131e-02
1.816344e+00
4.787218e+03
1.803812e-01
1.937599e+03
4.677376e-02
1.065400e-01
3.151445e-03
1.710845e+01
5.545118e-01
3.399429e-01
5.836864e+00
1.438205e+01
1.592070e-02
1.107914e+01
1.039387e+00
1.504127e+00
1.864697e+00
9.716552e-04
2.089134e-03
1.673453e-03
9.635851e-05
9.795610e-03
2.316469e-01
4.428136e-05
3.168657e-02
1.588518e+00
4.391620e+02
