1.705064e-01
5.757448e+02
2.817141e+01
8.788002e+01
5.661336e+01
1.826545e+02
1.866793e+00
7.240968e-05
7.187842e-03
2.620549e-03
4.241224e+00
4.506773e+04
1.553450e+00
6.898174e-04
2.735795e-02
5.249323e-02
3.521784e-01
6.642622e+05
2.948783e-02
1.551854e+02
2.175226e-01
6.264826e+04
1.478869e+01
1.033321e+00
6.791938e-02
1.137068e-01
1.406316e+01
4.042946e+02
2.311867e+00
9.762954e+00
9.307134e-01
2.013763e+04
1.407970e+01
1.189795e+01
8.616890e-01
1.439357e+02
1.810166e+00
2.722852e-03
8.403313e-04
1.580521e-04
7.141395e+00
1.218495e+04
1.074372e-03
1.573111e+03
4.057567e+00
5.480689e-02
4.104745e-01
4.585467e-02
8.802072e-01
3.820630e+03
9.661815e-02
2.936300e+03
5.318994e-02
2.198856e-02
6.180319e-04
7.531729e+00
1.079685e+00
5.169864e-01
1.653188e+00
1.190577e+01
1.385121e-02
7.424168e+00
8.415682e-01
2.444548e+00
1.496631e+00
2.282124e-04
8.383378e-04
1.211282e-03
1.326211e-04
5.577895e-03
1.130191e-01
3.279684e-05
1.470332e-02
2.103500e+00
2.328113e+02
