5.660143e-02
1.541180e+02
9.754832e+00
6.267915e+01
6.927771e+01
3.767799e+02
1.468881e+00
1.306422e-04
9.530234e-04
2.154978e-04
4.827672e+01
1.777773e+04
2.051847e+01
2.747477e-04
8.858884e-02
4.269255e-01
7.317306e-01
2.785417e+05
5.648117e-02
1.654117e+02
1.167256e-01
5.951988e+03
1.331686e+01
3.090079e-01
7.348722e-02
8.565837e-01
4.128592e+01
3.704981e+02
5.082762e+01
2.384214e+01
3.179850e-01
6.171469e+03
9.650439e+01
1.504397e+02
6.552142e-02
3.005555e+01
1.679073e+00
1.002872e-03
2.524698e-03
1.566429e-04
1.380782e+00
1.238594e+04
2.132141e-03
3.746520e+03
6.521714e-01
1.277246e-01
7.020607e-01
6.121848e-01
2.999568e+00
4.475192e+02
1.556680e-01
3.031824e+03
3.212260e-02
2.559320e-01
1.219679e-02
1.685710e+01
1.346330e-01
2.786912e-01
7.506705e-01
3.273738e+01
1.044761e-01
3.419709e+01
5.217006e+00
4.957553e-01
1.193185e+00
2.566689e-04
9.630095e-04
1.098577e-02
3.557146e-05
6.844140e-03
1.514280e-01
2.244320e-04
9.396077e-02
2.379307e+00
2.259972e+02
