1.992152e-01
3.379734e+02
1.853884e+01
1.449719e+01
1.367580e+01
8.686674e+01
1.221876e+00
3.063429e-04
2.004423e-03
5.654759e-04
6.561810e-01
2.275439e+04
9.604596e-01
4.429055e-04
9.929942e-03
1.468437e-02
1.566881e-01
1.457416e+05
1.703220e-03
2.724550e+02
1.464347e-01
3.507462e+04
5.259271e+00
6.624768e-01
1.678540e-02
6.769270e-02
2.194146e+01
1.233037e+02
1.610712e+01
5.949750e+00
2.981447e-01
2.530350e+04
1.910782e+01
1.077167e+01
2.197775e-01
4.380807e+01
1.610400e+00
1.472249e-03
8.140723e-04
7.823698e-05
5.843902e+00
2.804661e+03
3.422100e-04
7.255361e+02
1.191454e+00
5.426403e-02
6.423724e-02
1.102532e-01
5.937384e-01
1.646058e+03
1.898478e-02
1.360850e+03
4.784949e-02
8.429809e-02
3.899604e-04
9.377656e+00
8.221445e-01
3.273486e-01
8.611591e-01
9.694192e+00
7.724781e-03
5.997293e+00
4.322481e-01
3.298339e-01
2.191527e+00
9.861995e-05
3.566702e-03
8.919774e-04
2.569442e-05
1.903796e-02
6.586744e-01
1.856230e-05
2.077510e-02
1.967027e+00
1.663960e+02
