3.664274e-02
3.056651e+02
1.239587e+01
4.302578e+01
9.526823e+01
2.288160e+02
2.858854e+00
1.038231e-04
1.280595e-02
1.208133e-03
3.028677e+01
3.178914e+04
7.003327e-01
3.956952e-04
5.339831e-02
1.356117e-01
3.192831e-01
1.085199e+06
4.941193e-03
6.067985e+02
5.739991e-01
6.791953e+04
4.257781e+00
2.455184e-01
1.434878e-01
2.650746e-01
5.018765e+01
7.434775e+02
1.857028e+01
3.001687e+01
2.689561e-01
1.577006e+04
1.310612e+01
4.302929e+01
1.611569e+00
6.320266e+02
1.294014e+00
3.043171e-03
2.818176e-03
1.007368e-04
1.780805e+01
3.856299e+04
2.416083e-03
1.472671e+03
7.340659e+00
3.479340e-02
8.060974e-01
3.501377e-02
3.049387e+00
8.079098e+03
1.255338e-01
3.280049e+03
5.679424e-02
9.976650e-02
2.902585e-03
1.829735e+01
4.925229e-01
4.889362e-01
5.465545e+00
1.482175e+01
2.580169e-02
2.123895e+01
1.093407e+00
3.589578e+00
2.090536e+00
9.418639e-04
4.286126e-03
1.779817e-03
1.444539e-04
1.604168e-02
3.463324e-01
7.034865e-05
2.564561e-02
1.607149e+00
4.825455e+02
