2.177925e-01
3.983591e+02
2.075159e+01
1.309551e+01
4.064019e+01
1.038666e+02
1.648645e+00
4.803930e-05
2.729312e-03
7.021510e-04
2.109304e+00
1.948926e+04
9.921362e-01
2.394415e-04
9.253107e-03
2.805650e-02
3.974531e-02
6.803961e+05
2.743728e-03
1.820931e+02
1.369665e-01
1.654649e+04
4.372027e+00
2.931586e-01
6.158738e-03
3.875469e-02
4.046456e+00
1.549576e+02
8.911216e+00
3.708868e+00
2.012778e-01
8.647782e+03
5.217413e+00
6.084627e+00
1.986359e-01
1.706479e+02
1.338176e+00
2.476776e-03
6.592344e-04
6.389840e-05
3.917773e+00
5.574217e+03
1.326183e-04
2.274618e+02
7.403655e-01
5.312884e-02
1.407902e-01
1.385121e-01
5.645824e-01
1.444202e+03
1.218043e-02
7.011153e+02
8.317849e-02
1.585864e-02
7.005616e-04
5.323634e+00
4.739866e-01
1.021249e-01
1.057130e+00
2.158566e+01
9.432727e-03
2.851061e+00
5.491248e-01
3.335129e-01
1.796741e+00
1.439503e-04
3.440859e-04
5.544757e-04
6.924174e-06
5.551865e-03
2.333605e-01
2.374010e-05
1.000020e-02
1.309472e+00
1.314244e+02
