3.704767e-02
2.988019e+02
1.622309e+01
5.263451e+01
9.331098e+01
1.047582e+02
2.978765e+00
8.768104e-05
1.247373e-02
8.092825e-04
3.539822e+01
2.065850e+04
8.434761e-01
3.323737e-04
6.386049e-02
9.121602e-02
3.558964e-01
1.343261e+06
5.961320e-03
4.298351e+02
2.733464e-01
4.910844e+04
4.234792e+00
2.253787e-01
7.763949e-02
9.828052e-02
5.971239e+01
6.153144e+02
1.879375e+01
1.164366e+01
2.831152e-01
2.252640e+04
1.642400e+01
3.765473e+01
9.156415e-01
4.811002e+02
1.365043e+00
2.441685e-03
1.967529e-03
7.551355e-05
1.113241e+01
3.086707e+04
1.761265e-03
1.933020e+03
2.597668e+00
3.481613e-02
8.447385e-01
3.404263e-02
1.913996e+00
5.287212e+03
1.360519e-01
2.176367e+03
1.024754e-01
1.489642e-01
3.545243e-03
1.761472e+01
3.223299e-01
2.403790e-01
3.886161e+00
1.795666e+01
2.752084e-02
1.439233e+01
7.798173e-01
2.700234e+00
1.943133e+00
1.700792e-03
2.770590e-03
1.065612e-03
1.751277e-04
1.761325e-02
4.062064e-01
3.307049e-05
2.798444e-02
1.618841e+00
8.820629e+02
