2.985323e-01
3.157704e+02
1.725867e+01
8.852748e+00
4.453864e+01
1.031433e+02
1.808290e+00
8.009172e-05
4.031808e-03
8.977264e-04
3.546185e+00
2.146436e+04
9.152098e-01
2.290504e-04
1.697623e-02
2.799434e-02
4.171715e-02
8.339117e+05
1.924511e-03
2.609418e+02
1.440772e-01
1.701917e+04
7.705118e+00
2.281098e-01
6.901685e-03
3.543001e-02
4.595162e+00
1.916771e+02
1.015999e+01
5.089160e+00
2.387408e-01
9.595000e+03
5.511803e+00
5.505144e+00
2.070506e-01
2.812005e+02
1.569387e+00
2.360009e-03
6.374782e-04
8.977308e-05
2.045651e+00
9.079321e+03
2.359953e-04
3.000443e+02
4.660907e-01
6.145363e-02
1.666856e-01
1.999523e-01
5.200504e-01
1.418315e+03
1.914832e-02
8.425812e+02
1.705364e-01
1.687706e-02
5.960449e-04
6.780197e+00
9.353109e-01
8.652069e-02
1.333575e+00
4.629055e+01
1.153783e-02
2.795423e+00
4.343242e-01
5.476202e-01
2.028767e+00
1.586542e-04
3.108000e-04
4.053349e-04
7.214754e-06
8.326833e-03
1.191468e-01
2.739159e-05
6.899879e-03
1.320654e+00
1.458618e+02
