2.847558e-01
1.051997e+03
2.174731e+01
7.621426e+00
4.071043e+01
1.230426e+02
1.568941e+00
7.098321e-05
6.864740e-03
2.458861e-04
1.755716e+00
4.740705e+04
2.599367e+00
1.090167e-03
1.309477e-02
5.533745e-02
3.505867e-01
7.753959e+05
2.154626e-03
4.648945e+02
1.305314e-01
7.918792e+03
2.609840e+01
2.014813e+00
9.366524e-02
6.845675e-02
2.183803e+01
4.611760e+02
2.664055e+01
4.188537e+01
1.361568e-01
4.662997e+04
8.046304e+00
3.875003e+01
1.325522e-01
9.403617e+01
1.268322e+00
1.300635e-02
6.722757e-04
3.044484e-04
9.263605e+00
9.269815e+03
1.277652e-03
1.122675e+02
5.166408e+00
8.428606e-02
1.826131e-01
6.035179e-01
5.616876e-01
1.251454e+03
4.643380e-02
4.743028e+02
1.385917e-02
1.424862e-01
2.127601e-03
2.514633e+01
2.642457e-01
1.272933e-01
1.261864e+00
7.655924e+00
5.448213e-02
7.808293e+00
3.544413e-01
2.204250e+00
1.799027e+00
1.017299e-03
1.060288e-03
1.947285e-03
2.758119e-05
4.763481e-02
3.456442e-01
1.970262e-04
1.561934e-02
1.922859e+00
1.825710e+02
