1.110786e+00
2.004835e+03
3.115715e+01
2.158968e+01
2.002767e+01
7.035815e+01
2.000662e+00
1.737108e-04
1.184370e-03
5.164320e-03
9.549338e-01
2.037990e+04
1.891331e+00
7.751932e-04
4.102666e-03
8.635243e-02
2.578504e-02
1.904775e+05
2.133477e-02
3.605206e+02
3.822091e-01
1.549369e+05
3.117617e+00
9.456006e-01
1.071762e-01
5.514370e-02
1.335827e+01
2.684150e+03
6.417193e+00
1.316887e+01
5.798518e-01
1.674469e+05
5.371435e+01
9.327645e+01
4.319492e-01
1.274903e+02
1.168277e+00
1.074258e-03
1.374250e-03
2.018910e-05
6.514601e+00
2.975461e+03
9.312168e-04
1.372128e+02
1.939887e+00
1.180659e-01
6.315621e-01
2.950748e-02
8.849595e-01
1.381935e+04
6.635813e-01
6.613049e+03
1.835769e-02
4.631223e-02
4.171910e-03
1.075914e+02
1.226429e+00
1.221895e+00
1.520895e+00
2.153938e+01
1.434183e-01
4.985905e+01
2.167918e+00
2.287739e-01
1.133366e+00
2.484937e-04
7.464357e-03
1.247193e-02
2.451277e-04
1.642428e-01
2.811537e-01
2.230184e-04
1.567312e-03
3.100900e+00
1.173121e+02
