3.672741e-02
3.070415e+01
2.925051e+01
4.546615e+01
1.024697e+01
1.851133e+01
1.049767e+00
4.417448e-04
9.335577e-03
1.288707e-03
1.058195e+00
4.503040e+04
4.219930e+00
2.576747e-03
3.369706e-02
3.921909e-02
2.941474e-01
4.771734e+06
5.063319e-02
5.774649e+01
1.692350e-01
9.800143e+04
1.774420e+01
6.496144e+00
9.177310e-03
1.553763e-01
1.463463e+02
2.572741e+02
1.077280e+01
7.147993e+01
1.092857e-01
5.700322e+04
7.441623e+00
1.216337e+01
3.475402e-01
7.802086e+02
1.257550e+00
1.285407e-03
1.006358e-03
1.180077e-05
6.772837e+01
5.832467e+04
3.022569e-04
3.188210e+02
1.652791e+00
3.167930e-01
5.452852e+00
4.402996e-02
9.099687e-02
2.599099e+03
3.325960e-02
9.467104e+02
2.578281e-01
5.066625e-02
7.555173e-03
4.772625e+01
7.476718e-01
4.008837e-02
8.488669e-01
1.762499e+02
6.836164e-03
1.401799e+00
1.106812e+00
5.215249e-01
1.017508e+00
8.319319e-05
3.467911e-03
2.418801e-03
3.500000e-06
1.150808e-02
3.969506e+00
2.311945e-05
4.864357e-03
1.097485e+00
5.458930e+02
