1.108227e+00
2.070214e+03
3.036669e+01
1.787921e+01
1.587601e+01
5.509996e+01
2.006739e+00
2.106652e-04
1.644844e-03
4.977028e-03
7.871845e-01
1.651486e+04
2.332643e+00
7.664706e-04
4.653736e-03
8.584030e-02
2.480336e-02
1.900348e+05
1.938090e-02
4.550395e+02
3.626776e-01
1.247967e+05
2.720312e+00
9.322404e-01
9.351922e-02
5.776356e-02
1.148532e+01
2.999428e+03
6.251074e+00
9.172988e+00
5.059386e-01
1.555030e+05
6.068852e+01
1.035235e+02
3.663642e-01
1.074105e+02
1.168174e+00
9.425398e-04
1.533618e-03
2.100024e-05
5.396420e+00
3.181930e+03
7.900482e-04
1.444148e+02
1.884596e+00
1.080831e-01
5.256173e-01
3.505812e-02
1.122066e+00
9.600164e+03
6.805519e-01
5.453603e+03
2.008662e-02
4.111722e-02
4.744060e-03
9.377734e+01
1.309899e+00
1.278581e+00
1.551968e+00
2.299972e+01
1.288403e-01
5.299743e+01
1.720715e+00
1.639302e-01
1.145741e+00
2.160975e-04
7.137468e-03
9.253238e-03
2.174689e-04
1.656224e-01
2.593390e-01
2.518680e-04
1.753694e-03
2.907941e+00
1.282035e+02
