3.176055e-01
3.772193e+02
1.686903e+01
5.973896e+01
2.303524e+01
1.667493e+02
2.441594e+00
1.016580e-04
5.549297e-03
2.292984e-03
4.374435e+00
3.535071e+04
3.123613e+00
6.335530e-04
1.371106e-02
1.321301e-01
1.437953e-01
3.227432e+05
1.621711e-02
6.118083e+02
6.455713e-01
5.802841e+04
1.410620e+01
7.689711e-01
2.090164e-02
4.275665e-02
1.719659e+01
6.156099e+02
7.811114e+00
1.635445e+01
2.302026e-01
1.555201e+04
4.286785e+01
2.509908e+01
9.367539e-01
1.471213e+02
1.643370e+00
2.902993e-03
5.262110e-04
7.344588e-05
1.012443e+01
6.552649e+03
6.500724e-04
3.059153e+02
4.192419e+00
6.010827e-02
5.395378e-01
8.611256e-02
1.976583e+00
7.383534e+03
1.534114e-01
3.378683e+03
3.627846e-02
1.042299e-01
1.023765e-03
9.210103e+00
1.944669e+00
1.646299e-01
3.876030e+00
1.925782e+01
3.148865e-02
5.613115e+00
3.485603e+00
9.071201e-01
2.021588e+00
1.718968e-04
1.221847e-03
5.268410e-03
1.227030e-04
1.976449e-02
1.308003e-01
3.391173e-05
1.675808e-02
1.482140e+00
1.228302e+02
