2.667581e-01
3.777913e+02
2.207717e+01
3.766195e+01
3.612494e+01
1.338584e+02
3.711031e+00
2.522628e-04
9.335222e-03
2.067650e-03
4.790566e+01
2.288708e+04
5.332485e-01
2.208184e-03
2.927917e-03
3.093772e-01
3.472742e-02
1.850441e+06
1.023723e-02
9.453726e+02
3.145627e+00
2.263669e+05
7.811183e+00
3.034261e-01
3.627792e-02
2.802482e-02
8.225585e+00
2.362760e+02
1.084256e+01
4.988751e+01
1.033740e+00
6.808471e+04
1.029078e+02
1.107422e+01
1.078799e+00
8.648201e+01
1.907829e+00
1.268940e-02
3.242520e-04
1.355910e-04
5.378723e+01
1.839805e+04
4.347913e-03
7.892829e+01
3.450603e-01
1.442259e-02
3.780938e-01
2.599989e-02
4.802583e+00
3.710998e+04
1.269824e-01
2.149038e+02
9.819579e-03
2.056326e-02
2.185559e-03
2.906472e+01
3.594365e-01
8.970444e-01
3.489841e+00
3.978580e+01
5.292237e-03
1.541619e+00
3.839807e-01
1.389751e+00
1.016164e+00
3.298666e-05
2.717205e-04
1.715853e-02
1.218788e-05
1.809272e-02
5.656741e-01
1.777148e-05
1.421737e-02
2.392720e+00
1.741051e+02
