3.372852e-01
6.288161e+02
1.864623e+01
1.609409e+01
3.821613e+01
1.168017e+02
2.031235e+00
1.350952e-04
8.355407e-03
2.113568e-03
2.324065e+00
5.935429e+03
2.197134e+00
8.122948e-04
1.149572e-02
8.497844e-02
8.981098e-02
4.776418e+05
7.640886e-03
3.367316e+02
2.864494e-01
2.046468e+04
9.492887e+00
8.319686e-01
2.620442e-02
6.161493e-02
1.085116e+01
3.339627e+02
6.102433e+00
8.092969e+00
1.743276e-01
1.265602e+04
2.329966e+01
1.773728e+01
3.135376e-01
2.243315e+01
1.872745e+00
2.591233e-03
7.354777e-04
2.188478e-04
6.504708e+00
9.643305e+03
5.361456e-04
4.675686e+02
1.191293e+00
8.817984e-02
2.350733e-01
7.524529e-02
6.926228e-01
1.291783e+03
5.713741e-02
3.526293e+02
9.889767e-02
5.997752e-02
6.755401e-04
1.348847e+01
6.122029e-01
3.773342e-01
3.329841e+00
8.281825e+00
1.592960e-02
8.145399e+00
2.522331e-01
8.339006e-01
1.611093e+00
1.602821e-04
4.493185e-04
1.662313e-03
1.854037e-05
9.979477e-03
1.608495e-01
2.464753e-05
8.648700e-03
2.289167e+00
1.531745e+02
