1.844350e-01
8.607444e+02
2.496631e+01
9.209307e+01
5.826838e+01
2.083838e+02
1.786624e+00
7.282823e-05
6.410227e-03
2.155720e-03
2.988083e+00
4.101933e+04
1.340374e+00
7.871726e-04
2.922674e-02
5.981321e-02
5.593775e-01
8.171791e+05
2.771561e-02
1.403347e+02
1.965973e-01
4.433117e+04
1.980689e+01
1.337238e+00
6.977463e-02
1.154209e-01
1.809753e+01
5.452435e+02
2.423785e+00
1.158881e+01
8.474705e-01
2.058951e+04
1.008688e+01
1.259741e+01
1.019535e+00
1.316393e+02
1.612538e+00
2.867147e-03
9.021666e-04
1.720896e-04
8.385625e+00
1.640327e+04
1.286015e-03
1.949713e+03
4.305338e+00
6.107852e-02
3.932051e-01
4.262737e-02
8.137191e-01
3.376748e+03
8.403018e-02
3.227257e+03
6.970282e-02
2.605087e-02
1.021894e-03
6.826596e+00
1.164316e+00
4.006846e-01
2.083910e+00
1.232063e+01
1.477250e-02
8.801584e+00
1.151740e+00
2.795232e+00
1.522500e+00
2.694767e-04
8.669939e-04
1.625939e-03
1.781186e-04
6.266714e-03
1.007663e-01
3.063859e-05
1.763281e-02
2.046308e+00
2.341029e+02
