1.514814e-01
1.312244e+02
1.840632e+01
4.804182e+01
1.258905e+02
8.309852e+01
1.502427e+00
2.793318e-05
2.739924e-03
2.294649e-03
2.551158e+01
1.552092e+05
3.746356e+00
2.010578e-04
2.739150e-03
1.162452e-01
2.557165e-02
8.335534e+04
3.758628e-02
2.236793e+03
5.713163e-02
3.493239e+03
5.763370e+00
1.256377e+00
1.509065e-02
8.047709e-01
1.856578e+01
3.900625e+02
2.036786e+00
5.543954e+00
2.742694e+00
1.971021e+04
4.377829e+01
4.737809e+00
2.071443e-01
1.190182e+02
1.128546e+00
1.051575e-03
1.126811e-03
3.506060e-04
5.125629e+00
8.600820e+03
6.061582e-04
1.074559e+03
4.045632e+00
9.822341e-02
4.696590e-01
2.480897e-01
4.175827e+00
4.353499e+02
1.877591e-01
3.400211e+02
2.925219e-01
2.721589e-02
6.290708e-03
5.517797e+01
2.276597e-01
1.769254e+00
4.834992e-01
1.170062e+01
3.036655e-02
3.504759e+00
3.321189e+00
1.997528e-01
2.023139e+00
8.958628e-05
8.454498e-03
1.547012e-02
4.847982e-06
3.155451e-03
3.421389e-01
6.245415e-05
2.851395e-03
2.471875e+00
1.424421e+02
