5.133893e-01
5.194575e+02
2.118452e+01
4.184490e+01
1.460604e+01
1.426145e+02
2.383979e+00
2.017356e-04
3.900817e-03
7.435675e-04
5.726231e+00
2.464549e+04
3.013734e+00
6.804706e-04
9.688473e-02
3.587482e-02
2.452733e-01
8.509498e+05
3.576327e-03
1.817399e+02
1.475683e+00
8.223669e+04
2.261641e+01
9.856199e-01
9.679555e-02
1.595540e-01
1.590250e+01
5.286810e+02
1.004534e+01
1.152979e+01
6.978400e-02
1.238848e+04
2.552079e+01
1.658551e+01
2.207666e+00
7.240452e+01
1.721299e+00
1.643646e-03
1.020695e-03
1.488683e-05
4.078655e+00
1.016028e+04
6.847672e-04
9.805540e+01
6.575988e-01
1.943690e-01
1.757645e+00
2.238014e-01
1.238922e+00
7.716671e+03
1.421992e-01
1.258314e+03
9.305800e-03
1.475917e-01
5.901922e-03
2.031020e+01
1.425127e-01
7.720435e-01
2.292773e+00
1.034047e+01
2.656050e-02
1.239301e+01
2.605022e+00
1.413478e+00
1.475826e+00
9.935936e-05
4.250363e-04
1.459510e-03
3.011545e-05
4.630768e-02
1.349688e-01
1.160428e-04
7.069423e-03
2.258370e+00
1.234223e+02
