1.567197e-01
1.704986e+02
2.020629e+01
1.600933e+02
2.063595e+01
2.070294e+02
2.145610e+00
1.761039e-04
1.885319e-03
1.818780e-03
2.650135e+01
1.309298e+04
1.479184e+01
5.520285e-03
4.670451e-02
2.126601e-01
3.786060e-02
3.087407e+05
4.048735e-02
2.999924e+03
7.037587e-02
1.078038e+05
4.235941e+00
1.703757e+00
3.191907e-02
3.570052e-02
1.520638e+02
7.942964e+02
1.932684e+01
6.192818e+00
1.108927e-01
6.038392e+03
5.467920e+00
1.083317e+01
9.486923e-01
6.499955e+02
1.260490e+00
1.900569e-02
9.298824e-04
9.303159e-06
7.313609e+01
1.109303e+04
1.718088e-03
7.385047e+02
3.986618e+00
1.846686e-02
1.468131e-01
5.150072e-02
1.374655e+00
2.350398e+03
3.256149e-02
6.632328e+03
5.081656e-02
4.998937e-01
1.363396e-03
9.498366e+00
4.925855e-01
1.542269e+00
1.617504e+01
2.421248e+01
1.029391e-02
1.050113e+01
7.739986e-01
1.901429e-01
1.700173e+00
9.799672e-05
4.357400e-03
1.250972e-03
4.198168e-05
4.908802e-03
1.625542e+00
3.110790e-05
6.943510e-02
3.646816e+00
1.659591e+02
