2.223469e-01
9.289068e+02
3.164313e+01
2.512347e+01
3.982714e+01
4.024430e+01
2.244328e+00
1.347429e-04
4.387122e-03
6.027990e-04
3.407509e+00
5.032401e+04
3.052451e+00
1.482199e-04
1.445044e-02
6.086457e-02
7.822436e-02
2.220902e+06
1.985755e-03
6.847382e+02
3.964971e-01
1.510445e+04
3.229323e+01
1.689523e+00
3.448916e-02
9.957514e-02
1.017334e+01
1.761827e+02
6.137674e+00
1.305351e+01
1.217933e-01
1.020150e+04
1.843943e+01
7.074763e+00
7.721076e-01
1.173677e+03
1.347632e+00
1.107017e-03
1.120828e-03
1.301518e-04
4.434971e+00
2.387736e+04
7.154031e-04
3.413036e+02
1.156216e+00
8.844899e-02
9.473145e-01
3.359494e-01
6.312209e-01
2.357504e+03
7.451913e-02
6.872527e+02
2.218908e-02
7.512525e-02
1.171620e-03
7.641491e+00
2.888229e-01
1.802050e-01
7.262986e-01
5.385839e+01
2.747784e-02
4.342243e+00
1.652856e+00
5.562438e-01
1.398298e+00
1.428308e-03
2.669750e-04
1.881305e-03
3.181424e-05
6.438495e-03
2.048411e-01
1.315961e-04
4.211314e-03
1.709079e+00
2.668834e+02
