1.236110e-01
5.898883e+02
1.116502e+01
7.942729e+01
7.619555e+01
1.774020e+02
1.943173e+00
1.169532e-04
8.678483e-03
4.933823e-04
1.001706e+01
3.833695e+04
8.320502e-01
1.648798e-03
5.097225e-02
3.738718e-02
1.284667e-01
7.374003e+05
6.426162e-03
5.619941e+02
2.864812e-01
1.423267e+05
5.413051e+00
3.238335e+00
3.182174e-02
1.700865e-01
4.406576e+01
5.761172e+02
9.652693e+00
8.933650e+01
4.328345e-01
4.789342e+04
2.843352e+01
3.216182e+01
1.264630e+00
3.866244e+02
1.786681e+00
1.874974e-03
1.029089e-03
7.914084e-05
9.603477e+00
2.514344e+03
6.962324e-04
2.677562e+02
1.818460e+00
1.235842e-01
2.269149e+00
1.641663e-01
9.429763e-01
1.331660e+03
1.179795e-01
2.832130e+03
4.299431e-02
3.870423e-02
1.193966e-03
6.526971e+00
1.020562e+00
7.351811e-01
2.220531e+00
4.460953e+01
1.113638e-02
6.675465e+00
9.689140e-01
1.546207e+00
1.368959e+00
4.749329e-04
1.125664e-03
5.077477e-03
8.520469e-05
2.914657e-02
9.392310e-01
3.645252e-05
1.252546e-02
1.941679e+00
2.280535e+02
