6.584885e-02
3.070415e+03
1.012122e+01
2.609418e+01
1.331318e+01
1.690474e+03
1.991821e+00
1.628128e-04
2.249427e-03
6.885255e-03
3.749800e+00
1.890081e+05
1.998465e+01
4.537714e-04
4.270921e-03
4.078166e-02
5.946007e-02
3.169343e+05
8.759006e-03
1.395926e+03
1.145809e+00
4.867987e+04
4.126088e+01
9.139399e-02
2.528259e-02
7.121745e-01
3.321740e+01
1.694461e+03
1.102573e+01
2.294717e+00
1.142397e+00
5.799623e+03
8.584795e+01
1.610304e+01
4.691636e-01
1.859761e+03
2.550026e+00
9.439661e-04
4.596898e-03
2.796369e-05
1.724791e+01
2.791755e+03
5.985331e-04
2.743302e+03
5.522785e+00
1.107428e-01
1.528355e-01
3.681006e-01
2.223267e-01
7.673274e+02
2.445528e-01
1.157116e+04
1.994873e-02
8.324920e-02
1.670815e-04
7.293002e+00
5.973214e-01
2.666980e+00
6.108790e+00
4.676849e+00
9.044736e-02
2.116010e+01
3.248173e-01
8.403906e-02
1.435655e+00
1.132423e-04
3.814282e-04
1.378880e-02
1.618172e-05
2.290023e-02
3.369940e+00
1.138684e-05
5.128357e-02
2.767154e+00
1.083332e+03
