2.840595e-01
4.169372e+02
1.650614e+01
8.685616e+01
6.034255e+01
9.203826e+01
1.795063e+00
3.459207e-04
2.182955e-02
7.234984e-04
8.640643e+00
3.605721e+04
2.796792e+00
2.848693e-03
1.621483e-02
5.028122e-02
3.862978e-01
1.056551e+06
5.394186e-03
1.046245e+03
3.520504e-01
3.260285e+04
6.677656e+00
6.648060e-01
2.394312e-02
1.348059e-01
3.694243e+01
3.189603e+02
1.263579e+01
1.189641e+01
2.358315e-01
1.288979e+04
6.173823e+00
3.601703e+01
1.223743e+00
2.188894e+02
1.792457e+00
1.466984e-03
2.435236e-03
4.583793e-05
3.665207e+00
6.465145e+03
6.007444e-04
1.945784e+03
2.265423e+00
1.571961e-01
7.338925e-01
6.474554e-02
1.112599e+00
1.724014e+03
3.566125e-02
1.178968e+03
4.259597e-02
5.150706e-02
3.162744e-03
1.465894e+01
8.155697e-01
2.343444e-01
1.213389e+00
5.533274e+01
1.625585e-02
5.110188e+00
1.181893e+00
1.167984e+00
2.131993e+00
3.771515e-04
3.243861e-03
1.797169e-03
1.138226e-05
6.885814e-02
9.838017e-01
4.348641e-05
1.100853e-02
1.990772e+00
1.355502e+02
