1.074576e-01
5.086237e+02
1.281393e+01
1.056409e+02
6.001892e+01
2.103645e+02
2.175845e+00
1.169635e-04
8.926126e-03
5.325225e-04
1.577854e+01
4.966054e+04
1.066376e+00
1.910812e-03
4.725709e-02
4.119818e-02
1.436104e-01
5.519811e+05
8.513625e-03
6.795249e+02
3.314709e-01
1.377241e+05
6.823859e+00
4.739002e+00
3.764031e-02
2.017230e-01
5.548934e+01
5.344235e+02
1.079528e+01
8.368232e+01
3.797888e-01
3.874730e+04
2.408437e+01
4.574601e+01
1.571844e+00
3.326392e+02
1.627274e+00
2.709902e-03
1.225730e-03
8.322421e-05
8.401149e+00
3.133662e+03
7.431996e-04
2.986211e+02
2.494755e+00
1.239504e-01
2.997792e+00
1.313595e-01
1.326083e+00
1.441790e+03
1.347372e-01
3.653548e+03
3.473161e-02
5.065391e-02
1.161902e-03
8.121690e+00
6.612617e-01
1.306797e+00
2.812382e+00
4.177731e+01
1.169000e-02
7.341763e+00
9.247874e-01
1.274079e+00
1.433756e+00
4.497455e-04
1.459213e-03
5.656130e-03
8.286873e-05
3.065142e-02
1.318442e+00
3.722324e-05
2.181045e-02
2.232431e+00
2.598204e+02
