3.928274e-01
5.797633e+02
2.239204e+01
1.582599e+02
1.760848e+02
4.593289e+02
2.911365e+00
2.735322e-05
3.288938e-03
2.541656e-04
4.365220e+00
7.472410e+04
8.429823e-01
7.660736e-03
1.485744e-01
2.505825e-02
3.024883e-01
2.565534e+06
1.149763e-02
2.019146e+02
3.846057e-01
2.709962e+05
8.279641e+00
5.742102e+00
3.697087e-02
5.693892e-02
2.082333e+01
1.047071e+02
1.652347e+01
4.582073e+01
5.731785e-01
5.648513e+04
7.936997e+01
6.956445e+01
1.909722e+00
2.149423e+02
2.023999e+00
8.198301e-04
2.796312e-03
2.265288e-05
1.314326e+01
2.251341e+04
1.139571e-04
4.902059e+02
1.025086e+01
6.130428e-01
4.821552e-01
5.996238e-01
1.003893e+00
1.704523e+03
1.874233e-01
1.829918e+03
5.437683e-02
1.536157e-02
6.745651e-03
2.391501e+01
1.851705e-01
2.185424e-01
1.286496e+00
1.762918e+02
8.198551e-02
3.566588e+00
3.867062e+00
2.607485e+00
1.088245e+00
7.722363e-04
1.387357e-03
1.632204e-02
8.803207e-06
5.853178e-02
8.450567e-01
2.307425e-04
4.836598e-03
1.817200e+00
1.447552e+02
