3.866250e-01
4.221127e+02
1.579861e+01
1.226941e+02
5.637068e+01
7.908858e+01
1.940938e+00
2.994941e-04
2.304788e-02
6.114824e-04
1.003242e+01
5.211480e+04
2.340670e+00
3.666376e-03
1.204195e-02
6.639407e-02
2.548510e-01
1.746547e+06
3.797819e-03
1.523713e+03
4.014667e-01
4.331459e+04
8.423394e+00
7.757331e-01
2.487427e-02
1.218012e-01
6.614061e+01
5.236516e+02
1.044224e+01
1.216255e+01
2.780997e-01
2.851741e+04
8.518104e+00
3.384449e+01
1.094864e+00
2.936856e+02
2.138655e+00
1.950242e-03
2.686454e-03
2.577778e-05
3.684871e+00
6.437264e+03
8.186418e-04
1.093188e+03
2.131668e+00
1.753371e-01
4.112428e-01
1.104035e-01
9.435911e-01
1.395679e+03
4.153020e-02
1.393844e+03
6.142751e-02
6.458227e-02
6.754607e-03
1.519052e+01
9.454608e-01
4.978334e-01
1.114836e+00
1.060296e+02
2.648968e-02
9.509932e+00
1.103783e+00
9.992682e-01
2.296045e+00
3.379205e-04
2.666780e-03
1.945506e-03
1.681301e-05
3.704996e-02
1.010248e+00
5.936849e-05
1.350850e-02
2.000516e+00
1.374190e+02
