4.157308e-01
7.106979e+02
2.585999e+01
1.693158e+02
1.781162e+02
4.235648e+02
2.758284e+00
3.947323e-05
4.271669e-03
2.588247e-04
4.944716e+00
6.997828e+04
8.084075e-01
1.024132e-02
1.731219e-01
3.334041e-02
2.569574e-01
3.626426e+06
9.966122e-03
2.423667e+02
2.278144e-01
1.945977e+05
1.082411e+01
4.980349e+00
5.827645e-02
4.918719e-02
1.842725e+01
1.132661e+02
1.674757e+01
4.215621e+01
7.196628e-01
4.382575e+04
6.992121e+01
9.320977e+01
1.637802e+00
1.787855e+02
2.028908e+00
7.655619e-04
2.445311e-03
2.622172e-05
1.006418e+01
1.902170e+04
1.596086e-04
4.715248e+02
8.406909e+00
5.315504e-01
4.431404e-01
9.013896e-01
9.595328e-01
1.785510e+03
1.805787e-01
2.159266e+03
6.344023e-02
2.028792e-02
8.063227e-03
3.350871e+01
1.408804e-01
2.812793e-01
1.931699e+00
1.893511e+02
1.002428e-01
3.650542e+00
4.019778e+00
2.297165e+00
1.183017e+00
1.228089e-03
1.077119e-03
1.780121e-02
6.628721e-06
5.363321e-02
7.981795e-01
2.944393e-04
4.409812e-03
2.079574e+00
1.459829e+02
