1.137925e-01
7.593761e+02
1.657677e+01
9.713295e+01
5.583851e+01
2.334942e+02
2.142713e+00
1.235772e-04
6.382720e-03
6.434755e-04
1.435687e+01
6.481292e+04
1.375630e+00
1.813263e-03
4.619220e-02
3.895175e-02
1.257833e-01
5.829460e+05
6.014064e-03
9.714470e+02
3.516413e-01
1.235256e+05
6.628832e+00
5.370265e+00
3.630357e-02
2.237255e-01
5.719136e+01
4.840055e+02
1.204119e+01
7.760308e+01
4.303224e-01
3.695914e+04
2.559416e+01
4.089721e+01
1.343153e+00
2.723045e+02
1.606879e+00
2.806518e-03
1.155178e-03
6.902256e-05
7.858076e+00
4.100941e+03
6.316244e-04
2.525411e+02
3.046095e+00
1.422888e-01
2.567267e+00
1.753694e-01
1.584908e+00
1.515137e+03
1.303115e-01
4.939416e+03
3.306774e-02
5.060657e-02
1.105471e-03
1.012660e+01
5.704761e-01
1.262460e+00
3.625963e+00
3.545460e+01
1.093093e-02
9.191208e+00
8.374894e-01
1.051392e+00
1.478138e+00
5.782559e-04
1.399890e-03
5.669198e-03
8.288703e-05
3.531246e-02
1.215685e+00
5.097304e-05
2.147860e-02
2.167011e+00
2.734644e+02
