9.221496e-02
1.562791e+03
1.557865e+01
1.072525e+01
1.125403e+02
7.813571e+01
1.000000e+00
3.182300e-04
3.900427e-02
1.525619e-04
5.939292e+00
2.011055e+04
4.849112e-01
1.172165e-04
2.939847e-03
2.597337e-02
1.719681e-01
8.655243e+05
5.010945e-03
1.456526e+03
2.689196e-01
6.032095e+04
9.195719e+00
4.123217e-01
1.613210e-02
8.457151e-02
1.310998e+02
1.129985e+02
4.513572e+00
2.115881e+01
4.436084e-01
1.646041e+05
4.261667e+00
1.457977e+01
6.552142e-02
8.668366e+01
3.944056e+00
2.406479e-02
1.003506e-03
7.650000e-06
1.264552e+00
2.186095e+03
4.178224e-03
1.875132e+02
5.487707e+00
2.603443e-02
8.232766e-02
1.205212e+00
9.099687e-02
1.554538e+03
3.739773e-02
3.898515e+02
7.834431e-03
6.415194e-02
2.875314e-03
1.580784e+00
2.150520e+00
1.401132e+00
1.825642e+00
1.154459e+02
6.812034e-02
2.399235e+00
4.020452e+00
6.374901e-02
3.070917e+00
2.704880e-05
1.416072e-02
3.692064e-04
1.611361e-05
5.906743e-02
1.196562e-01
1.400470e-05
4.251006e-02
2.202630e+00
5.461335e+02
