1.952652e+00
1.451264e+03
2.711021e+01
1.224939e+01
2.795980e+02
1.579430e+03
1.089374e+00
2.921390e-05
3.213592e-03
4.360799e-03
1.927015e+01
2.091155e+05
1.109157e+00
4.589295e-03
2.127770e-02
1.524560e-01
7.230342e-01
4.217118e+06
5.332289e-02
1.221293e+02
2.569478e-01
4.850991e+04
3.044463e+01
4.139739e+00
4.066134e-02
2.067295e-02
5.154249e+01
1.566482e+03
3.332889e+01
3.675065e+01
1.634061e-01
1.010262e+04
4.192685e+00
2.087983e+01
2.935372e+00
3.068352e+01
1.800417e+00
1.295157e-03
4.931890e-03
3.070052e-05
1.685803e+01
2.832968e+04
2.093219e-04
3.057894e+02
3.343325e+00
5.065263e-01
2.360229e+00
9.514311e-02
1.036401e+00
6.427929e+03
1.738885e-01
1.590875e+03
2.548670e-02
3.721996e-02
2.257555e-03
7.832424e+01
7.341550e-01
2.888467e+00
8.423094e-01
1.246065e+01
9.635942e-02
2.185883e+00
1.550901e-01
1.994725e-01
2.385833e+00
2.097779e-03
2.592862e-04
1.673514e-03
1.312970e-05
6.997774e-02
1.017004e+00
6.349307e-05
9.734513e-03
1.004062e+00
7.958721e+01
