5.021468e-01
1.285459e+03
1.460278e+01
1.587246e+01
5.048387e+01
7.329501e+02
1.759855e+00
3.144061e-05
4.074703e-03
3.126316e-03
9.844590e+00
2.051484e+05
2.268375e+00
1.031640e-03
3.524218e-02
3.947302e-01
3.808350e-01
2.093848e+06
5.465817e-02
1.993334e+02
3.706649e-01
3.264333e+04
2.752350e+01
3.220696e+00
2.189632e-02
5.283397e-02
3.056365e+01
1.027881e+03
9.760599e+00
2.613426e+01
1.335962e-01
7.101526e+03
9.351554e+00
8.828152e+00
2.742167e-01
7.628172e+01
1.417638e+00
1.339653e-03
2.328730e-03
6.613296e-05
2.295761e+01
1.127794e+04
3.869679e-04
3.347638e+02
4.242301e+00
2.446493e-01
4.924716e-01
1.041882e-01
1.408280e+00
1.715729e+03
3.390799e-02
2.318489e+03
8.262234e-03
5.099329e-02
1.041392e-03
6.252166e+01
8.455184e-01
1.569567e+00
1.999343e+00
1.838941e+01
7.672427e-02
5.877671e+00
5.344851e-01
1.200657e-01
1.550254e+00
1.198623e-03
1.647230e-04
3.884722e-03
3.732838e-05
2.421683e-02
4.989234e-01
5.280885e-05
8.931366e-03
1.721640e+00
1.591874e+02
