4.519112e-01
3.175289e+02
3.573186e+01
2.605889e+01
7.147034e+01
5.214450e+01
2.206672e+00
5.319458e-05
2.365366e-03
2.286563e-03
1.936540e+01
1.410272e+05
5.369238e+00
1.482021e-04
2.527755e-03
1.438409e-01
7.023364e-02
2.198467e+05
1.779286e-02
3.371962e+03
1.369446e-01
5.924762e+03
1.519656e+01
9.157226e-01
2.093835e-02
8.288535e-01
6.114789e+01
7.053167e+02
2.493668e+00
6.799902e+00
4.060597e+00
2.632754e+04
7.958748e+01
1.546752e+01
2.243114e-01
1.808435e+02
1.174382e+00
1.268725e-03
1.844910e-03
4.764813e-04
2.130743e+00
1.701619e+04
1.401998e-03
9.139941e+02
5.708453e+00
1.048499e-01
8.130444e-01
3.725731e-01
3.081338e+00
4.662429e+02
2.387314e-01
3.680455e+02
3.733809e-01
7.067892e-02
1.175865e-02
1.023024e+02
4.143819e-01
1.320158e+00
4.502061e-01
4.561437e+01
3.734618e-02
3.299623e+00
8.639285e+00
5.715715e-01
1.901398e+00
1.512541e-04
1.336607e-02
1.389205e-02
6.081111e-06
3.880549e-03
7.985693e-01
4.876601e-05
5.038413e-03
2.713667e+00
1.049160e+02
