2.605563e-01
6.100970e+02
2.223903e+01
1.265836e+02
2.453029e+02
3.576717e+02
2.450068e+00
2.926996e-05
4.479439e-03
1.927206e-04
3.769828e+00
7.209503e+04
7.474921e-01
7.791806e-03
1.050374e-01
3.291687e-02
3.076677e-01
2.714649e+06
1.802547e-02
2.247324e+02
2.161798e-01
1.808234e+05
8.033583e+00
4.384309e+00
3.867124e-02
6.313349e-02
2.145380e+01
1.305561e+02
9.610811e+00
4.543471e+01
5.427996e-01
4.245239e+04
5.305487e+01
5.238726e+01
1.412571e+00
8.690740e+01
1.834644e+00
9.009606e-04
2.187639e-03
1.754301e-05
6.623053e+00
1.174178e+04
1.037179e-04
2.179098e+02
8.954670e+00
5.332978e-01
3.253083e-01
1.272841e+00
6.092575e-01
1.452789e+03
1.638137e-01
1.200036e+03
4.071113e-02
2.038222e-02
8.220783e-03
2.077992e+01
1.184016e-01
3.504424e-01
7.863629e-01
9.591032e+01
5.202013e-02
2.738546e+00
3.424992e+00
1.835373e+00
1.048414e+00
5.735764e-04
1.632621e-03
1.273289e-02
5.768684e-06
8.132079e-02
7.864309e-01
1.942793e-04
3.090476e-03
2.109851e+00
1.460223e+02
